8.067005797504722
-11.906338278847773
5.931371964237493
-8.75207801504313
-6.746332175535996
-10.55395472370655
12.427166109867773
8.810927701082141
12.282382662591278
12.954892500579295
10.369269018287584
4.719594230121508
4.608497726699185
14.520623680453681
15.833722918769439
11.18060148727519
12.845598009039746
16.722706202869883
14.494620906135196
7.128531650291485
18.072126489778988
16.614770015438726
20.219150247055786
12.673287710117908
11.414518736032935
13.993605409519462
20.171697784212505
17.60056965310098
20.323783149617622
10.9401139797886
17.864875699191415
10.342993147642563
7.657442201242209
13.095690644796875
18.82703179165507
14.237837688059019
12.087543252772553
12.529125126374305
14.846957130930775
7.483624942997821
3.5385532241069364
0.9351413220155683
-0.8454760807779594
7.252604712085277
4.755881256788495
1.5922637588191173
5.989506903814685
7.486737805986145
-3.7087249168285936
6.029020836466224
4.484111347953603
3.7454958300513272
7.929712502639024
10.069765393064895
1.2629719281328948
10.405197630390068
3.1657194161155418
1.9122864337126688
-4.785906216686522
7.4997310013633
6.642300984885091
-2.77235008403341
-6.079568414523974
10.141264350494454
6.823787299344781
15.704954258684117
11.096284633729008
7.849625302096357
13.631287407969083
8.673756570666953
13.212353504538122
10.572545019745826
13.021794159445696
9.649215254648743
7.76703294854162
7.921282782851795
18.222409399982826
13.183750334225515
11.83866790178431
6.693924827121434
-0.3992698103687947
-9.805963095153377
7.5069845940480855
18.96996705910621
15.850945220872513
14.04670646281652
13.335951255255006
22.79880462956166
13.659562276341637
11.947780577245519
14.650839040767371
12.468408440973418
11.313267155959423
16.695724467826288
8.305995447015732
8.908784305871782
11.988194858998769
15.316869304080406
12.182277785418773
8.346856839567865
7.253551716533949
8.957832577182696
11.763508067049264
7.935684686156864
6.398955904943467
6.068656866357927
16.80392373421511
13.554097156714866
14.736876250956707
17.258870088967466
-11.565040170233672
-17.4251693645591
11.681929959846244
12.604294107854082
-13.38863996434897
-9.45872477825876
-12.873404726329463
-13.105563874915873
-14.334312747143791
-15.297662521508562
-17.28060149910204
-12.979664764434332
-12.22753498483943
7.720972443831728
-7.56444578226005
-7.712989923541431
-7.439749177722446
-6.448965076087992
10.738111397583229
13.393930636826383
-7.878447482816911
-11.229750495213274
-9.501554729257927
-11.956276793887255
-15.676492006554685
7.387920378427278
-14.611087218851921
-11.53242558465746
4.147605744461334
2.7152145444935427
-2.663135556339567
-7.8554649817466125
-4.000833598234233
8.92096310941828
-5.441790976262914
-8.140598790377242
-8.794534598529344
-2.9038321743495485
10.959112584346997
11.09266313313363
-5.436764389012672
-3.731946107782038
10.777996713951222
13.431148411481171
19.851920001143192
11.016470794381569
12.669952587274645
13.556420652072507
7.286773644728731
8.776622147498657
10.488013041753002
-10.29815477462202
-3.6858182321838484
4.05799035770678
-3.456774519531062
3.6100511746282273
6.209894543472009
-5.318757085999129
-4.945202307520984
-10.735970475956215
-5.981877412744765
-23.663979089412603
-29.138378739137394
-18.907411042841478
-17.821638329051087
-16.398239036611447
-19.39600074156621
-15.858858500318437
-21.035180009492382
-20.913619089936187
-16.22368210906694
-8.439418826010694
-9.412409692879958
-9.418113805238445
-13.076024606345387
-10.804896322072475
-2.4170533821728695
-11.962990672615858
-11.412293137961981
-11.83835926312018
-15.479282148414322
-20.553184162156224
-15.934638856010068
-12.232096050427275
-14.015936560584471
-16.950582953830096
-18.07533891115297
-17.012277315744033
-21.286356555957582
-15.237716238923213
-16.728382577076825
-22.674757951118398
-20.964915764491007
-9.610434251458718
-8.98480184229012
1.201347236789785
-6.145696259616078
-6.264583176332295
-3.0619176211824897
-3.482367401621939
-4.068793949324238
-6.951341564450374
-4.993048107218586
-5.4687138268323325
-6.958731209918276
-5.7308369598723985
-5.952000649874859
-2.903208110328904
-4.854399087769323
-2.0865179308071014
-5.150824339812456
-1.5827141412098051
-5.997327517379396
-4.665336124001593
2.9200167748605144
5.845697806641486
4.165998970498125
-3.9677603788124185
3.5519559908889393
-6.872388320277025
6.6794790200899
-2.8781161393100425
3.6103443849417856
6.637490893057915
4.662312414858157
-4.699025989565443
-11.640766935558082
-13.571797726694275
-7.6744452013410545
-6.2192003543468966
-6.154413266195897
-9.206463103349295
-6.052237879523449
-1.865265075121615
-5.949926502048252
2.050947069983949
-4.285475275087229
-4.824405945841264
-7.95340413677631
-1.5285487958537136
-3.8410409384289497
1.1909175526454594
-2.844248498438209
-5.248278219789037
-1.267908247397342
-6.528954997134432
-5.739099268253052
-5.03073397383816
1.8989200529376116
-3.8468028043576776
-4.9864288982909715
-0.7865478324255705
4.5077921858801835
-6.042290127568521
-3.5538333276226073
-2.5194825439348363
-4.545925754367902
-2.9382832200401334
-4.317346405130804
-2.016338168823252
-4.7983174648534686
-6.993157232522255
-9.111034800903644
-6.76717674840237
-1.2114787312707214
-6.619987263910865
-6.701514393310569
-10.571225289847431
-5.169600584956851
-9.238627432431704
-9.09439372655658
-10.253865002592592
-7.527772400527021
-6.815411805960123
-6.621276212449544
-7.07588087108169
-4.894270138949372
-7.5105119240604665
-5.615461676014181
-4.979459410516509
-4.862382858381826
-9.375015046327952
-14.177062391725203
-11.188908972505082
-8.290426238000954
-5.578909777635193
-11.362454158428992
-4.981389163673343
-5.726439430029746
-4.185669251248022
-3.5921897799157794
-5.834517803295113
-4.440053139333858
-6.460146093195547
-7.166451976384546
-2.262591783995347
-3.832030968842643
-5.763800807084113
-11.072464029837551
-8.249359537882391
-13.557192519950535
-9.752249267475722
1.538706527485456
-4.906503611565394
-2.9787537980560224
-2.114989965947029
-3.154049957639776
-3.7198822727220278
-7.0185008854204165
-1.49281285157431
-6.209763014887289
-2.4136870521398732
-2.481753448465126
-2.2746935001886786
-6.381951109359488
-4.605287717941348
-4.287912014733952
-3.63782591385696
-4.368059283974429
-6.446296255562508
-7.626631212015058
-9.516623250157846
-9.104522211003172
-9.354475423305022
-8.252583163901194
-4.511775352517858
4.08255035491478
-9.198208199473605
-4.69907904583235
2.309302609632167
2.248505767138675
-2.561017385610066
3.3586068182529503
-2.5544095920445025
3.382672937434841
2.777058181663154
4.8819453893930636
3.7459247747419764
5.077693830933955
3.330978000691443
2.227980632449327
9.142030009545326
3.032534340976355
3.1772589945334038
2.15198062435343
6.305202896921793
5.985540281071274
4.349531496100662
5.03144011354651
4.470228778920749
2.315221271537765
-0.6694543202076219
4.685038309422896
2.5250541426806024
4.280214021038969
1.9241795260275871
-1.584862685068188
-0.8255602126244724
2.7614705255392007
0.9398462652292842
3.7438768087861534
5.917819337077182
0.10045690653530864
3.2881465014959415
3.0736557325891067
1.8154521195918654
-4.311078682441128
-6.309137036736653
-5.745546591823331
-4.061046664905645
4.134364931946269
5.991596620922992
7.4152758658282005
5.625833191527971
4.360364003930813
6.680730405469664
5.868893166757082
7.349747314119795
4.021241560263313
-1.6683025903074893
5.133722752025787
-1.9334433020798447
3.3212036172753794
6.711089595255539
3.1805761714870515
-2.5214036571665006
4.0768672842981575
3.561879285879795
6.555653686035429
2.0621488071525493
2.981134114711078
3.0854956756924703
2.0769992933351005
-1.3875579192567349
-3.9034912486929723
1.413537489577185
-2.974564336073286
-1.5637150540127942
-1.2250688503840568
-2.960100594265837
-3.558115829910989
-2.0172253847677672
-5.940293876781038
-4.374361944729479
-1.2624600200716685
3.6299522429189244
-7.252262786629055
-6.062917848366139
-1.2682368690873156
-0.5159008112190848
-7.600625946513351
-2.1974287241211043
-3.079245681846814
3.061521226445821
5.546357481175379
-2.174013179996401
-2.889245471644163
-1.7166326599604629
1.1813250155127306
14.786153685504477
7.288293852564541
8.574089105857993
7.446167579828041
-6.401221311616046
6.026071677439006
-4.554300838662271
6.549674046477423
9.546228327101302
10.40438817009727
4.441601885466312
5.705569837742236
5.1880005649774
10.15997435240123
3.4498045570951454
11.099463803845039
-3.7008428462382623
8.399050752383436
6.8827875208126255
4.302313833801794
-3.9939886462051213
-2.471291568066713
4.874297055280839
-3.0969389293848923
5.107256710809897
1.867812832920688
5.267174637642256
-3.1022096390138025
6.16239982899496
5.880062978320599
6.086555659629038
-1.7717220494045178
8.403134798182801
4.0770530715015845
2.981231261411538
8.406358092097035
10.303373339107377
3.7574764459048673
4.962609844769316
5.133284105279066
5.209960404329977
3.1937281766268755
4.79609676073577
2.127913201588915
6.464596763210367
-4.730417879300725
-2.6076542098602125
5.053701308330063
4.399835665433518
-0.292596539486305
3.8632467290633254
4.358543974918587
4.274037265989162
3.819512400861946
5.599436561911783
-5.949280263758961
-1.9541274037773355
2.2364757858060855
-2.5485594723571294
-6.775959288278668
-6.50617760181634
-4.229105163774926
-1.9582428867925297
6.060862727591907
1.9388317935223793
4.821328580707697
1.2011415529719232
