19.299188946732492
24.754608891402103
21.490447643374036
23.80850320861865
26.031435811930777
27.724545101134186
29.133440922972067
30.891909619434216
38.325121929671816
31.43771312868963
45.14662504229472
32.25711929691203
36.65696436797579
35.2124822888987
32.88081599019565
39.46782095609342
32.164083718533206
31.135477050281178
24.065648194728357
26.880727107773165
30.658804988435765
32.69598317725892
29.741461813455896
22.15167414187104
30.720731068299063
22.949761751673243
16.25482444177607
15.15498906792329
17.013516956073513
23.22432809456015
26.819965371420032
17.324904061548924
14.810881943304619
14.961851606802103
15.741788311473462
12.549197174413038
10.030972493225928
14.734009951072942
-5.57559058318767
13.665589917058805
16.200070203960014
14.298758380268943
8.246787748257713
11.34528520216908
13.846851628401321
8.59627207422417
6.6649877545001495
7.719364821084859
10.376069358313098
18.57066840863362
9.909503571739945
10.788917615874096
9.134164038507958
7.3681559820799105
4.697751512440367
12.7004578249169
17.06607386830477
15.38462733981246
5.95906086683378
10.710740339444968
25.282153766390216
10.527787674235753
16.228802290436487
8.06345794399895
1.3346129912753484
7.450445877559335
10.520702264790879
14.139347350568507
14.656997740312635
9.805603790536546
7.38097876936467
11.803356499434683
14.293759826066152
11.424644789947099
8.522733385435378
7.923603082336953
8.51505700597125
4.305843315224892
9.800194244113856
16.460397813302286
13.754177424680197
5.172664203236896
6.504419822760569
14.748857898240676
9.324078686060533
-9.998787737200304
6.5823655257670195
5.4361277854778285
3.6695692717478705
-6.211640215024764
8.149543721535418
5.888639378451102
6.7550188188493
5.458853037113333
4.629268877129958
5.162349344849312
9.627960303625043
8.891719203413025
8.673843770476058
11.190405615091617
13.356945430776925
7.273627043700758
8.850390624534741
7.141621304017731
14.590877209953403
8.33867682133169
11.056776105464117
11.761237846681553
11.195955691931578
20.159296893655586
14.693206490362648
21.862330347545637
11.898067215255343
8.624864757782502
3.174888564707311
5.009060483051861
6.300598962167837
4.905639795943096
2.9849419952375906
9.38547284347514
13.321687455764412
20.121655629218804
15.713602540648438
19.604846359237538
14.73029494248186
16.73032856994253
10.504817687464238
15.177449099455817
14.72000664773869
10.987383051350903
13.091064919107732
12.593985031099935
11.28920947622142
14.160659171661646
15.44396137635908
14.834926360911735
15.29879693543109
23.130103996495006
14.816653587397246
10.964381855059194
11.876237669837588
12.058998387105932
4.5010869824429145
7.127452614727714
11.206011247626227
13.606836022467752
7.101077507988405
8.928541562801067
9.255040604908576
12.38803499982748
13.761251688072903
-5.345182824298175
-3.9048846514399465
7.001122483774858
12.438622127281777
11.107018448325437
12.963053434745479
8.781060401766304
13.617654094046566
18.001693137663143
9.72707390259529
8.041702615639398
-6.632292620621232
6.254997482588429
7.377781988719115
10.95541348067173
9.402315037625971
13.82133011766354
11.094175692285829
