-25.34352471619158
-23.846107345436824
-21.44128270769075
-27.13679176629761
-30.664233886301638
-16.726351605684872
-23.79557764630435
-18.247851106055535
-23.80662716801623
-23.376782649309476
-24.31198172075419
-14.494663829244328
-21.891122526261277
-27.338136239980486
-20.573491935971724
-18.356264707435088
-18.932287095491343
-17.484210096535584
-20.430135106341208
-26.821476924813886
-21.618492821869857
-24.315456349412198
-20.54809669621457
-25.996495112504125
-24.163360088919923
-24.214498350998923
-19.419307203634194
-17.668046958276857
-26.018756101022596
-33.50626416415714
-29.413385789162856
-25.51825251202827
-20.96002118460627
-22.29814053859558
-17.744022752928306
-23.28081337497726
-19.863073819053707
-30.93463776757198
-23.508876976977223
-22.506376012857938
-25.698770612638892
-24.940623020072813
-22.8639837901549
-23.008327043387585
-27.064865496127076
-22.311583840364804
-28.292110524279156
-24.625791771036063
-26.817484175939136
-27.485158158174368
-26.54123000163656
-36.64502371043398
-29.032672067032696
-28.271865149567212
-28.81588406193077
-23.71545886747851
-23.036826626283556
-25.902625408171737
-28.637132110882295
-19.839182291549722
-26.102411330763115
-32.00464836439016
-30.235367426864308
-29.35444126552892
-24.662524810479475
-26.74625561826397
-25.78957837318556
-25.01067056902638
-19.571299108131456
-20.59761779515649
-21.60475896620553
-25.164747146128313
-25.16151393072025
-22.768916453514304
-24.083463861383738
-26.577227545454633
-23.376387774637365
-24.138627985357402
-22.99086441145517
-19.626685562658345
-27.469142866880237
-23.144842992998232
-22.71897360807272
-22.065656359287583
-23.73022126051622
-26.66612941174075
-24.28391237784174
-27.451944360476553
-28.35042406585126
-27.427266514628077
-22.740423420415183
-29.027504579445498
-27.16881967451173
-30.12616484326206
-27.614178053277968
-22.321378747598043
-20.998873596123538
-26.973869454729723
-25.745395224628897
-25.41215765049497
-22.105289497134404
-24.086914001993954
-25.590156996000744
-27.92167563755494
-24.857625589384885
-26.088151826630693
-32.54766455649781
-23.082500101698777
-26.671241869961456
-31.4414034119509
-29.247150019368434
-23.39042812505517
-22.882718630482863
-25.069408907864336
-19.264658691008975
-25.454265900873537
-26.262917347607086
-24.0783156811558
-23.767325017826856
-24.353922218166232
-22.91677087996462
-24.2649857162665
-23.52436093638344
-26.025714016384626
-29.330999291958374
-26.16355757916553
-25.542940289407113
-26.82784823996829
-25.46075435601953
-30.87358073022416
-25.511859725635436
-27.0475535361324
-27.21620506866225
-27.075645805248474
-30.786965937133022
-21.638502613523848
-28.120676327277604
-26.709865126801546
-32.03212881705646
-29.27374766663907
-23.764822003360443
-28.99209824375635
-23.59711417457777
-28.92395981728706
-27.72850080484568
-19.222888800394934
-27.672019454171604
-26.04629579598664
-26.664274207825088
-22.52476126664303
-23.98521793428532
-21.71144145443715
-23.082277139893293
-23.460135149265255
-25.343286250353238
-24.71529688542841
-32.28064673503
