2.3463182265559173
4.896834070930107
7.048576314840413
9.655101261999807
10.091831674473683
7.095399739847068
7.257021177790347
9.134614836487591
10.43689979726742
6.779131819149797
4.770495469659653
3.8476600065641735
-8.59918132006435
6.4145783061577255
12.203924568886986
5.942427594588323
15.250140028812917
-1.0383729686759156
-3.3610353743787917
11.262079151900027
3.2890504352372485
-7.9069016174537206
9.623650230713942
15.406057755937187
16.23163843295107
8.284176946854583
10.089954082006253
6.953415199757904
8.97843874428651
9.270825244077402
17.48625570492944
16.471222919848167
6.678223395728343
9.830850591325214
14.252503283953867
17.673095985290118
18.499062144064148
16.218983564624804
9.365586609770226
20.278494616737152
9.436055523621793
12.567549086145766
16.059303249257354
10.39565238122542
3.7892978548036766
8.680043436065965
10.027150726052836
14.8096685331826
14.96386768522368
13.76408283024722
8.852187582387545
6.538957514882812
10.474583438168969
10.775217100169883
9.431644063684919
7.8715494298810516
13.806082265585523
7.560100369695005
16.652037081618392
16.583135340134245
19.86568893613014
18.828825045661027
24.18138499764961
29.83612296095372
30.091961548399016
33.32214764540563
25.614609000309194
28.4628415375098
28.70721401034854
27.5863960433063
20.250866283535366
34.20143276004115
29.060492774872703
25.917541254586283
22.290938987131064
29.784322232274516
26.58691684878245
22.013786544235487
23.135519317673374
17.61943039631385
23.22909362864986
23.044360651349233
15.845966035773843
24.505760816893496
20.131231703781992
22.76722758720695
23.006896571205907
19.854796854641776
23.680721955402934
16.41854580743606
13.509501696887376
8.784470234771364
15.858648435659033
16.07736485029971
18.79963473530352
11.068355182419186
15.516478270744187
7.06115469699034
7.6754524237944635
11.77044328056706
9.816024557837512
-4.2214400229210485
10.039191893719314
17.040962351879127
7.077463799264304
8.50334509858508
8.000294044323484
8.935551133329922
4.777442380950849
15.161216059390428
10.934208181713753
10.295989729715824
5.55612505178836
3.992094132274955
15.295046423699368
10.638094917848369
11.698935268902641
11.472924746023976
9.432265942740365
12.778259646814027
9.631205369988523
8.5606586529575
4.6488109187212565
10.848740207275252
8.479215230006682
-9.030397422380982
12.151042246912505
18.468097756308993
10.136551246612157
11.757984920323526
8.46025465705708
12.9700655776801
12.95976785905317
4.908295331074851
12.107128721879462
10.798598062832328
10.393614018752148
10.744958984906612
9.243047087119992
9.8543142175644
5.10462333646565
15.685858290267475
15.95673093839673
3.9634418196916923
10.253918675332708
10.974988115814343
9.437894027959754
10.341407347163027
7.96247683416688
6.720643933496451
7.317971738277889
13.847537579043856
12.662735421516965
11.469110653083415
7.563142887233651
5.790304795699308
10.877691855170616
14.503822676038654
20.546064768063633
8.37982903630936
4.860036054816569
4.317597958443188
17.552504638989053
13.043932103361307
11.426053977459752
10.977777172072441
12.614802018999757
11.978817358953822
8.236002125397254
-3.818498698655201
11.148976308508002
9.835591551105434
4.131117335948169
9.533906544316299
7.56000595243422
10.85802411949871
13.19546751599926
11.875990077327167
15.021883428165781
9.52002157329872
10.807391396221353
8.358752203867132
3.166619670272233
1.2753297452446486
4.015308906767332
2.4525881569281984
10.663382488777643
11.31273553511698
12.417123142247538
13.225132878533877
12.53173568511937
9.35734702724174
9.086516774815264
15.537889737050183
20.611155239861027
10.001874569803919
13.938133321940226
6.888109062237326
16.172898403914914
15.69913554102635
6.664672413213698
6.047418492488782
8.435257774917162
10.575406790474782
8.067814577683393
7.557943127541081
9.006648673136699
-5.726570710309261
4.735933543988938
-6.358974661216895
4.513867474583129
6.337295196805602
-3.6023802208472793
7.0758377815244655
6.951377407567444
4.427644106326121
10.874409368823693
11.422054155905563
11.913690139219126
9.230053339930791
2.8854524124798697
5.649400951825593
5.5587841898650945
6.979126684955982
6.559145718569685
5.423929976716575
1.6219827326587812
2.109043435220013
12.983580846821887
13.715003934134112
10.579817229176674
-0.3972656881563051
7.325599438270025
11.559602298007821
8.814671430535995
8.367529354730106
6.711345986985314
8.49894986761305
7.466652395259042
7.646678628165874
4.532615680472368
7.607139520793469
6.582025726042558
14.879239098135944
17.722108099330033
13.69671002405015
17.646015490925105
13.763974463838219
13.50806272036975
15.2761860411864
19.34740551056775
14.185440137113746
13.485764768785028
12.388815454964266
8.740591042531975
12.413732945577433
13.755631052960293
12.102114399977635
12.155071214157033
10.000207138071003
10.955375228567629
8.64123173708923
15.265989822061186
9.312472447831777
15.363718911488233
14.603231932101053
11.771896477075659
15.991979247304876
13.846373933760596
10.055139331043753
7.184144222092164
6.733087344084958
18.7085078108427
17.322040815863787
7.028542178925294
-9.509665827041694
1.866417713925122
8.605809853458526
8.438073317813933
5.406876627223998
10.807702054890095
6.702095919977653
4.5059215515009905
-5.329712179752509
1.358710351784393
-5.135874355971976
3.7118631556379893
3.0237777620232915
-3.1777594537466314
-6.908796965783539
4.336525317414168
-4.506864570188209
3.9203756107860377
-3.90936868477261
4.1297896032818535
6.946515885321698
6.531378002394415
-4.9939607888513295
-2.8987799103976752
4.36694979593532
9.453415230359143
-2.6201008785311957
4.706872215499118
7.21683185679659
5.596563329679566
-7.0704579294970005
-3.7676607662908497
-3.177539983169216
-3.6858166461778765
4.767299707020018
-3.483171953615732
3.3242637093905754
3.368757757926886
6.937121567362621
4.107552575650302
8.032654245849859
5.97115957545321
3.731449847201961
1.9984012854462345
2.5726005567068566
-3.575472576393195
1.3373825098037047
1.1682800734017957
4.093504436561342
-5.916656888351411
-3.775855511995765
-7.946080353397524
-5.05963488368228
-2.4749035367447383
-3.474696295243239
2.7479203019167278
2.390328049199509
1.6249220383574006
-6.164465923619554
-4.829774980415067
-2.504740202652323
-9.78290249080771
-7.079700710321854
-6.94686994228513
-12.122639046077394
-17.800311589104467
-12.312017735029885
-9.585255357965098
-12.126429988830662
-11.948224194536095
-13.82653128895456
-15.258575543260537
-16.024232242053344
-21.13020885934137
-22.085983618866827
-12.849538598021164
-19.30546926658463
-26.705224591871687
-16.513554840712267
-15.958847777504616
-20.759190297476763
-19.493382448776952
-26.112290172588633
-19.638963006472263
-21.469570366300438
-18.97579545800155
-12.50880591280458
-19.969014308883633
-22.61555567850583
-23.141080513652536
-24.40868515936082
-12.912420187321446
-26.99128473135706
-17.983726387474388
-15.92846877054767
-19.191042838050773
-14.377234498512449
-13.62153110677336
-18.596673353997712
-13.14630743802385
-23.158554987234357
-9.89895459091202
-10.682039485386525
-9.154684613619033
-11.711679583822052
4.761028705269256
3.579595905035021
-5.417758008284585
5.116312899737918
10.471074745235008
5.1220536741548655
8.50993017373656
9.404771963521151
12.728521089148062
16.226836374908856
18.324602079603544
15.35854980885266
10.78230594914113
16.01834250804519
12.136676821238847
5.066544048053217
11.893241241282887
-8.586685507173273
-4.3351309109920315
-4.180162764071721
-0.8836348069967752
10.308923423632173
10.262984208407458
15.095814216812274
5.929749437357095
10.2311523220667
-1.6345401893080869
-3.690459236902844
-8.603735675303692
5.426597884359771
-10.019983132608994
-8.045766591826343
-11.715545451821455
-5.2924480074022435
4.91165636574403
4.612974988347771
3.9948755843033066
-8.982708472791954
6.036479507922653
-3.792589375408057
-4.361198020567162
-7.992797899514697
-2.681151340390239
-4.03344730288698
-2.36078038420322
-2.6442537744707972
-11.164268049350932
-4.484197616766209
-4.569389006519444
-8.71085090719187
-6.226408416788402
-7.7259490264310084
-3.371526443698583
6.179698131680149
4.129414410373058
4.044775953118499
-1.9448657663481081
3.294924326978444
2.782494057459189
8.055020872812666
-1.8837469298209157
-2.6352568261141327
3.789006424791155
-6.199893823263293
2.9738890468763555
-8.031000380039997
1.140347934636268
-3.5924551565249314
1.6637100109969483
-3.2102237163348764
7.958201862495995
4.1993769379600545
-5.519890455269682
-3.469490937998579
-7.840993732560402
-8.515059167151882
-6.150704195464285
-6.48428927283107
-3.290446755540659
1.1108987491436118
0.6719261297619262
3.692104338010006
1.7080444209236492
-2.447384831562311
-0.7979344551658152
1.6640324505699255
2.807113593427842
-2.8861624058664415
-5.359550494210596
-4.760062609690922
-2.2462904667050823
4.935026622790968
3.5047071324090564
7.0915531053563265
3.5783093083504607
2.9273758512391663
4.465711054741197
4.789851968575752
3.8044767900278726
1.4921837956116486
4.8480535811628025
3.2180439196664086
3.5027350995828583
4.3849337458078415
6.368339540310022
6.255979317983336
8.184061607777997
3.6144330721435405
2.3955037625571722
5.328979421600461
7.032721758322835
2.2861995795001953
8.955461518558545
8.896451421660075
5.990719689217706
8.311098999102672
7.939968315935228
13.263566940467292
1.0836771355969164
-4.249828718299299
-6.08240858596715
3.0785441742426563
1.0904407429994087
4.181290375103734
1.5729393167622883
1.2520462180751037
-5.569251311763855
-4.977730465439095
2.43019036029995
1.3216116737598622
-1.855745247775401
0.5921060935250618
1.4901027615622353
2.4895242799705484
0.9764493662097892
2.3371514766743804
5.130516790059014
-1.8259662090631874
5.793185381707193
5.062226495686994
-1.1394134196111774
-0.44821672972110294
1.484238363059402
7.413994545390797
-1.4336156878907402
-2.3523826380763055
2.5515106413329285
-7.371398930741496
-3.681714770223898
-1.8335661044234373
3.313401430696587
-3.5354240529652987
-3.0235915133456626
1.208076322725437
-3.732652397413667
2.1039433320892473
-0.9018792211777106
4.651778172050042
3.6399442381160685
-1.3564497219991627
-2.3676921234815587
2.772988432670069
4.326036757608849
7.700020682698161
6.100020434480685
4.220927899304784
3.2380007661322012
3.790926303781185
-2.0460400042346927
4.492965034667737
3.365759910598848
-2.482644596075613
2.145833113910636
4.537119522944946
5.670660920576699
1.5348958716199617
3.052265399852192
0.7469721841610373
7.240026781062963
6.890092293828516
-2.669258941635315
-3.110633293731322
-3.481882813250026
-3.75414507365697
-3.8660532898590327
7.4685026469070985
-0.2657557081161188
-1.9017280101888712
-6.144848091000694
5.40804094038984
1.4499626439149529
-1.3810401322747632
-5.064769781555581
-4.942121934735383
-5.121931792822722
-1.4949460267900196
2.6228481183697983
0.5818750918479857
4.729774528668761
3.3332072991271104
6.3468434704376016
6.392681527969002
8.164701538681326
7.452888198652138
-3.203247560162051
3.3139196240477835
2.2110446664113157
-1.27158880168639
2.1830558707611725
2.5104557832673375
1.9967894273473492
2.645284641463224
3.958034032654722
3.3442871762819366
-4.983061334313089
-11.28350684776922
-6.875563700432962
4.620636467906972
-4.095065110223598
-14.009441662650266
-16.130546744837176
-20.62063355143058
-12.991432043744796
-20.914121057446575
-26.942786029470305
-21.630639515520805
-17.800795125528012
-22.023773571601925
-14.69101862801916
-26.620250402007017
-23.41592556811539
-26.65519011205538
-9.53933337694579
-12.939555304621805
-5.035853201531775
-8.371110222973353
-3.073107674530794
-2.4480439769005558
-2.5139928134115626
-7.822701883556978
-2.646422330056416
-1.5237634842149206
-5.127822704615471
-7.12738774009276
-8.297260786613005
-13.508162271194724
-11.391655285890579
-12.46803498561971
-5.233627134610312
-3.415079519078027
-7.736204501835057
-1.5708904991197994
-10.181935557427453
-4.329672658604574
-7.504513003526067
-7.13901512863626
-8.14376323350571
3.477989254678966
5.008636668775333
-6.313696095284954
-4.680902412684062
-2.8748502354786662
-15.293573821450126
-13.604167440464924
-4.46733942322918
-5.507359478320085
-0.5254291619719502
-2.94272451602323
-3.1513897448931574
-8.189151961645859
-12.911599523061726
1.284884313824724
-10.50487570458635
-12.571141904379411
-1.4470115183702001
-8.266779975635995
-7.491283797474757
-8.295760707616102
-2.3964987288255286
-1.3909998353562762
-5.8676377648382845
-5.712819969819689
-5.491869025418714
-2.2341167446763333
-6.488049940350564
-7.53306697236092
-12.709473656119703
-8.133144289042606
-7.962837207505608
-3.035708577630395
-12.68057230233048
-4.858190017509629
-9.621584436677782
-3.3935663299611867
-6.126677855735509
-6.4039624565890785
-4.1097870312598115
3.297615845271057
-13.065053113944337
-5.57562803279362
-12.151821181477155
-4.604931888930685
-6.3637457008518785
-11.038884647404387
-3.15144359590619
-21.62336761217705
-10.104015461033432
-13.114787199292342
-17.487698402262662
-23.68030312596966
-29.76078297750756
-26.166283132081155
-28.56454124903244
-23.126111865547543
-12.593853787721498
-17.10948121231368
-7.316739915233897
-3.726073261303345
-10.975336722723025
-19.800297768911086
-20.86987625051624
-15.832724765373829
-9.448988028028364
-7.968617654847614
-16.316958503213264
-10.077894077254312
