13.036426095834821
19.08535861660651
-14.601236392477116
16.195577039281087
-11.006677866145996
-13.676152675840726
-8.53515267505647
9.091886225764448
10.987575159871392
-9.504569056973324
-9.111957432691865
5.473801330500426
-16.054781199214247
-15.256459203434277
-15.054135166592976
12.876328912367473
13.48380264807707
11.73713979230125
10.080308715022698
-9.584753214123825
18.051088292032578
18.722462447221336
24.766461815398667
17.438770416205507
20.359309290697603
21.906359142946613
13.176326325947986
10.955032942388918
11.326778178425348
14.436861789529367
11.998908095142221
16.249303696801256
19.70890589997202
19.51958421337287
15.148335121717032
13.453683993505193
15.840601264452607
15.105301538427803
19.18603468013231
17.31134476693282
18.91539387767743
20.804498716810688
19.290352802317855
29.337165414789368
20.49501300038393
14.175333866413766
20.035881073810266
11.362369562184774
9.564757206509672
12.537574417967294
9.275313058366276
13.476082212992734
12.590663401308783
13.72786526953618
10.192165067554708
18.216886206925107
24.034171194664328
20.664455024962777
24.991789456967766
21.39511544017377
17.313273202955227
13.950370100325559
11.401942424933134
-7.74656045231023
16.50439774314625
14.721209379898578
19.45114974102106
24.86522270870141
32.86980618937368
27.40006779761563
29.713522573688692
29.771196726385035
22.97324185860669
22.615075693074377
29.373430581740642
27.86096858397306
29.030417742096077
33.548394046253925
26.86315248458166
25.92657268482819
34.210706443705696
36.06842644867864
33.112222367674605
31.417202531777328
27.78632223238646
19.092902177694945
16.829986836386606
21.5401883442018
15.999381371975781
21.974095830219387
28.908225843637894
36.51234613168362
35.046600440668556
35.747415326981056
32.98434638351735
43.763226674437654
25.020052651199055
22.765286693600512
25.793083014946955
25.255972922272584
24.624885578772354
31.502708361588898
28.361281105849457
17.296863290946785
19.155152224879288
22.263941674528127
11.963714285344626
17.535701529997546
21.85986946440923
23.60900814258698
20.541859263611205
18.462693251893963
26.15215145842821
24.90338699797791
11.02052932838522
11.737623223581718
15.713484980014094
13.661806030139894
7.90462878320869
16.386368945039806
14.7628617419826
21.66060257522877
10.57562211883697
18.074429952110282
14.488424679140103
14.705992169248054
21.70278283802548
14.594755111894969
19.86753697126416
15.798236977020947
7.475077719756149
13.013707724754148
-11.96936249717776
14.108820528950075
26.605006866515694
20.290352561953735
12.760295661703985
14.362157714263732
12.444177262385947
16.37527451733037
15.383600530397864
9.54813418442355
12.380488211836955
11.826140430823903
12.976170157654844
10.755895212437416
13.930836464556487
-9.615629074623302
9.185421922036998
8.296970051520166
11.379004245082392
11.78931692237529
11.983984554071037
14.03383091033455
12.62769103248301
22.163041506102733
9.819509337750931
10.693648717626738
12.867167600422666
12.42666923111911
18.755921451438514
12.357249056222129
14.35447712134438
11.44579623695185
12.188226377918506
12.095404741394367
-11.167050007285036
14.983587324409763
3.6188561206507246
-5.503833367397477
4.471824376445326
-8.808542994652242
10.202724743781937
8.472911961894061
5.4191830159222985
9.836464351655403
9.206987757948554
4.574435677230486
5.101228601342947
17.68647168104408
16.54581426909137
14.069654378326472
14.95766787076304
16.741086404786113
9.042034687625765
10.916921930147279
7.275447661338035
12.535672340357237
10.459242267297315
16.660257278446085
25.564070891071115
19.216798657028324
18.790652355533197
25.755340773939917
5.515136616353846
8.079022698434162
3.4899915857240438
6.06790710382213
8.39469781861211
-4.441153118077725
-7.053424509571449
-12.803235983143367
-10.616653572563235
-19.62991328921205
-9.158854922587478
-13.998108373376532
-13.43396598119601
-14.518164951857914
-20.108172000011763
-16.980315365573723
-14.408144188199271
-10.085478536439249
-7.767851899707279
-10.272851784590799
-8.500808818854447
-3.51101338291169
7.916393232159045
8.060691631645211
4.37933494613448
6.100685983703858
9.191562305597715
8.992328228808212
12.566806749240856
5.256213481654408
7.289302822864081
8.83411162337505
10.616287123764621
11.852738622094675
8.920326220262904
5.395995848402657
7.530324802649187
-5.2158628654089165
3.3375076067326166
-5.899728672762364
-14.549262722780423
-14.299167597031563
-12.3580973376037
-11.108373454553286
7.923644798536033
4.117868927063664
6.447328312298234
8.928526295672302
-2.2262283965681076
11.746667420874868
-8.210524110003423
7.386639801845151
10.014560151224634
-9.670056902497548
-12.27347048080346
9.55873647572672
-7.828587333748445
-13.34912146989836
-13.521777823815405
11.157551687429285
11.362137225518483
-9.02373337870093
-9.625828926330287
9.639477922847425
12.366605854854766
-4.362628372333562
6.3588688285538355
10.405213879201826
3.8083781286120373
5.551939890913499
4.846059566107819
5.671880721688075
5.260888637918328
4.53545916375636
6.573073327922552
6.980059902406529
5.042148671294162
3.50386790499509
6.567195825341428
5.404755572060609
-9.204868944425002
8.562961044027778
9.018824736261351
8.265752907700065
-7.932873045972666
8.904425491761325
-11.06264569084347
4.896594688889574
7.454448624334847
8.079181629220866
-7.543357296805328
-5.289825615433901
8.035398596125615
7.96775566219156
6.984946743532387
-8.361063381043293
17.21663371435595
16.816471226316136
14.192145715782585
14.062224146966473
13.206823641811393
9.27704737782917
6.011336555452299
10.486407005027374
14.765836224792988
6.824429346420659
11.965285633180052
5.987236740362819
13.828198264171991
14.433954944838176
11.440862781988411
10.702143141426257
9.328955614963384
9.559610096646475
9.128635342765403
6.677100083984742
6.939435882787645
-9.383826898432948
6.77841451794532
6.145870844209003
8.28145054762071
6.598508347798987
8.620544404072866
6.355355150171057
8.891463748627077
6.633976786902736
7.546410595880263
9.942423076741647
6.5309308419521015
6.9538308421774895
7.720287021879557
8.588500531326684
5.1830782025691295
3.033421075384131
-3.6201767289432896
6.002710865892332
10.597214800622226
-7.242499640329105
-7.880061935114522
-8.105876561486042
-13.04472714019684
13.296772866713097
10.16803607875623
15.461385524104646
10.54265655544225
16.85080880134862
9.377620094329256
9.873009445453174
7.4530721409574205
11.836689549329007
-8.203460187624511
7.143605813376086
-8.000506941148295
8.104838257722692
7.826049583212556
-11.671483659591402
-10.209583354604485
-8.337548851072142
-12.721537261575316
-14.90698401564198
-10.153219376038077
-14.310653329036484
-10.079594076455017
-13.474363380503577
-16.05681729285576
-14.655561528094077
-13.583620648992312
-9.018026712530403
-6.938138941108204
-6.304629789935735
-10.347317321775645
-11.107827805082131
-7.505005160902093
-11.391927025384101
11.384607845843528
8.208268274053195
7.951295492850817
-7.4474195945141615
9.60589939651157
10.467658057244867
11.333653223355915
7.429901190285179
8.25090059832413
10.819547938423625
10.004306706292518
8.532329691453706
8.767725526551157
7.3260763649355765
4.829966395928502
8.435018443115643
14.101688631449884
9.657317688972551
9.870794401885057
5.875716009764348
11.812876520562748
15.99465839596189
9.627465363695947
12.025167660107963
5.546463264693022
5.910294619191794
12.778902910080522
-7.084571013991035
-7.577363992276729
7.349183476863449
7.9993587391575165
8.332846337223145
-13.307685992312207
-10.01491179699184
-8.483821385921823
8.161284245051842
8.470098732901771
-8.00354488675797
-9.34358103913406
8.008246520768608
-6.468450386107661
-7.962613711116716
7.419442417938846
7.4572393201516425
12.193310122940376
7.157403778410759
5.353721023750407
6.8393864800438955
6.065322955905961
-7.405972922043716
7.6848018086859025
7.186539937599069
-6.205822937954972
-6.238824796866291
-7.019356920073336
-6.38399683939768
-11.74443847564408
8.52041960452999
9.239055194028051
7.594529199281365
-5.696276853581826
8.140616052756915
8.189299620687661
9.03343410233927
-5.804309853270538
4.531289053569749
5.278715399012396
5.099796583959684
9.311646788733821
-8.00039889606685
8.509601011196256
4.6177694278004715
-3.414013914467661
8.655809929131891
9.417081949520822
7.5246587482098555
5.464451257046899
8.53967079584939
4.774395240615454
5.8601635006649655
-6.216129433693703
8.922187790991199
6.939863931795114
8.398520344396921
5.799073036719005
4.873229682149105
11.449181386921193
9.802296164293912
4.351632579254752
4.934758580957125
7.664027821414457
4.967407976676833
7.2555103418736575
6.848607833645081
6.097398275242913
4.616535644833765
-7.537812147912197
5.74726231205085
6.875173646151158
9.877959520573935
10.112085511244821
11.374317897515917
-8.762620102079781
7.039995593060838
11.160264613349987
17.909548581425895
11.750463688927475
15.026833878934582
14.014171542617602
9.407365986867966
9.321168703325178
-6.4031932719687426
-2.731303455765882
-5.209860037443088
-5.778633969254286
-10.995274575622906
-4.755133210997533
-8.160510923394586
-4.02580921571219
5.93862085262927
6.548458494654095
-6.3432773491743575
-8.46140489310461
-12.412675110976084
-8.789207830573819
-11.990814119309114
-11.391689222876282
6.362705085221768
-8.73368235883603
12.076390158229728
16.15928291707899
12.072331006071414
-9.667912753799923
-7.81240996226997
14.885086573707335
7.125883926987397
19.21518913001829
18.807461137979146
24.420779767433356
15.15105487340835
20.324104689295133
24.894704281656615
15.915101531247226
15.693187407608901
15.186939454993555
10.108418841661665
-8.142299015266728
10.232010240712517
-10.493414048827953
-7.645126539934925
-11.10726172574363
-9.260561435007375
-7.030749466533703
-8.480634646576458
-6.289140403367474
-7.097811621184393
-9.178031094600636
-7.9284737195632236
-5.665208693075179
-8.292592716266707
-4.854668952693596
-10.504535607643747
-7.512096378320541
-9.979249138559267
-10.214978460671853
-7.764436665160411
-5.060247134237104
-10.436229553340235
-13.039753409130153
-8.078079974179165
-7.8481482521922965
12.118227000638067
9.592673794906366
10.315263254327013
-11.787753915938165
-10.383251992138588
-13.20696497165284
-14.353916701095145
-15.906826004190043
-10.10609449559164
-15.061696565316762
10.234415703772337
-8.30948601820856
-10.306058723404977
-10.342393049140341
8.87496764783389
11.141154328043664
11.312568119818708
-9.954008579168129
13.649865378928013
10.453608457473763
11.656808006207731
-11.457569622235809
11.978092130730598
-8.55030030086874
8.331755602990306
-13.8038506201274
-16.71797011042837
-12.812938160533761
-13.62570711332568
-12.031172661827986
-16.445718182570666
-10.376832339714312
-12.685813839695095
-10.01886061858545
10.174240907696666
-11.563275646711675
-11.110159183794591
