-42.65542855312934
-43.664175444199856
-44.3207819823475
-42.961265040815206
-38.50242648950521
-42.64939225561647
-44.050036040265645
-36.21126231231084
-44.37551218927258
-38.35202294176393
-51.688648966891876
-30.311431915708212
-42.77480555470885
-45.61252572845112
-37.7391527570391
-42.2436947145691
-37.996243090604054
-37.15179543574401
-45.99470012295482
-44.311439761427046
-40.66774634879836
-30.42062106887143
-35.488349187433876
-35.545193530796915
-35.38305130409677
-37.95534002671206
-37.51048837378697
-43.53105341246333
-41.40198121452576
-36.15335074341919
-38.75537788291142
-38.36371489940903
-46.0258223349873
-35.94722610910224
-28.98776273044744
-34.338854378887966
-39.91969996670376
-38.28358119375815
-34.81964881480186
-37.74122631891465
-32.71286941962196
-33.59815978510876
-39.420299071520546
-33.51298632783408
-42.616419921190115
-34.69241659700218
-35.51473005049954
-38.22793268068142
-36.70576645746072
-41.22243246129683
-39.35071631333975
-39.44756617946048
-29.812964044848545
-36.85856234193587
-37.80086784237853
-39.564528422266065
-28.62457408707289
-25.00428653162509
-36.598982847922606
-29.64593623414547
-30.458981874881047
-30.815689823626247
-29.180839647260147
-29.24202928082434
-30.032133041521885
-26.555987685894905
-34.37434756464864
-33.89972775643413
-32.52905744169246
-34.20800494699357
-33.08507828702951
-36.39625653490222
-27.417834915776478
-26.409244594696087
-36.14960274347322
-32.80914444742827
-42.42193309253187
-41.528260118055734
-42.48990266450641
-44.97135439385241
-41.51015189154689
-40.34991606851961
-38.30303336219355
-34.552181446385816
-47.418495617276704
-38.98207143146969
-41.93060416457065
-41.838923791041424
-40.110603667435086
-42.89423409080154
-45.57518478672908
-43.345440409650266
-32.44622703500525
-29.744167632954735
-30.07162056150326
-34.68689951050058
-31.05806449207616
-32.22888243843564
-29.00977621454932
-30.16202070642139
-26.786675243233486
-31.36281040180142
-28.711801290654943
-24.796882816037098
-29.99240267960735
-27.848988194369287
-35.518464136773744
-35.66049781040999
-32.27451778171161
-32.130250886129225
-34.63616453141239
-29.84857272487276
-30.572024423055932
-19.762108970066215
-29.66117207144449
-31.603906411105772
-32.512726673520774
-29.93022917133928
-32.14782858973731
-29.50841047403082
-32.46242750338776
-33.46732073328082
-37.020737384138094
-37.24695033648683
-37.1434421905245
-35.59122958857703
-36.760529419480335
-48.86993104560314
-40.22528212512984
-40.90063159360257
-37.0351541651622
-33.94784237471195
-41.072307882590415
-40.90630073892619
-34.10703623422695
-33.83705552037233
-38.09534143676732
-24.772496724079623
-36.966111723768385
-34.677888951909665
-28.215563306109186
-37.45190230852891
-30.860692294862712
-36.89146247730714
-33.3353550462722
-29.103514976260158
-27.725010051346377
-16.098433959788068
-13.751320095329657
-16.76145940096878
-20.088400468286334
-20.503929063256116
-21.12675002129825
-20.013852104032814
-12.321002729212355
-14.629986998069949
-18.318581807739136
-15.735258240871898
-17.881791365100412
-20.06347405040002
-19.47374696011045
-16.671488212407283
-15.335780119537182
-10.113507205722254
-12.962984814801061
-13.85927041055987
-18.179823431319374
-11.367509159010172
-15.472722939156249
-15.676373456056611
-20.260471393909107
-23.911141381397485
-22.940987417257507
-26.14741330992546
-21.916312884700794
-18.963553940069133
-18.943144669650238
-26.17713854083267
-20.487974825654693
-16.12640048666839
-23.32793034341017
-22.299715426041747
-20.111194361740058
-22.098386469469663
-22.82997185875422
-24.29785071226554
-20.284627996852752
-16.904199716842367
-21.385264794373015
-18.01412833592557
-19.699212995062616
-22.805156612992153
-17.232590586044697
-18.587114230622113
-18.177904675360896
-20.169415699291697
-23.063200180794503
-20.185364430553392
-20.84141554047033
-22.51710748206802
-25.76751542359066
-23.8294028227672
-25.690068977083804
-25.33236072123788
-16.275688465917177
-13.226257076082032
-19.30212134331177
-13.703691695064316
-15.92911925944242
-12.301643690552767
-11.546024101758205
-14.150009075815165
-8.849883996826067
-11.134892326693059
-8.420317090053423
-20.039255653453786
-19.250490789134766
-14.152331154435243
-19.235290682223138
-17.391870521222028
-22.249035278438782
-18.84769166168452
-19.862782944242486
-16.431989331637553
-14.111590061381875
-11.815824737571704
-10.296569238543839
-14.612981030088099
-14.369980376137416
-18.23398942090572
-12.770046832259863
-11.998344704937248
-12.118108770970606
-15.721040421948114
-15.017617869857125
-18.957402968256496
-17.170910997870116
-15.1155632835116
-19.436084618338814
-24.641104118115017
-23.907831211636086
-29.400881079989485
-22.899839968369655
-20.134414638696345
-28.334456525936154
-19.07478458065969
-21.254348379338186
-26.300675641630033
-29.17120377070277
-22.005336824293465
-23.517877408267864
-26.50300637825255
-29.51920154493798
-20.41221612225586
-25.38557957542891
-32.22380664663385
-37.274473218456606
-34.06591876807988
-34.785537984229705
-33.131226931629975
-40.648418452259044
-36.19085426216081
-38.18580688579575
-35.96567663232647
-32.49133043576589
-34.21041600623189
-32.043844847631355
-31.544476992548294
-38.47136889409645
-30.43458515891657
-28.77183777274705
-28.11372855991928
-34.053033344203016
-34.129914019127995
-37.83432908384068
-37.75828538955112
-43.46415992865444
-41.41853883637277
-39.17819915758653
-35.271874069363236
-39.573328008588234
-40.013849719245606
-37.53098509227298
-37.75833364749878
-39.98898333912111
-37.20319593607293
-35.150509820027395
-39.886328218537265
-35.791620896109876
-35.28434996386387
-32.07734984592226
-32.7457444813971
-38.63688167169719
-43.99700391576751
-41.04800887803532
-37.324464459418984
-41.15571855538087
-35.95450305361213
-38.68029260614332
-36.82482977855118
-40.2726709258409
-37.94854258459561
-34.422727835465146
-32.7702609499723
-37.61765796781601
-34.69054738775126
-36.0939304780763
-37.40853814966607
-36.15667881285639
-40.28170297468577
-39.8351938841522
-35.04189756058443
-37.91937627262893
-30.812896641630946
-32.26133544680758
-37.54042119800354
-37.23879233477975
-38.11614631517802
-40.758712270030586
-39.878812517674675
-39.00980186542096
-42.51925226711529
-39.746099326161136
-43.22185084436461
-42.03266429903443
-39.383069447736005
-44.94076741284561
-32.70807768210095
-29.47736360195342
-31.78791232196311
-29.734801605654347
