-20.60925623420208
-16.32038015172287
-23.06854289165123
-20.825096354883126
-17.096442365044364
-14.978507542549364
-13.685657359799952
-18.253448573862645
-14.301650448055629
-19.336844651342588
-23.894481616922473
-22.847332547536165
-19.37424772061225
-18.516162492667224
-20.606310461439335
-20.226930196034353
-23.973042520257902
-19.275955024639583
-21.658752731982787
-18.95801306681853
-25.74868998576191
-19.856804307012737
-17.012978857444942
-22.230948518924926
-19.045485045833274
-23.244397740890772
-14.90606553026279
-19.209669925589413
-13.155415400232469
-17.182109785232416
-12.138881633746827
-18.405971882494157
-19.204807797414876
-17.906869948953418
-15.709057326931239
-13.48091240834553
-17.72894152070153
-14.629613214387637
-21.181637156137878
-17.782145975597413
-19.928336500671417
-23.679135424624036
-21.43874564102767
-25.093517962392355
-16.101916473991228
-17.484517221370517
-19.20389473332834
-17.416592529058118
-21.054931281073042
-18.18042947267545
-15.99528300759774
-21.676477047480116
-19.09541263907198
-20.542800571447387
-17.55246703591038
-19.8120835987591
-17.57586405389716
-16.064573457875127
-22.405077334336088
-22.566711640713034
-26.58316376225897
-23.270953185122913
-20.509637438405388
-21.80185132620895
-13.497547991565321
-16.98230293801695
-22.019240457323768
-16.27591464523074
-18.20436867721812
-13.605125583295687
-15.30035740667807
-14.18411074457103
-15.986065182819388
-16.97541197075192
-13.855674035873218
-13.026019007195316
-5.321973463507286
-13.108470158215717
-10.314347410327738
-13.051931207979655
-13.759289976627445
-17.51420033357289
-17.063826276481624
-19.07658484327944
-19.290982908110482
-15.228837879859006
-16.49884497814656
-12.853000321500707
-1.400821066936367
2.6672663870432833
-7.892989656028717
-16.79819649928187
-17.43586208451582
-15.366219150581593
-15.156271645196625
-20.078652917276997
-16.144248477548555
-16.440994490621932
-15.58281561097799
-18.53056471514816
-12.617302259795114
-15.217302443937331
-14.798643084345107
-11.781318798522806
-5.402131732650155
-5.526844958814956
3.3506750197335275
3.313460994368652
-10.113217281501525
-5.699980543109517
-4.869178421173694
5.310054744307523
6.7762509559239
-16.2363854330169
-18.103811927478382
-17.86407085372959
-16.729910757590666
-9.638729108694688
-10.970242925884069
-21.23610368255365
-23.158446456626148
-19.293179178100864
-15.542346215880054
-13.366742978878468
-17.92629273284981
-13.400781342512706
-14.748352697751072
-2.961033846050733
-6.120122826408536
5.289474401878894
-6.807327836499044
-13.236870458780443
-6.129510532859122
-5.884868276029327
-10.367871865241803
-13.33070681526615
-4.828653551184259
-7.007693763910804
-8.899252560195453
-2.2005332019672377
-3.5272773409460294
-5.183120932374611
0.9211472075561407
-5.470370195644534
-8.372884163561443
-4.521205263301283
-4.835363172443023
-12.110493305499405
-5.874017168651081
-6.5437762232663035
-16.789780796750108
-10.226277691399114
-20.392312754122027
-12.88596658433957
-17.76884347838024
-8.588522560333402
-10.565366043201058
-14.202412937818055
-12.77605729818905
-16.99900327830851
-27.285920200617568
-24.444961638321917
-17.23521864308292
-26.584140057226683
-21.78702725780701
-20.760080596941297
-10.449632032786361
-17.64512523589227
-23.27325833091585
-16.1936062546309
-15.721429607524495
-11.910155146179068
-25.03435459819683
-23.217930679540967
-24.245282381495695
-24.34795718411933
-9.73416777145826
-15.186769861237801
-9.740126790343874
-8.201194998315255
-10.564654920646365
-13.400889423384918
-8.579176710123164
1.4727764107181347
-10.633962399065677
-15.284909802723472
-12.070965948100062
-7.485712862916719
-10.349008748908558
-12.039557111696611
-13.85713947981707
-9.556020193314675
-7.467798382509294
-8.222175726841613
-11.325191065449244
-4.530346431116932
-7.9429412545129034
-12.170724097431775
-17.195220324595535
-17.151680476180378
-3.3272062394225896
-9.595230390549217
-10.170888584811768
-9.569317863496314
-3.1390716184803935
-10.168719073128738
-18.173375644415415
-6.156357620249123
-6.404771067454162
-7.484960218249412
-8.469025650258992
-7.918136542059395
7.726846879409924
-7.086501669282001
-8.077918692099344
-6.961850312351513
-9.72457825331489
-17.94977363612365
-7.393131288987208
-10.466810182162208
-11.36364539156539
-9.246685862441453
-8.371634442138683
-10.082882122643952
-11.898605535019174
-7.426718756828284
-6.522181934574569
-14.402772499352608
9.14722516990651
-5.317585948830061
-7.1849991221095015
-10.283347156270679
-19.543800107490743
-11.61897248798826
-7.574538547063093
-12.330744124349602
-9.442211733360493
-10.112724282624672
-12.402139872914287
-17.69554453902253
-15.450417625362368
-11.591893996946647
-5.040050709011904
-13.884359738965792
-19.89260935746087
-22.22288441185998
-20.491301349089646
-21.937645080658537
-12.639797509655551
-15.017642452658666
-13.518537623983343
-7.861506678093036
-9.707579088254493
-10.320405552807012
-5.953569891877232
-2.9351970102444835
8.736238729105356
7.864181557511461
-12.692029848685792
-10.953868561940334
-7.132744466597831
-5.626118196430482
-7.2714620676426405
3.5670784181813797
-1.2802003172672913
-11.128103888335094
-8.186621885134512
-2.278540430546012
-4.71305943848948
-5.45613300682953
-8.974002161369066
-5.406827519656407
-1.5946206543350705
8.398917873421718
-6.658908377126135
3.848196547571125
4.300094900327875
-3.0362269783044566
2.4094264060026616
4.987200872188242
2.7924874374784396
7.828512124127289
2.991542079512082
-3.942304686797915
3.649695377560787
-5.5385405068469735
1.3977489352969508
2.6251288405960818
3.385275371212311
-3.7962370552628584
2.917794335664552
-4.3640686864075855
-6.135428048568097
5.1919374843393244
3.149517237078627
-6.221773185196183
-1.9600675538087946
-1.0665841726349932
-3.7128037853468814
-3.244220968498286
3.3920100022599695
6.88871324538613
-2.088566012144041
5.242460900029581
-1.1589980446117485
3.198741522294482
-4.833817344205966
-3.2983402103057644
4.937814857385524
-3.0288162956027023
-3.175576807198738
-2.737654889517846
1.6491983777399541
-1.3091063853779945
6.399100411654261
2.287215288192175
-5.369666231183582
-4.469822540429362
-5.040678698523983
-7.222534216097476
4.636322295500828
-4.105395234025891
-0.7792882423355766
-3.607559939856955
-5.200173747907961
-2.2138169083203576
-5.061520595100652
3.8400659487899387
-6.675751708923524
-5.191906722585272
-3.281728431489523
-2.204937204628902
-5.3521200225248124
4.358080830292566
-7.362325833697327
-10.585712588004833
6.2991569374264325
-1.8265571771941969
-3.679761595906011
2.9016865448472617
-4.0786696560998115
0.22977834625931698
2.6165033487987355
-3.9641808301309607
-2.560187754901382
2.4449064862228695
3.976404260947042
8.20608676582303
10.557253831578247
13.99920248732369
9.591163834862071
9.10573647832215
9.948439832537067
-5.186506944856223
8.557866488974263
3.469882742099964
-5.350280176701998
3.888617415997188
22.31487111448726
15.71942348960564
18.159040813098084
24.163203869517407
20.34167584168454
18.62109320571375
5.092584868463405
8.679877271653035
-14.8543275118931
-9.483491227512621
-7.77293178672437
-11.092910209976852
-10.821083755629997
-15.820303608362599
-12.016476841442612
-18.578549005674244
-11.935232317834132
-13.592358617247168
-12.839740316778572
-7.287381114898591
-7.121636387487915
-9.396080855792102
-10.73270465071065
-15.733847231181555
-15.507055539395877
-10.873753940575101
-19.471826617832335
-7.660997100246371
-3.095443306535466
3.017260929654912
5.959833212573746
-4.094998859043107
-7.422440392909919
-3.6763764944077177
-7.252170493795878
-10.091593943706252
-17.479573729706225
-15.103355696368606
-9.738714893183841
-11.885908128702331
-10.996899515556892
-14.112867578324176
-12.85766904161907
-16.456387303574495
-11.109253157864675
-18.200475626971297
-21.48263877182883
-24.317113813946044
-21.542810363433926
-12.307924722080735
-24.617163755248043
-21.395698226177313
-13.49799034191957
-19.437959497365036
-21.689220354597506
-23.233336162761173
-24.25344403796223
-26.559831418496607
-18.280100040719578
-23.608328691874064
-26.591934037074697
-32.20599840368926
-24.63445993299484
-34.77049880061098
-27.83023238710955
-24.745866327729473
-30.394778016463817
-29.35074313284176
-33.65149793569878
-36.8435383901106
-27.940413628720396
-39.516204572285595
-29.092384414095655
-32.43140517906628
-30.94786748722378
-26.310225771597036
-22.47825443711693
-24.53160039005672
-23.76842659267338
-24.933288386363145
-22.326271061097863
-28.254932285159395
-28.857153503294896
-24.50919439239035
-26.648868265484964
-27.101427195319797
-33.20304662486123
-30.05371329257572
-32.339211790750234
-31.30466365470879
-28.731676984988066
-29.41589004511863
-32.01224488099294
-28.014120886768342
-33.78031074756346
-29.34501811579595
-37.785251047460854
-33.85563220264766
-29.073541062097537
-40.21090670349204
-24.62126009683667
-21.651096185815152
-26.245624108988412
-24.842039490040392
-27.965390340315388
-29.363845340213448
-30.450716112402176
-27.646429050859947
-29.889550147036474
