-32.623774314707816
-30.000009595154168
-30.07982501686653
-28.059599216376416
-31.700190034904743
-23.46364650537961
-21.070374370160195
-24.406541568588622
-28.092279136904263
-23.369830213213532
-23.382585762195465
-31.303654996843825
-35.923303147484845
-35.36334038109398
-37.44411661154923
-31.371294291312385
-34.834632764593685
-31.518726334941277
-37.86877595155258
-36.46608588397307
-32.375589764692954
-31.724021644404125
-35.23675973892248
-33.94732653153404
-29.83086114464663
-35.50429764447862
-38.202348727808996
-36.967528349009804
-38.11406295265127
-38.10919551766207
-40.628500552588896
-40.99618751311616
-36.686233847539526
-40.82504703258479
-37.68525753611205
-37.13743109636748
-39.0298825347493
-41.64217477102586
-36.59798956282669
-41.376844482777756
-34.49148330056189
-35.46686972457629
-36.91150236346054
-31.052463973900796
-38.678250186296765
-38.22926030210614
-38.49265809735025
-37.37047577779453
-32.06849089581873
-31.48879211650919
-33.45762707355467
-36.93251840840017
-28.107743143416794
-24.674244328813796
-28.727833007552412
-33.55750923072999
-30.546674181199478
-29.98455322828099
-33.686693404780534
-37.51542448462122
-36.4497074678861
-36.28399935415155
-40.175491811038256
-34.53480876687875
-29.431694565136276
-33.65753058485072
-35.456968107454365
-28.088763366411182
-39.00314956138073
-36.19854900830546
-37.091615050693264
-25.064492171564833
-27.529124700528804
-24.987209855678994
-37.654337900353035
-28.173185820101207
-33.285089341896324
-35.93536726577778
-37.74335099128028
-34.37356770782123
-32.77117776059373
-33.93116836392782
-38.49245382704817
-33.039690007632714
-39.06988273502703
-33.663617260963264
-35.618392005436924
-35.84624544611981
-37.99332649297746
-33.05156983069339
-32.299003533290225
-31.549562519022555
-35.188609935265916
-32.60158326235308
-33.4811420887089
-32.6703701175598
-31.768941496897426
-31.775601223323843
-33.354680043625976
-31.71104308197134
-26.63898197022718
-17.277208386178643
-16.03658257696181
-19.876840161059032
-21.873881764698094
-22.961437498303383
-20.161681511722623
-24.963624192369146
-24.420915936012793
-27.3003987784487
-28.180646159131935
-30.225171233902433
-32.25937571926365
-30.70797813584986
-35.57568737253175
-33.89686366809736
-32.73300148763959
-34.31543562723008
-30.56672477424803
-26.206973125385918
-29.23287738647018
-30.732737839305337
-29.612473986228018
-33.24702735477863
-32.513687853705186
-36.62907601545009
-37.247184590356056
-39.57981429231454
-26.8191844773499
-32.58372069855479
-35.08491656886152
-29.62544745326237
-26.09860698079854
-29.427646763158563
-30.838965502102955
-28.64758611892996
-29.35186247913254
-28.268011392477842
-31.353338647470284
-32.974618761958155
-30.804841523944294
-29.84078330639746
-26.746180122152698
-33.20456746057672
-30.48488217141565
-30.88730723292576
-30.75973371609093
-28.12210880438179
-27.56622093799988
-27.963994481408804
-29.87444950064087
-32.37260890822437
-31.043646584564268
-29.925170820820963
-31.19452785574879
-34.33375826908062
-27.90181412673129
-29.427862581384314
-25.804829441166973
-26.858778550703413
-29.68749597343944
-31.203396895318164
-29.288181699097727
-30.89718567767399
-30.858092217396322
-28.507068124719854
-32.44092797844076
-31.88755663818123
-34.487415124366954
-34.5695790057412
-31.84916590702076
-34.32062126970332
-30.842303973249766
-37.59934856061715
-26.263243428830485
-34.441538266692184
-34.82969329787869
-30.76302077602875
-21.70804889462027
-34.72962641542667
-29.189627677876107
-32.74513626442157
-28.99685140793926
-24.567426648086236
-31.639963129260252
-31.231894740687004
-29.418413482815883
-26.79520210987954
-29.081396428885462
-29.56645694280262
-28.12293301116639
-29.193628840466328
-29.077784466749236
-35.11378963135819
-35.91563661891035
-28.237107839531213
-38.35274361921237
-33.18766546483997
-34.549415751817214
-28.955682486680498
-27.592009614956964
-28.50104747491824
-34.353285896033306
-34.80265269355598
-26.062447925949666
-23.81673078847957
-20.84691586924077
-24.200283928105023
-35.04004166809482
-44.06503143079321
-33.48277819700767
-28.474728085460118
-32.41334365826272
-29.758790178224046
-32.09679079800716
-30.89448807310853
-27.945785826003192
-30.923676347246243
-32.33570174172627
-29.737377229420705
-31.522119442959987
-30.543900328231928
-30.144948352174158
-31.456167514547882
-32.66091042284421
-33.8174356045767
-30.1156499524102
-26.64994571294128
-30.12839376466225
-24.437516532107985
-21.960560740936696
-27.413181111954028
-27.02768013205955
-27.318430381603285
-25.07898595112387
-24.174320572716976
-20.84729088716508
-24.039563219586963
-21.23642587386502
-21.270065625171185
-20.654656078268935
-25.725957304209082
-18.894266331951886
-23.528070104656983
-24.76570714063502
-24.99972614894064
-24.98202166796247
-21.849942231447976
-21.075778791710295
-18.374215953647408
-25.886923078049737
-24.24740414939837
-26.043932194254488
-24.933985303750973
-24.459654972308133
-22.387884232108636
-26.624376537873385
-25.0150981253795
-27.974256385346212
-26.072035115143418
-20.4090306132881
-27.551600021916276
-26.05766324438508
-23.663845233291067
-26.036355771397048
-23.758004179423672
-19.50017390291791
-20.969201459343484
-18.610382071827363
-22.91291581171446
-21.2321186882194
-19.975959966148718
-21.79999344945939
-21.157908836731398
-15.35183641736588
-25.421029159059625
-26.98579895301945
-21.106693559188667
-18.386573458881525
-29.953638229828726
-31.1612166806766
-32.56268826623993
-34.67735967659336
-23.663744042058212
-37.29207429169545
-29.644642126289536
-31.133308664901318
-28.107304036894014
-28.433270341918078
-28.132130081450963
-31.78453334746895
-30.053539171046726
-23.5681774990654
-25.1082614285833
-22.10003567227176
-25.414726462770684
-22.63844529126183
-23.76811107038026
-22.453157917720265
-25.25181141852437
-22.226918865435845
-19.541188760866426
-21.907929316586934
-20.692610209866242
-22.348120005039664
-27.28468839300804
-26.51113964546921
-23.71116834241418
-27.95458026604267
-27.10096476045259
-26.2835390575268
-23.591609197040917
-20.59392315300365
-23.48446727083949
-31.302397691915722
-31.429304063029566
-29.98449762692028
-34.98498488552001
-27.592376887267665
-29.448972949005764
-29.941171624184584
-30.823211743113106
-28.61521861889849
-32.585948486265806
-27.335345814982432
-28.925890771114496
-26.36941508183337
-23.472644374132074
-32.8628791708731
-31.39611035974333
-27.547292752486523
-27.675158419564067
-26.392803287676575
-26.587056760862875
-26.09862281739759
-26.655653406115672
-25.215742273970285
-27.95394703455654
-28.182795610603506
-27.308902263628458
-24.511958015310675
-21.435962018572937
-25.729256217183636
-32.51356638035048
-34.212669828947014
-28.118420897232056
-23.55704444517886
-25.4422219993259
-30.244621539383633
-25.509330358487983
-28.02180571621712
-31.139883011600926
-23.154948402866186
-26.90704388241193
-21.180344741203662
-25.265680091614772
-26.457172597149967
-29.514459164555813
-33.98788376443275
-27.98673095267219
-26.576526777337914
-32.47039486587554
-27.79238520779727
-35.988226891621046
-33.7763333984895
-38.495306992064975
-28.73332021554085
-22.131396635607384
-25.1325785870466
-26.71901114846837
-25.68705986444096
-26.853425809900756
-33.45692404567552
-32.057928231709326
-34.20939929370993
-36.452642879681974
-30.79745648916188
-29.79713959130392
-26.94222168564105
-33.38158395646931
-22.558412340041126
-23.532713140950715
-28.878576339406937
-34.88509039362576
-27.11396038400652
-30.186078373096286
-20.36034733859824
-23.924457122298545
-22.70855197170958
-16.439424219355587
-22.021148180265794
-18.663068804137055
-20.997728832723407
-14.700485068558187
-19.371701178860366
-18.620119467603125
-18.109887873498625
-21.01509693000447
-21.688216948218415
-20.90064500635227
-22.097668730500853
-18.82404017341095
-13.869474521062022
-13.301497582125913
-16.69946699220139
-21.472866843647676
-17.549858240980576
-19.17911563769558
-22.431742177244374
-15.41314400668334
-15.567506939520454
-19.35740252028155
-18.642810390861566
-19.528625303446205
-15.887017958442868
-18.2346408344348
-23.53839643309707
-22.976319524103694
-17.28670545389633
-18.708989615096993
-17.356349121481536
-22.69663191432954
-22.24493853045101
-23.868588618891433
-30.622583269020513
-25.699433017221956
-23.85552988662219
-22.603537886417257
-14.637123146373359
-20.83611017854542
-23.691556365913353
-20.476367501911927
-30.626162575443548
-34.5187007974086
-24.969803136333187
-32.01943350641823
-27.564837690616837
-29.9292515831618
-29.677323334866937
-22.82979942141618
-16.523806963204432
-21.97628588913761
-23.759304409485875
-26.33863911804818
-14.994229829542572
-21.038711766983514
-15.899801747160183
-16.918060218176272
-14.858869001796588
-14.001219039134769
-17.526547050083366
-17.251249106402764
-12.862997436095947
-13.373996358869052
-10.976091585401473
-19.455324271622402
-14.212501747357532
-10.579282855813066
-12.19199010767897
-18.772263843998054
-15.677675408093688
-14.209395897487727
-14.768392895803217
-14.49388361822424
-20.487874701366614
-17.65123936463395
-16.5505442955329
-14.191638308676524
-11.900637129214273
-14.870992765507333
-11.469850506658283
-16.49809223719748
-12.769873920873618
-11.01153634537992
-16.83009537805714
-9.572501184818133
-14.69577195420832
-13.274415342765549
-15.553008579083775
-16.500809433691288
-16.684639249250083
-14.555983494858845
-14.93760906808325
-15.189081722084532
-16.559896946758503
-15.277298572063291
-18.387263704625443
-16.47362058463813
-19.551220003244605
-11.907362681652303
-11.794990627494224
-14.736337320146475
-15.019009830429605
-13.782886311839931
-11.958942227798737
-13.280186210890195
-7.641915993688503
-17.68014988388384
-12.792439048627127
-6.553489312785245
6.276620242750309
-6.156458456333538
-9.830761358282368
-7.4281510349591
-7.375668380374213
-10.48411995944292
-19.45625467049659
-11.24762367896013
-13.352453008415946
-20.227716905010233
-15.145905887772116
-13.269991878765845
-17.556105439550425
-13.240268676434848
-24.942399986168684
-22.08632688250637
-21.96438735367445
-27.16254648946939
-37.73518399155026
-36.20024650638063
-31.08593766964594
-32.415104995882935
-26.433221322716726
-31.34162654471846
-41.2364670845829
-30.78028382585432
-28.339943024352227
-31.255146466208224
-36.45721629660283
-35.274129436771545
-29.72265149335419
-31.178965040383424
-23.738863364629683
-35.38776755124363
-38.91729770442965
-37.50367207516596
-46.13925151051717
-36.21466394745102
-38.692871828259314
-35.378237214392385
-30.56461107039402
-29.00330106250363
-38.294504348515616
-28.06537108604956
-37.47640825036316
-26.572591228396504
-26.121005563461996
-23.962032437150185
-23.306194121255878
-28.965009714761813
-33.987371954402995
-26.946744666935164
-26.61874526384122
-28.01298148473091
-23.373374927092943
-20.89246855690488
-23.41008920782955
-20.094261904246896
-26.69258469578432
-24.624100614851383
-29.39654795504275
-29.453184925411193
-22.985441850271826
-32.50366510345693
-29.34633455227755
-27.332766538016603
-33.129969441555765
-32.38749159994419
-27.995022655423657
-28.430517154677208
-27.43789657121183
-24.572362675220365
-30.184312088271323
-31.00388430472406
-29.892994221547852
-34.4162738684019
-28.801860425377495
-26.81740751008904
-28.470416223382674
-31.956561362842304
-31.112304290518527
-30.535035183716953
-32.77138659481097
-37.48564565384414
-30.52579404514766
-28.314342183115098
-31.81018405843489
-31.746450933056757
-45.00107099076255
-35.44291254221266
-31.846681321472772
-37.32888852377413
-29.446593335457187
-25.207419274255827
-28.512691438299235
-33.7770902037564
-37.08584864162671
-32.43009403947536
-33.065991908537534
-34.113141241162566
-33.59087681868648
-36.64659920037871
-27.638632191641342
-32.43896317629209
-33.40511057820998
-35.874556251092024
-31.5717392248131
-29.263910684085527
-29.966387792653684
-36.79693759679415
-37.17574775599591
-28.36715897497908
-29.849648092537613
-34.38300426710491
-33.30143195636741
-34.014223349359945
-26.82156038735402
-25.343591799748356
-28.66113246597321
-27.1051874574037
-26.48871519418031
-29.825845037794895
-26.00677166269487
-27.95117500041431
-29.43277688160358
-23.108529354447526
-23.011817974320383
-28.939012391921068
-29.36226356215197
-31.976093893576376
-28.298417346975366
-30.867501961408365
-33.47916782940675
-32.63479788803627
-31.76026445890917
-28.031813288129957
-31.688356084485967
-33.43707484314865
-32.568886941632016
-29.998054564975433
-31.042516427339997
-32.54251468652893
-29.079277977991467
-25.9479637906986
-26.21409304627932
-29.255167198621727
-26.907859968389253
-26.15130174647921
-28.833506190668903
-29.191441655923082
-29.376404018271227
-27.173260529270525
-32.08135078828911
-28.411527105982593
-33.837837270084954
-31.831376127232478
-37.06621119307257
-32.17209546255713
-31.325540779237826
-26.015830729518207
-29.20080961410123
-25.627798064161386
-27.600687464624
-31.398981554882
-21.9960610451912
-29.338260217412135
-32.14034577785999
-28.23470143449749
-31.87285580348969
-27.93186857232738
-28.263053614530644
-31.4224038968562
-28.565415252263374
-29.473551042831076
-23.07386689909926
-32.12244633756622
-32.80906024949281
-30.772954698538328
-26.31197877109019
-27.174052131756063
-27.87918919675425
-27.00343492372395
-22.862738613968205
-26.988419968693407
-32.7182102046333
-29.09052183718582
-31.084883629206598
-33.13340448516755
-27.090862260823194
-34.91941227418181
-28.3241789881585
-31.257376859380386
-28.648493949885964
-28.006131085142535
-30.52182578232227
-31.446932246550347
-30.87586444608472
-38.268387885401566
-36.54005684198761
-31.899019298779027
-30.8920989118069
-31.311048987776083
-30.885331575773208
-29.68905530020766
-20.644544319683842
-18.991658991764382
-21.98052991688975
-22.460982227346364
-30.026410813065212
-27.013010839409212
-27.794427795420315
-29.547273411888245
-28.62940043345927
-31.734019734343622
-31.341451542706803
-28.479278048548373
-26.94910949706308
-27.745824875882757
-31.23179641418707
-33.54969074574641
-36.04386516182788
-36.49449515889537
-33.205977134189595
-33.0505870469817
-37.346840833743116
-32.33725935759951
-30.482820992048328
-33.25219126573064
-34.99092502128877
-31.235843176324142
-31.417366690879565
-25.48680479572353
-26.695455412847025
-23.201830998271337
-34.39115857474948
-31.160625248908335
-32.40850579174634
-33.142409925053556
-28.90871937412725
-26.704460379335643
-30.21845989686114
-22.835674240565858
-32.6704159910453
-31.393393532212027
-37.33634090125796
-29.063142024528993
-28.13759237798245
-28.15198877246936
-30.739472986332384
-24.259670665007754
-28.644144119924974
-26.124352278713207
-28.587592439449253
-24.573293251147565
-29.73630487067449
-31.88799972530707
-27.623713241346824
-31.090657529845185
-28.490323968117266
-27.605107448053168
-26.785560397618088
-25.28591094025681
-28.40615977076803
-27.43644473821352
-25.014945499669214
-25.64169896757192
-27.875554701999846
-25.944747947483418
-25.468365201065904
-29.558474270839504
-30.187463956315256
-25.98506416572138
-33.55321049106798
-30.105338936987764
-31.881347779406884
-30.958355515997763
-29.021525118724387
-26.927188698854003
-25.749346941013588
-25.009804959029324
-36.93372622262247
-26.492891233277398
-25.695995817007176
-25.27320083041908
-28.92283188908325
-29.219498386335125
-28.311469850345198
-34.00094468981919
-29.867624064401003
-30.326345671473796
-34.09531753433862
-34.78449499049776
-30.544811292368266
-27.719332373606292
-37.24619794784096
-32.100958119475955
-47.59856988152832
-38.51663724336443
-38.08469900853381
-28.823468795008615
-30.970094209301934
-21.395785452587422
-28.257146307359005
-33.851291781312234
-27.89617755895167
-32.04854881649866
-33.94684404806097
-28.783035390242773
-25.29206952749572
-28.435921551990507
-28.074912431499442
-28.626412710179487
-26.452212222310294
-24.844372649589758
-26.80768270565415
-22.973155743373187
-28.262714160046084
-26.6528802778993
-27.165371809643457
-26.760965071006435
-28.32412123155399
-30.38902810073222
-33.119663556318926
-33.093686128852354
-36.951188184595395
-32.13711689991359
-26.820130349325908
-31.76433117882882
-40.45218105894427
-33.59368200589533
-37.226617059594936
-33.6061012474174
-34.40116352342367
-25.271198298093005
-29.47759875225912
-31.19930446305946
-30.423792082711596
-34.10047835271624
-29.901496543000196
-32.54229839946239
-31.224474142351283
-28.209013822466474
-26.107337585561375
-42.38188235001039
-25.870669497229983
-37.43374471595423
-36.30306606328132
-33.46192397191286
-36.44908109427575
-35.46874790044943
-33.75682508686347
-34.40095023623462
-33.49154385870526
-40.94732061030856
-37.7392490600823
-36.20469607449753
-30.14607465840954
-40.42881567956158
-33.80504628366841
-33.25495492390834
-36.33815606236009
-38.24347822567091
-31.83803324744946
-32.295900175815255
-30.699958107962832
-33.77200781730861
-28.3395494303875
-30.815027031643012
-37.40611595781124
-39.36787251102305
-32.78514571440815
-37.268245170056126
-27.62727805303062
-32.80891803663748
-33.81282359622004
-34.61267981317238
-31.340997892884385
-33.32711666957625
-36.782678587743604
-38.474435774279634
-35.22214194865046
-38.849463224556395
-38.23826695279606
-32.1173155696937
-34.39736874183506
-34.57882649000917
-34.6685409456719
-32.233567629880085
-29.67623135729618
-34.12185263419128
-28.602252134282754
-30.959362983912463
-33.01166887870629
-37.540808896081685
-29.036096969446984
-30.513068869890134
