-26.58945397213851
-27.239692609072925
-27.136156718764216
-23.000953732924536
-18.422891987302688
-21.99094470869333
-12.62732478731324
-19.908651197830473
-24.40344072613878
-19.082684430254695
-18.66900019854936
-21.134268010168444
-21.16290242154587
-17.794817816126564
-18.304736827949956
-18.900064795157192
-28.679709334863382
-30.931601408041978
-23.545210715778847
-25.453801521806355
-21.622161381860725
-17.07029290483556
-27.095117915184236
-23.247425268248225
-22.67539979650408
-23.125581670733197
-15.27537103946324
-19.307768479867985
-19.09302731759744
-21.49756078236266
-23.545026923748004
-18.422437538072543
-19.051406945393236
-13.803904835661061
-23.006476014378553
-18.64096507722206
-13.73021184610902
-19.122295942689323
-14.39852357675703
-16.632071744224987
-24.068373437229614
-19.85284499210477
-22.56916810122482
-22.80165058332884
-25.857190936415495
-20.235617986891942
-14.741153439960208
-10.04716036885758
-21.440845568731188
-23.038738012231757
-16.06999520838291
-19.237466180416597
-26.290290842727707
-24.755072305040883
-23.84717979462684
-23.37883777972015
-21.406970541034635
-22.96519579830036
-23.53117430636183
-19.004821715188832
-18.056603819439427
-21.34219149952557
-24.59977404990899
-26.127339006587693
-21.276618014102592
-19.816690204909893
-20.36456047452829
-17.512094587031434
-21.130915182327797
-23.744710256273706
-22.822899689511406
-20.15716196573605
-18.333395194198157
-18.843924908714133
-22.645709765629118
-23.33013692569881
-20.905433025234164
-21.40349250444515
-18.67030352568627
-19.210326062381835
-22.238888302546954
-19.046470030512673
-24.70580810827334
-25.682495407489093
-23.44196620351669
-21.86617818120964
-22.451901824469374
-20.1489686282156
-25.867574488409677
-22.64585041898429
-24.495850949665677
-25.80317761174625
-19.622122947814297
-20.46550031596845
-25.597783781594618
-21.56397356045733
-20.984161405464462
-21.34216407707813
-17.83435709192106
-22.806516939757717
-24.353502888840115
-18.77962683901575
-19.083713948294896
-17.400101597178836
-17.433052658157436
-20.156885987787287
-20.125349753553788
-22.6964528532515
-19.27579207748189
-18.569002921842912
-19.736007007842474
-23.352322157684643
-18.268359791060593
-20.524636558018923
-23.045043193752534
-21.83940799854886
-28.804459925197442
-27.930082146604693
-23.158878246683933
-23.017764160353178
-21.70154766366869
-22.699151592419526
-24.75388375136396
-23.3102629993618
-25.934826273827813
-25.96848083035891
-26.27091559850427
-28.04453164432253
-24.20826063482922
-17.855548617299828
-23.15519399299805
-21.23443204727395
-26.382332434965427
-34.874214650255006
-31.949271107236108
-28.161363588489984
-29.039682318218787
-25.855868807432874
-30.74275477157738
-24.73592558666165
-23.075247654893722
-17.705180083208166
-24.107951763845563
-23.268422154678255
-19.681217364594982
-26.072584805552175
