-7.435746597532719
-6.323495613000113
-8.292099547089451
4.06876525371726
-10.059421092723458
-1.7122081221445906
-7.667315554105406
-6.5277794658218165
-5.834371521474643
-3.5317424486082065
1.219058569775292
-4.398650506878845
-5.441263925871213
5.074214051313267
-6.787207752832729
-8.410769399221753
4.164288572786117
-6.50558166067592
-8.406025828995379
0.6254696264908
-5.671435584810603
-6.0101323215133045
-2.9011848639844935
-8.070175842363573
-8.880386281214639
-4.217053963854416
-0.6136263615750513
-3.1744341552407827
-2.4393191420941713
4.817411614482646
3.338947599352752
3.9264337882703613
2.793145893912186
-2.5974262510901514
-9.845066347691294
-6.028658223336208
4.502138667439464
-7.004045215059897
-14.57435605498252
-21.99856210885477
-19.353386513917812
-23.315789120582785
-21.84606576879266
-13.055037062349612
-12.987383469705728
-18.077112658817715
-9.332845351183535
-6.123678364041559
6.74092192219981
-1.2654332218826867
-7.631305764873573
-1.9234731496261994
-3.294469878428117
-3.4617271793424025
-4.665441244920623
-4.8230024871904185
-2.9662391455404338
-4.981085596248561
-9.07454161624765
-7.496675852710961
-9.118639373961239
-7.429588633421015
-9.052611294584665
-7.388385880621794
-13.296480337587864
-4.495742661481889
-5.768329520225136
-7.773248282463162
-5.179803964173375
-2.598605701236798
-8.137912057671963
-3.480615227423826
5.2494777961425605
-6.8132563111417825
-5.831360282224871
-4.387794950459114
-3.664183337840362
-9.62567271804573
-11.398027924771155
-10.193464154822198
-5.697586247680542
-3.4337910919497032
-5.306956984611586
-2.83837897536766
0.8227955661553071
-4.075079365123789
3.97058549791173
4.993520722443485
-2.603661062658974
2.7216066519786386
5.01854619616598
-6.7653715419270295
-10.186077913730761
-9.032126167485126
1.8039525368856424
-8.13155902013119
-7.635805966858644
-6.682898944138245
-7.37747908130876
7.520461600899293
-8.587497162291703
-8.312186005935471
3.3779387523725752
2.4224360450654374
-3.0831075443398572
4.027562562349814
6.784765696467384
4.806930763199608
3.4394422192191834
3.427153258423525
-1.398906666490982
-0.5751583929373119
-1.4755373794522537
4.658303627324128
-1.7074455802398962
1.0181775577867067
-4.62702838075842
-5.000954678123588
4.838059018641145
-1.4067484176002893
3.879104085283971
5.062776925843856
3.222138480786736
3.133297154507441
4.560720903733541
2.770235153628188
7.115221106435162
2.71014268839051
-8.888129801815243
-3.4505124763398203
-4.573457440177061
-3.4800704038261903
2.0103573347163857
-2.759234334092733
-4.841816800743137
-3.288851932699623
-2.3675609816342074
-4.717469829663157
-0.6495083723960265
2.8601160507721968
4.838867231965607
1.3502688080591498
-1.121129777702205
-1.7127417357179378
3.910853792431715
3.1047315213483615
-5.716883640137566
-4.107750877615905
-2.326654810645095
-1.812223474018608
2.160312752780875
4.0712880212447455
6.894985707519351
3.933491869971634
5.115030028234497
-3.153311515895539
-3.3563241572672586
-5.2986817976571094
-1.485323625073143
0.7045955562455345
4.560102477674947
3.143762414315661
2.517641418886493
-2.381488409234448
1.2456153214861043
-2.3565636555723595
-1.245848248698913
-2.929609795248613
3.6805998366441615
2.253425045713275
-4.773848931494833
1.659682177391169
1.8063380489079006
-6.06933195946909
-5.4206619635918605
-1.3909056932555417
-0.22312233594648836
0.32666148288368557
-1.45423726619374
6.349949881830679
-2.1266848098701083
1.5518336500534882
1.9393964758744002
7.335549091658602
1.8471798172388059
2.572749243400229
-2.7060594706204437
-1.246264020133055
5.021330259351415
1.539605255487853
3.57039460216555
1.5024471932922474
5.017456350179049
5.849120549711931
9.933115243498428
7.762931683509451
2.2813642228174467
2.7736438070808833
4.735910744435352
3.184254688190848
2.770394494798778
-1.9653160895766462
6.798990315234792
2.9046930211943303
1.4914722359964794
5.422242361406244
5.3394876593707625
-7.479031565306782
-2.9443728323350595
-10.380091745955301
-12.233101630663572
-12.535607494474931
-6.454034908700834
-7.83511747033024
-5.826780541444723
-3.8113441583279988
-5.300269663765786
-7.717383697279391
-8.013387362121213
-7.48952709661022
-5.008893339643643
-3.3995936511831903
-3.9246502570697315
-6.885522096994516
-3.363992286298826
-4.2435727477009015
-4.143343865539912
-6.622049309742782
2.978892734301295
-1.9216029969352713
-12.315190437411038
-4.645749587049033
-1.677256208412884
-7.813629071298733
-3.074539664746231
1.998977638440439
-2.7996218474280696
-6.375869194762624
-11.963251158729308
-8.913313488367399
-9.058825012032429
-9.722430578471696
-4.394091315444174
-11.171376699332368
-11.474130663309165
-2.9704288950731406
-0.6714855763689705
-2.173517478355821
0.6552601999394921
7.503777826368513
5.685709777617163
2.0987644051733914
4.6902867925690455
-2.4128795680714163
-3.002794652910618
-3.513376141736331
-2.2386692167188316
-1.915230724784778
1.739381821994682
-6.549246638557584
-1.8531297064925392
2.8426173984928855
-0.5123968517762897
-4.315789432314507
-4.1221061252397835
2.0443246806794977
2.3212932836349247
0.5781911189296369
1.2669613402398703
5.277639060049417
-3.818611957951507
4.315225446888189
1.1423516973078949
6.3459247804344106
3.631650389437198
2.825800825256376
2.3334392543047278
-1.4129157154427991
-1.3572734298521398
2.8815975202202573
1.1570204391305365
4.202875770361636
1.873010616516579
0.422706716259938
3.8206117379371927
6.315227632745591
2.3869952083650077
0.8536648591946009
1.6135722130294696
2.195143139848888
4.692521928970105
2.1629882051142926
3.6954126931808124
1.9489906661553182
7.8442688841190025
7.61360540080845
3.515145215844633
2.5072213701979043
3.291874273715626
-5.501337674938789
1.130236664014251
0.8907925129054883
4.031361332052993
3.7266338874938194
1.7734661287274103
-3.981384906950731
2.794604073891076
2.217499594467226
5.710808920002256
3.954777263792945
5.394977300692511
3.1961017552903956
5.025062801933965
6.746085285557865
2.7580782964549146
3.443770828298715
1.97517954389115
6.712291035267473
6.172670389492517
4.1205720542572735
2.5239892982705783
1.8841036777260087
-3.499423912858733
-2.517090237570932
3.9448821201474065
2.3121688793954442
2.9508838223526626
9.33698207730918
-0.2643424321402095
-3.0282261672210504
3.2606605753033544
2.0591334112883515
-2.2194008431140935
-6.07911484242819
-3.930944432920082
2.186212443140751
-4.712154570784236
1.478338003009094
4.602803572555328
-6.064970886959417
7.923063288798855
7.123898750855814
5.662106000860313
7.987897452945857
-2.038720985112819
5.7572583675169
5.319284562801545
-2.1506015282814324
-1.0624074002685668
3.8191891080283438
4.851249398939238
4.684018242886573
8.254887484997754
0.9455748736085413
2.8307306313692826
5.852751651605173
4.461683799186342
4.125493961265713
8.45488295653331
6.539238080850748
8.957737500430813
6.810974932291794
-2.2552153663029393
-4.427092281314291
-3.3466935209665953
-0.8846746104441323
-6.729083461159721
6.349779343780213
9.445998483459084
4.143670636323341
1.5835725476784839
10.643402420511379
7.593873201049852
7.5956342922268805
9.709384956711999
6.046326471603273
-2.4042904002226178
-3.565594039314256
-3.0319934912255717
-4.2763543141361895
5.259954962622573
3.9115411659516024
7.551211475692077
5.100486166049329
4.481337537983008
6.475491511103154
3.6462874182927267
4.823246115402908
10.753686711263372
3.088411963031081
3.302581208311132
8.680868749955465
6.418145723068017
8.886433120283105
6.050736549386015
2.658044133163516
2.994930351658948
1.7282517561039517
3.1606835303928316
-1.7826333195580055
-3.8820761663475754
2.1276520375852495
-4.905917570385225
5.17005743008027
-3.654825199619157
2.151193272393275
4.9925705202051365
-1.9123818980214649
-5.916525166152655
-9.93178296471383
-8.321018341750074
-12.540762230730428
-11.750059995102728
-7.739610122138055
-11.865208666480394
-19.28279178794959
-13.568977644363217
-16.462239371080255
-7.974968966184546
-19.055304925528876
-9.828738192728796
-8.223253318243586
-7.713826803987691
-10.794551473029326
-10.415024683715586
-10.799867934881867
-4.099448690940506
7.212490287109314
-7.272591912799823
-7.146166862771001
-0.9360365148872619
4.152477426894887
5.587865277086488
-2.3682665178571067
3.6016000199341005
-4.2314840614244575
-15.053765856420895
6.942178434680507
-7.76063067526205
-8.832182007860348
-7.1493613259480915
-5.196799041504776
-7.1198470859105925
-9.633718544104884
-12.42160291455896
-9.583993833520026
-4.873457340831767
4.603640918485852
-4.925751222921651
-5.407147639544273
8.53569265301611
3.9610801435044776
5.360262315527744
-5.085114162655304
6.7126074137408205
-10.339848006010458
-6.661744718029439
-8.693870251657046
-9.207991145789336
8.684021811534016
-12.147150557342721
-15.030446170838765
-9.460201475238078
-7.024261694759585
-20.853766251847315
-15.58920787627795
-4.094800146651695
-8.805336840246051
-18.406418313780105
-19.711038604124564
-20.536386465713335
-22.787585539772817
-16.78114912485109
-16.854613211703537
-25.74526751406003
-14.071341820356999
-20.573953409328624
-18.65197197906666
-22.159423920647686
-25.801223102253005
-20.58606695672885
-19.694356871503192
-22.11905480421427
-20.270540273860046
-24.041818077305535
-11.423717184991213
-15.966644611672512
-15.849083682432692
-16.958213816203344
-17.789302178183487
-19.55957939185487
-20.249947695672226
-18.602434028636186
-17.610860761631475
-19.951200913151194
-12.67284058258269
-8.596103633676647
-15.825158476110412
-13.095755287313652
-20.397374496302145
-21.532738209504917
-19.05777590772756
-17.378283278250716
-17.055421542733722
-21.150997659435102
-18.694164698797326
-27.687947854657068
-17.415825047736725
-28.304734876104053
-21.882127284031263
-24.732781345689105
-24.698225983640423
-23.837109362501852
-23.350054591779095
-24.408303755397924
-24.45004370443221
-19.861872347363864
-19.840661932475527
-22.446873559901285
-28.185099150745362
-27.07960117719147
-22.76353991404176
-19.244314056328534
-16.00452706738773
-20.771943819712742
-23.039365500318837
-21.757652587776064
-25.460011578391104
-30.06787942850978
-27.110683947773055
-14.449880881600416
-15.956809914198763
-10.38008077568053
-12.196735449697524
-10.572702638952377
-8.362283449706622
-20.877404527276138
-20.185309911625662
-21.294450263075603
-7.542919664403481
-11.099360951391798
-7.397512719859746
-17.06936505557876
-24.479819473951416
-12.197323609636372
-22.11272584486382
-22.087473873860603
-11.801462335116963
-18.020170496109046
-30.1159703956607
-32.68704670763978
-31.137088068433922
-23.97269264142675
-30.5236797184427
-26.602902222919425
-28.828321521377084
-22.56014419947798
-28.54084658066181
-24.667586492173715
-15.992209936211562
-19.966200406598137
-19.157672633646357
-25.613643893943355
-27.63373539406198
-26.14284659987599
-16.67971136988396
-22.188465763155463
-25.052643135805567
-25.447198117225597
-18.64508383166373
-20.473209472188017
-18.860269890272516
-16.775977246425093
-15.06867502158142
-14.456282554210407
-12.084264950605123
-19.095139231196285
-19.741255691580662
-16.47249005891459
-17.302156664512403
-20.452000573390748
-15.018150441901685
-23.666433106476486
-13.776231201121817
-10.454679268974253
-5.406326263087977
-19.765003384464986
-15.435310366345893
-18.544876630184948
-15.407059558162665
-20.93890454636676
-20.130475103399494
-19.5048787267223
-23.131783337912843
-21.458890032878
-25.06604475789721
-29.13741327688761
-32.25618661990112
-17.216351353044526
-21.049855160438774
-24.367680289411847
-24.25326149889001
-12.549072002484841
-25.134677436055398
-22.719607525728453
-18.83495225259378
-15.730263016414517
-16.222177613970057
-16.440782538708802
-21.171947849730998
-12.3322993783943
-18.10537337791873
-23.27488706641326
-20.913802979087908
-29.108950890042788
-25.870684361829017
-29.54641702014406
-21.070478520143226
-24.752214177255023
-22.86910079232797
-14.753828744884283
-25.035639490250485
-25.22595732975985
-28.039497284689286
-30.96426639172003
-33.12309083364967
-31.13857988634683
-31.591294103238003
-33.67531208180635
-31.57266681476524
-22.568361337097446
-24.44814757708773
-36.820488540906425
-35.12276880610432
-38.30237540372685
-37.180541939638886
-38.11945779415699
-38.56694700423576
-28.232597958338193
-25.322767734232574
-32.9090391121772
-25.842442726507333
-32.36894572836312
-20.409597632875073
-32.44951724972199
-39.24238355197273
-39.254926549872984
-36.48714315111855
-40.855264973085234
-41.00989809273023
-34.56846221001793
-30.08085590659871
-30.827625064196717
-36.935934574949215
-42.3485372967886
-36.3755804493809
-39.91337114341391
-37.28727336050845
-36.689294154877885
-37.09476096626968
-35.42379675977849
-36.21652508908027
-35.710929908588255
-37.80629949035122
-36.65888286124451
-34.33626712133088
-34.90548525467473
-38.4633529070112
-40.46430535290043
-32.18235040827032
-36.074808651056436
-41.53652467428661
-35.92270636491792
-38.995716223394496
-39.86827853171383
-39.45681556384914
-39.68390863477196
-36.31911110896225
-31.329039562587514
-34.75412108503987
-36.90736743479041
-38.07037370534525
-41.749317883794525
-37.74835040343572
-28.40658121586296
-36.52275024507525
-39.132163073393414
-33.91972220827782
-35.272012264646
-32.76607333137893
-32.9489397671663
-30.47587887054875
-31.580989614777586
-36.92764569068929
-34.02294736499572
-33.17406676893911
-22.617983741150894
-21.753305886772996
-21.529536006720583
-24.34563391046635
-24.505314663014232
-26.6141489159492
-23.880167403058312
-26.22412852184061
-32.37301788085751
-28.01319667214279
-35.7425006980019
-32.30739341698114
-35.84765834024464
-33.80204032226373
-32.18711254534842
-34.94082701834205
-29.500761255585832
-26.53803643170209
-30.240149802201593
-32.30299152585838
-27.259422856032295
-31.169544871911338
-21.081654823187684
-21.738156659222827
-33.72899760398346
-23.686562093122376
-28.999370295060036
-29.630401814693506
-26.784270877106007
-27.00998777016711
-24.53646645239674
-23.780080965254776
-27.110420775848272
-27.507691552023463
-26.479934281608063
-30.641187727263933
-29.413215070624215
-28.738822971651743
-24.118151531121274
-20.695289066663157
-17.640895238804447
-30.32409013342624
-28.178138687642548
-24.86707770254376
-33.24014474896469
-29.165887432473898
-28.697261506592508
-28.81493442049937
-32.62922677920852
-37.09926000126564
-33.86093907181834
-39.54965825420288
-38.53511224150392
-43.64990280024561
-40.36946234497622
-36.51806975796695
-38.56039601127468
-38.56641378171757
-41.97156433036368
-39.887843190443476
-40.4335093715626
-36.33359209979069
-36.56376474078213
-33.286888266951564
-32.10472589553094
-33.84950650604549
-39.29271764074745
-33.13205794001801
-34.15939977661225
-33.73421461641426
-32.502403725921454
-33.859230313427524
-34.059921765000645
-34.260991607039685
-34.589282937298826
-34.892062838736024
-31.84631709844304
-32.95281997892739
-30.512007871828928
-30.74193961841647
-33.16147562598403
-31.27307094201187
-31.16245176033371
-33.09136233967451
-33.50003235487817
-33.259128497887694
-31.753089886627148
-34.37287478445043
-32.78283831831134
-34.09326344611733
-31.958709231794245
-35.196812404582616
-32.175848061115275
-34.56234929139539
-35.11086209834405
-32.54806608511
-36.34909793846032
-34.330631100184284
-32.060753225472475
-34.1135948849679
-38.35740691109773
-36.88793083644283
-40.36147007325514
-40.58410120355041
-35.86584879398647
-29.71088429503282
-31.864347412024557
-28.355500355424475
-32.283097552119365
-29.402635169640543
-30.985181899043557
-32.88001165289449
-33.660653335502005
-31.68782218000178
-33.46995259418218
-31.10650754406475
-34.566541679211255
-34.747547917374426
-33.34161287687491
-33.88756081155358
-34.950703635566626
-35.82246265444303
-36.32138164691941
-42.77497319159565
-30.94596358393372
