-6.220264645346955
-8.39184515575847
-13.232512640940213
-10.713727277863802
-13.120428180424163
-12.048892034978191
1.3540605332434965
-9.627852941759668
-7.332814088446432
3.0666332607674707
4.970459565486436
-5.248538394958392
-7.203176393638217
-7.236074642911585
-8.767523408695867
-3.9622336966060683
-3.890083704404791
-10.088418758055363
-5.4250527174764045
-9.490817431488496
-9.761688648196598
-4.009574715197182
-8.351936999005183
-4.404049052102365
-8.294079525599985
-5.22127906182144
4.95153360628099
-7.548254470435118
-5.78085472320865
4.361908960491535
7.144283854861501
-7.568259225581741
10.540924122826487
-7.5062893409119
-7.462277069882621
-9.92258332195088
-12.92827460899663
-9.734121844791797
-5.583775386132816
-5.599362905208492
-6.4057848090203455
-9.564488273046637
-7.837232697386863
-8.511259504017307
-10.50046504656603
-10.63309827292473
9.929756243869804
6.686888939325472
11.440076284993097
8.277962324123253
-8.673067726319667
-10.988453633543282
-7.871103140156432
-13.626633647687726
-8.618106093596099
5.2234368854869
-7.018287488308769
-10.245640240254932
-9.000706702178686
-16.57831423734624
-8.481892219047781
-3.279633149029216
8.014132746709043
3.812778626116404
-5.7367218940220575
-9.636600094203082
-12.871224956870877
-11.24852263776192
-10.322987624419223
-9.499395615596363
-9.702954412456993
-10.00551358408695
8.674405431336053
9.585774796505051
-6.733373163655943
-7.769715644883326
-9.720157448241775
-9.942323807804222
-10.001692906634199
11.397097994227872
15.669031658691628
17.683725854021425
16.77822529706891
16.81297332403654
15.41731750120597
21.749630492758477
17.216320552847286
18.14280116848065
12.167744015920649
7.961835829738065
17.958213835369058
16.413582775076247
14.937859212374255
13.597202917361926
24.69243123977142
20.5782566719086
18.985237901851853
23.904395178956573
17.12633372692821
19.96785372266597
23.592651309424117
17.043321710908174
26.898482949954527
20.618097840812815
28.4598079371816
28.637863601037186
27.752652380235148
23.507444412598304
36.20899704204228
39.85169024707004
28.493118849690244
34.26238785483367
22.907972860121905
29.832412532138235
28.39767671399198
24.439279453520555
30.499646036791574
27.686440843043787
29.812893165949564
23.97553352442972
24.44332740773743
24.00976712464151
20.712545124292355
22.195750104333076
12.285032664154135
14.155914554096448
14.462032101767939
23.45192109133754
17.576047035445647
23.49509170512747
19.619403808799554
16.736330351262453
20.760540066411192
23.902890367283383
23.932896369372877
30.661135961409677
41.03971654468771
30.559081481423554
25.50173127879904
29.55843517911055
29.408026819676603
34.47306541115397
26.00207724410416
35.83845193690293
33.066476077816176
33.90845007892411
35.22551704547792
24.410828930062273
22.931595663000262
28.282673820578374
29.324991595660087
23.978372295520302
26.948688799190965
28.983930240978413
28.874474643410505
25.671719718660082
15.018515955551008
14.874140997400389
14.437086328165396
17.16236945620864
18.014749656841058
23.05648171738345
26.502621345582252
21.363950307475175
24.00446856737152
24.65860583663284
17.505477825533863
25.014823627263436
27.519712500988376
30.468537384957227
23.71653602440171
23.641240510069416
21.469676810778008
23.723248880923457
25.09910963696053
24.037680682740305
21.509280716097937
23.748450076297424
17.949620047061448
16.616786053875074
24.124801286016712
14.604155572452354
25.509038340698385
25.414568726216096
25.056736108523225
25.28580281167203
28.18008851718969
22.05111532314582
25.391138209140195
19.181794220400146
14.153604129338746
17.39928393040048
20.77854791348043
22.50713301235828
25.410396160244776
23.860478910654862
19.77667145872544
10.125632029855625
18.336442131882052
19.4073989795804
23.108904638638855
21.619296268410984
28.648535423130777
30.963939790037127
