-19.067376367480907
-14.935450849019231
11.802194568318
9.324322791646953
-18.003688980320984
-13.13573438305224
-16.238347517952665
-14.589733265781533
-13.255175350801956
-11.763851099201288
-16.084446715159913
-13.629569269270124
-6.86588518889404
-15.689351684048438
-15.653817367382697
-13.398525165825056
-6.996740018767416
-17.390749280566656
-12.498688998512506
-15.304255205696869
-14.44558389678737
-18.71155836359752
-14.41662417004472
-22.387248819777955
-19.052815536908657
-19.83153181492256
-16.95886134012121
-14.011637577964377
-17.517894981288233
-19.47958787300718
-18.00823034667725
-16.26143500938746
-25.649882457010616
-27.842319830661932
-22.288384294507917
-22.030658615653085
-23.928671251542898
-19.302986570972976
-24.091740884558373
-24.15026897740435
-22.689706988128364
-21.372388824915753
-23.3088255520705
-22.688255433555952
-15.353873643881832
-17.899961136701016
-21.334340072864155
-24.522685938873643
-25.858379217185423
-25.58449660472965
-20.332034157382395
-24.3282632634206
-19.900325576587893
-19.496034966018826
-20.755471967946615
-30.900800449408003
-32.1028055265437
-29.13037051531194
-28.747056398946096
-33.17313371797061
-25.468904784931883
-22.86916286378508
-14.50675009583725
-23.975196772735373
-22.75680637238411
-24.738042905716085
-20.46440439778048
-23.14592702159591
-20.38305958869559
-20.5640946867685
-29.059129058308596
-27.798857791687183
-32.574826326011696
-24.00399864270028
-27.167307019765992
-22.54997706120438
-23.805114303390237
-26.334862034448008
-24.305596683262923
-23.59819999216007
-15.368855371193186
-21.41047779980418
-20.297344096597282
-24.986809933750344
-16.509926405331715
-27.95666731429353
-25.134212897512686
-21.43111402785362
-24.24997121500818
-25.887293001621543
-17.84522452289471
-29.00993634991833
-23.86157865404609
-25.635214622964575
-23.2078680889783
-23.071482809377063
-32.85028213858961
-31.950934257020815
-29.92307847061975
-21.63754128521046
-26.382160482532207
-19.95225204834797
-20.5613820720904
-25.109392281218575
-27.533612036594292
-27.106095853244295
-31.461770091939524
-26.98050777733563
-32.430270114034
-27.8576149162344
-31.08455839748264
-33.39617490467212
-30.905368644155192
-30.01377828283838
-34.20589356437938
-25.761382095183325
-28.547162796516552
-31.64303824063201
-22.82450983563615
-28.755147723018542
-32.96999270198979
-30.015013500451698
-27.267229387907243
-24.09289521123779
-24.369044033003426
-19.32317380489452
-23.133112006826714
-16.38523715246169
-24.076963918287497
-17.53983345617709
-18.789215493498457
-17.59040819007046
-18.92510751304635
-16.20926237834649
-18.739603354669924
-17.23253946400897
-24.359253680232282
-17.201841025018187
-20.072911955419926
-19.066185117682863
-19.714316665547262
-22.251136140954085
-21.320842657157446
-15.311843817159032
-17.955382924618217
-25.370356986752633
-15.930256619698012
-16.682814670346975
-17.574167501638364
-28.132056258674464
-21.278987936801062
-21.23735102188984
-23.973791346756574
-23.03285931291257
-21.51554518145631
-21.209107720929254
-25.77146679195793
-28.138951715478218
-26.897392660244588
-25.99028806529694
-23.031590959788772
-21.673450456890716
-23.418882242819542
-23.727138688511506
-17.981940485261575
-26.252032669994495
-28.37182577357176
-27.293368526757977
-31.415498146101537
-32.51541247186457
-31.564066375689887
-33.77176221128051
-33.86061397828688
-34.25505508635852
-26.079508613829702
-26.24664792856536
-23.794894850207914
-28.361928981354737
-25.976082777741166
-29.73434443982263
-26.533559793597036
-35.650587090535474
-33.486413378818625
-36.15550998119873
-35.330083275105906
-25.33991850277728
-25.92744110825712
-27.536444185318423
-39.198758695720514
-32.55150724346254
-34.66890998498335
-31.393869017454417
-29.548028789506574
-30.70570224210138
-35.87420656158314
-31.223041523912254
-32.18172037423079
-26.803453422518807
-26.128407769592613
-23.841827539788646
-28.283597883255453
-27.655861106078035
-29.65139799385346
-25.002381000898648
-31.830083845344316
-31.922440072055448
-34.529219357726205
-30.426503501888888
-34.583650031180554
-32.8869198972159
-30.44579578584936
-31.831501529690623
-24.680804864767683
-32.72091102210085
-33.74094723788847
-37.637411419264176
-27.20608653663838
-30.118460413774713
-24.915197232276608
-26.486070087676786
-19.874243201771
-28.432313622097862
-22.43817684683346
-16.743231566241445
-22.647964713965855
-26.899585502506817
-30.322571477969817
-23.017417671869836
-33.09851426934685
-26.762584904460283
-28.23278017406543
-25.90598626040677
-22.617945880365077
-15.210464849624541
-19.626196126009305
-21.658220845302687
-29.215612531425553
-22.45452241366023
-26.777672101296048
-24.460904891100277
-34.17126425030898
-35.680372379423694
-34.63613968445435
-35.430189243819626
-36.18760933978831
-36.046830484312984
-32.67706720566967
-25.40532452789733
-21.88937266533712
-28.562087188082064
-22.278952603967365
-24.050720002060245
-26.454719689734613
-21.97941269807836
-23.318022343518905
-20.46467696470805
-26.018647191918244
-24.508038113631436
-21.45995217790679
-27.790769110345792
-15.690346280834081
-26.34019966937323
-23.091896494806942
-24.270075603644298
-30.808465639236452
-27.335287814481863
-21.9259493663211
-28.643907589998296
-29.87879475269257
-30.985822768006628
-29.85239952022758
-24.317005019618595
-19.45109866494798
-23.648733257690196
-22.123011890826334
-16.132685071492556
-29.53677861626872
-20.423949641919265
-25.674545672324463
-21.944746512022398
-20.94895647078491
-25.400257757810106
-16.443988296530183
-16.12927404199747
-15.976372185981106
-13.692221687570266
-15.174833905493106
-17.07114006828441
-15.713136262233903
-13.111582410178109
-21.166267752502776
-13.212447605645794
-21.387660575624196
-18.75804593877891
-18.36841486154515
-18.67136529886166
-21.533105173657805
-21.05734205121989
-23.541204597459586
-21.826324593668257
-24.6293000193458
-18.334449098780343
-19.945271745026613
-17.51647172315789
-20.759536993130677
-17.911791660852078
-21.583413108822636
-17.70774106377165
-21.717948307266976
-15.486751497098304
-21.74698904997365
-19.084262410245856
-20.101041110263402
-18.325141555953707
-26.949722637583758
-24.02685607161681
-21.963177490047748
-24.650758996723717
-19.948474765804917
-21.6352413829014
-22.470730217860737
-25.076207194931662
-24.658202097702784
-21.509632935132572
-29.69961002011798
-23.6631889493962
-28.060380172987394
-28.870238479096702
-21.093000995337036
-22.808705770615777
-28.969581353255073
-21.976136809727052
-20.792462327904577
-23.342681183987
-20.022535040241326
-21.979047649516747
-19.13211317720811
-20.998506480105206
-25.622726878500853
-23.411093728078082
-22.701345838533168
-22.250745303757533
-22.634100360981428
-17.2835380861975
-21.21124886125844
-18.75068232199938
-21.81761866811147
-24.622269630257883
-19.288758492703117
-23.14208447478121
-22.647322299991643
-23.381844169693952
-23.006745170359345
-15.719652951152636
-20.500351414045316
-18.25041096729819
-22.743475712128422
-22.97345136541792
-24.189951603136432
-14.954194916140558
-20.143519047903467
-21.889148745295575
-23.501776320601294
-19.858523769854486
-22.910895345468976
-20.341303629258835
-21.09324423448849
-22.50262205654462
-22.568823118848947
-21.213850843852676
-21.083282557408292
-23.98808872325243
-23.651805792383552
-24.000805209379486
-23.08916810634061
-20.340605059563345
-21.251340448315762
-22.729172332667396
-18.11248111700256
-24.782443169844708
-22.75478052083353
-22.845471675724472
-21.520906030278706
-23.33545889935271
-23.625532442635958
-26.3403023190511
-24.242901315931654
-23.296774943972686
-21.671374996198164
-23.850103699734113
-23.365543952413528
-24.83060091525404
-26.6464679017037
-22.98709922582614
-21.659524560913336
-16.919779231619415
-20.146082807381717
-22.457798722054882
-24.06786609439575
-23.636064566266512
-20.13788992500478
-24.86717631121909
-19.193682249189354
-20.82105759635521
-21.557560906799054
-20.994907434256408
-21.199598771920282
-23.856684967250605
-24.48012231530565
-25.431548239413175
-21.003196636110797
-24.020298063944463
-27.774888768350042
-26.740666274719885
-22.84526006569507
-29.46526861403012
-26.061293059941228
-27.577504049537257
-25.132267653632663
-26.151345710793994
-26.237844688506417
-24.733412245925738
-25.466060148806427
-26.325152896563722
-26.883056573091537
-31.784246847443715
-28.93174033025392
-33.09987968187664
-32.392104859548986
-25.342255807022845
-26.967972595168337
-26.594252514271396
-27.06714471372831
-22.710884162531
-29.90262327016962
-26.713453382604616
-34.27785546746022
-28.37491109457826
-20.953787389102644
-22.335093774425722
-26.025976708411314
-22.171512528994754
-26.63647829407823
-26.320489648104775
-24.15986527524333
-22.448670402785144
-32.50273324255388
-28.730520971534386
-26.45574554360824
-25.60499940020884
-22.18485365573188
-21.477933701238726
-21.415385759669004
-22.647447695009625
-25.637453430707254
-23.69238038330896
-29.060665030107543
-24.56566880944569
-21.56992875756575
-21.17535700871559
-24.938589224592562
-22.29263250334518
-27.455684312931755
-23.589910445376102
-25.6433837476298
-28.82272706763672
-22.93388259055112
-19.6336208435326
-25.702714160963126
-20.60750938642469
-21.701645254546786
-22.236244118252564
-24.01092119854859
-22.84682815097668
-17.206181857283262
-24.18989016933112
-21.93697693445565
-22.37738871891379
-21.145941332826958
-22.98681733935303
-24.710943050348565
-22.468570743723994
-19.582628887905038
-22.307128071901683
-21.261241180895215
-19.154095707650942
-25.581506837644756
-21.008145841206
-18.752297282609426
-21.384445804039608
-20.155435223251835
-24.690756240657333
-21.428809246083766
-29.14105243293521
-25.41842193604489
-25.059144652866284
-29.67348069349371
-24.135602448032426
-26.74026009262916
-26.07789305187821
-20.93228111975626
-22.842771336223382
-27.745572104279077
-25.938611314704808
-23.386480425309454
-23.12993290461758
-23.390640471363373
-22.07585304242726
-25.290306491477814
-19.978092495867354
-23.267464820069808
-27.993085690590352
-23.41575161977004
-19.616789609958758
-23.302038914123905
-21.138300897234057
-23.222863627743344
-21.176942748694405
-19.75776321846114
-25.91689129452747
-24.217233323347763
-22.937760371800454
-27.420096606181147
-26.132569500861262
-25.06805045295342
-20.24006709907232
-24.35298530554
-26.696891588037413
-22.150253518255532
-26.196609597321764
-23.930729529042328
-25.30950012210294
-22.977493151502028
-21.771560217511475
-23.333378104792715
-26.036376915788065
-26.226696549249
-20.669247606859855
-23.118627887844344
-26.726967660472994
-25.594171019827087
-20.048808884557136
-20.14649406914014
-21.80191263451192
-22.141880590656438
-23.548920156298887
-20.17985342418986
-27.492824231550085
-15.965919512497521
-19.450332444339104
-23.106302104802904
-19.429143105560293
