20.560314299387933
25.138400598880366
23.205940382842066
31.63204851005958
25.79821094104785
25.01444016278728
25.738310715895583
23.634675539852932
20.52415524648024
31.099569109455626
30.977201165366072
29.810120110471377
16.869288597442516
22.475034328849258
22.363167913871568
26.857704719830235
32.46933670415629
27.727584464188244
24.241058812038915
35.477004384179224
30.606523692168537
15.720763257175106
25.866688540857414
21.853053867605237
33.10875481185289
29.14708531593132
33.35546540022617
31.347404426525653
22.889649645538793
39.40714732546602
24.60181670177497
34.63533147614122
35.796609337911654
26.025956271632744
26.957068682977297
13.561928885560922
12.13522640076461
8.390283938248288
13.238364358356668
26.174142624460174
19.91190084151203
27.756204725777867
23.156023979428586
22.215049481863176
29.401922579307946
26.96221426649674
22.392260808627505
26.618163414825236
22.666940915070082
22.163974515770473
24.044400960545566
20.425884547398226
20.141954817976785
13.817489159544321
21.869553534692386
25.304575080287414
25.539904276233326
22.989530651839054
26.162601927500347
27.617573970774213
30.24499761691974
29.743741622739154
36.330260875916004
33.35653374887474
27.25524802460592
31.976636839694397
33.0061861891865
25.76873229275356
39.72497589759879
26.836460846490038
33.0192906426873
32.1805742099292
29.722698157287436
24.397236529656983
33.43039415651042
35.45799555789767
27.62717420177956
33.476237025679055
35.20508592673396
30.80279972734275
29.837721835862293
24.764173356161113
24.909811061343454
25.27243851894086
15.159625539576428
28.71027905929499
24.610453903111118
42.71978888658651
39.30674636909809
34.85638787274718
30.357954967284517
23.593934053740156
35.77470095628551
30.94081999038552
21.880687494074156
26.97647021414169
30.729594987967893
20.357248198927543
19.16024205767189
11.546182672710074
27.966075755090415
15.46239876142507
5.462530609491361
-8.323816336207308
9.701888728005295
-7.722251545819571
-3.511064510780784
7.412766833433579
8.695056233387128
-7.258506569309647
-16.554325562898235
8.764019453142586
10.996562461399769
6.879719915540361
11.433160917837242
12.244897703872386
24.283692845765575
20.565914931127004
18.726009363188073
-22.06627652637488
13.237235898672338
-7.966970079071319
5.592913290703356
5.337751220436387
7.17476016805396
-6.931581127099488
5.259267104477007
-8.31645159422649
11.729903478651766
2.597866663581517
2.4555925998585937
6.59098705630428
12.267463001086412
9.243851274653178
14.217782720006436
10.247746946387197
6.248787466704539
17.025942464953612
7.638998006966081
-0.4672424342972671
3.352234543715561
1.836730110927354
7.282874933592273
9.653035736099403
6.564354346211364
3.624742018219719
5.783396071641132
2.8234569277271566
8.554940821135217
6.768904741118372
7.944476922855395
8.798294397040527
4.069468446519056
4.7645583782426
11.100324107485347
5.401831385691579
3.304259078217628
5.890110386869063
10.900734615456116
10.66285530403032
4.09894766385613
4.308247765674984
0.49097132598049736
5.723517205267019
0.705432716778789
4.075859585096097
5.976581709662237
2.0545016675126053
-2.721737647391081
-4.79519329665176
5.478788396736506
6.685277605593888
2.9287385683666454
6.691642688956321
3.3689054589220966
14.197161194093471
8.633828366462772
11.54559836516758
10.666646847643655
4.960394334847008
2.0343485550752987
6.514665872543601
-2.5206042549906855
4.19252571722732
4.712019348928784
7.090971448456519
5.048371263753572
8.259140983472596
7.829615383546021
6.358858997834736
1.4373613727136254
2.891353239845433
-1.4217377846898553
2.9672393250695475
5.418253481244892
5.326443204974697
11.881342279630097
-9.768937579433539
-8.974491325138848
8.320009624036313
8.568082661573712
10.583107002690392
3.7960995570630516
18.939369881307382
18.680987089753476
13.885963730518425
12.572553772853425
12.54420391080895
12.091323582868412
5.842007559476627
17.601619015773014
12.617606489295449
13.066263118328568
14.454248815740987
-15.134940409530175
-10.07032999906237
-8.376663594749678
-14.05774242645262
-12.172470148658217
6.042748802085039
5.928432422834118
6.327348840836988
7.421186582553621
8.584050550459704
8.00060093064839
13.218200248552115
7.733811847943561
7.236522179888359
6.290634319874686
7.359329374807428
11.293024879515078
8.311458227196814
10.348258529963912
9.113007820200004
13.28580496989095
8.39544359185855
10.138121122697838
15.977574818191533
9.447819424236851
5.341670058806562
15.673225655469487
13.150388266797112
11.889184634796647
12.984193797833036
13.353928238233184
17.444532272478803
15.540877448304718
10.280517797659394
10.835082340487363
14.693331365772623
8.726567164925049
10.254061000356218
11.42725433491674
15.815379591466986
9.516064584620931
3.375627438171194
8.360897667801078
9.343834900090554
10.229998495064653
18.3666272899268
12.18494658017693
12.632951914681785
18.17013024361627
9.511822744366679
7.946549930831224
13.031935035260638
8.754184637779465
13.255013751092415
8.46323902768105
10.088739651634516
11.483644454122038
16.428021936562818
15.551837884743911
7.923844957173832
12.561094258648916
11.147931306044377
10.722086053323391
7.482108163788429
11.639524916119932
-6.4640878227452445
4.534331728089527
-5.370810771070409
7.7855744420438375
-5.177658572463569
3.878355259136856
-3.9727030969737265
-4.044005886189889
12.536729157903512
-3.8211639143620517
-6.963697494858121
-5.228769604630706
5.135159733553064
0.9760603479836584
10.43128299357502
16.99214242872017
18.89321661992641
23.306473828951155
12.195087564294484
10.301578233586913
8.424617228375386
8.197574995742203
13.475788277673741
10.695383095904306
13.918498661432077
16.33653846437258
11.89847662072324
10.416099145154806
11.33116992565112
8.758445042317682
12.287315575111014
7.354795738867685
3.388329689552242
11.32866074303279
11.929043611538136
6.2002479737705105
7.336753317413183
6.015792915648377
4.09935574910256
10.065085178499215
10.823759799123394
11.923285484144305
9.617949654317954
8.202062163089101
7.050561445979687
3.5849544859074203
7.204952449772188
5.8369013856610295
6.3031270310108525
7.173768725446202
5.196965164328233
11.267081805792735
12.116564095625833
9.073550469180338
12.239743180417918
10.10893876686702
13.860086103704964
19.254551031246255
14.193011897307146
8.944355179101985
16.52238264436264
12.64940303927492
10.042496665148922
10.387685275369966
13.818478293250774
11.406769350424158
9.680614212702812
8.24864329215844
11.773447239764796
8.909562898416382
8.632251850731771
14.453559120823517
16.93004427167151
8.069510639894059
15.806583757536096
16.616936990585845
12.413648213036872
11.738637578108493
7.761014796475579
6.9762337153339
6.1579691770548415
9.883942637511028
7.4172673573681625
10.806048612620218
11.978538866775601
14.035984605601582
12.039567588375942
13.911143593800421
8.226810044108394
9.94117767274272
9.656899152250615
10.32368944696911
5.705027468699103
4.927303471390262
16.8572248459614
7.729395454794023
14.293222244409678
12.617706743167641
11.527406590184727
15.007679645765272
8.658375868365706
11.471101133295441
8.828998618034602
-8.776607243864225
-5.321820531528899
7.155729250897529
-9.384069351102214
5.496995210613261
-2.155702958825576
5.389901946386856
3.3294723481309054
8.28316099930166
6.3123189549993315
4.422621073577396
14.049666876160789
5.499694023883433
6.347245441463666
15.092295093840987
15.221016134484577
11.3075948773985
12.398920488416932
6.847913001310034
6.3788966724602165
10.051140704400938
5.018321583199841
8.387867469807052
9.781543721425761
