22.992683211454104
26.06278304371001
29.2535231282065
20.187233525939774
22.23592680043272
15.841166689650096
8.209785874670633
17.214016991141698
9.271614291195245
9.804764124697018
17.63746292987005
19.314790041869713
20.758986427264645
18.086501863058732
12.357803629533237
12.694337608439723
9.877547121569648
6.273923797763644
14.243622647163434
15.118241204914531
14.967399847053667
15.998056178877134
18.68227742917115
9.52785400125015
8.880509253699103
9.398912076285518
18.340189849928784
14.794088869628078
12.206556970820428
12.02630211793274
11.792510013431375
10.601443509130819
11.121239069471002
5.180632593455283
11.368815612983404
1.892292218999243
14.414808354156712
11.89060878968601
15.532473727264298
8.645047512205172
3.7915595394116286
9.794983388433037
12.217005169265859
5.552854898987087
14.415546057291493
5.947460085933515
4.361521033296226
7.379099248505428
10.361705059093842
5.627556489182647
12.997870046966169
18.03580398864708
6.414131360845987
8.314061114349858
10.041077984710837
11.853444529022697
9.22758763162248
19.1344685879685
24.513115024971718
29.45245382187599
27.477271316149828
23.728945149802534
28.82647028799084
24.966204082370595
32.529717374377775
26.45617356559869
28.95737310796031
24.41379349278781
17.326047347898694
23.800503245190992
27.67769212605061
33.34024320011845
30.60981058653451
30.794179444309567
32.8949486469272
28.25597398368381
20.725415139185884
25.914136630787745
35.015459605271275
30.734603653870245
27.680564529963814
26.656068403635835
30.58644094921464
23.181586552017663
15.35789054718549
19.317003294985938
12.496947320722272
17.688512770712023
15.120739199096402
15.73351749457859
19.04683165172531
18.263230907051785
18.961867189265085
12.93197903081305
9.7309807976263
8.290192773423653
8.044433278028615
28.8448310339373
33.567292793193666
32.99452540834783
31.66599970353947
30.57826881077793
30.63306076954253
33.85688112131865
30.268501330442568
28.40799489002367
18.397730360016183
11.717078111916322
0.8904802648617235
12.269499140296396
12.949759439348291
18.072627298267182
15.936633198721113
14.090339253570379
19.66488195634051
14.777482327127077
14.306545927688655
18.634376655412005
19.565952298045087
20.60612726603758
16.394610363397096
22.488538831476248
10.744811973089869
7.362622985256356
14.83900880022299
-3.2366079128232745
-7.584921174989364
-5.367076498291214
8.263937524117557
6.966683951361669
-10.262153200956671
-11.929258240827554
-16.092943519475348
-12.24167168595138
-7.154188830674504
-6.011105241390193
-8.881689912275279
-8.35338258698275
-11.876729336992508
