3.28517755533697
11.133710836104898
14.613029716722973
18.64626144320017
17.916055160562088
21.98869517624609
19.399678135454423
22.9873726384824
24.949908372542204
26.02472817018616
25.26667609370968
26.242191129846216
22.54392151094347
15.535559291163912
30.78680277401965
25.525902882836164
25.129499868492907
31.789923531629316
39.89635550255527
44.59236086358904
36.129747960994735
32.32471050533722
22.483017307542195
23.173574466383496
22.841976982546708
19.799197456924745
21.902233020854045
25.900875893579872
29.60276151119956
37.68838280718721
24.811372220549472
20.59190212863743
21.801206886892533
22.595638087829165
22.758331477973822
20.75609430772207
23.532023238698795
24.254994274165195
20.123949029895886
19.106157280010006
18.38958885671513
21.222980247967666
22.637910829349916
21.149444513743784
29.48578581001555
19.150006322335617
27.484259885106184
17.664603108981186
30.962718306217408
33.84602604865195
24.99010717570229
26.985228005870365
25.80522996678448
22.95081658051648
25.528838272090145
28.752626441829975
28.699722334168726
27.086290072574638
30.518648859289534
23.65596560014967
21.988851954821413
26.726866446031945
26.40131068700775
22.969293631746215
25.529858171788682
26.2521545429642
14.495484086906094
28.38329496670575
28.74887458380425
30.049214606700573
30.956137428093523
24.24316813133463
21.66830464046994
39.5156297499254
25.889190512853276
30.38398533479625
19.55694611708676
27.01512070497495
26.668286671787087
25.487561692625544
31.558272698801865
31.648881371273838
23.51503352038547
27.75930763985489
33.32116925391963
28.99671184134208
36.21374653651646
34.57223836270435
26.129150635595312
26.42480815784375
35.85833480112095
24.95043174199803
34.347230118239835
25.029407399576804
23.792714234301453
27.956190551500047
25.58333318943243
32.52757496056573
30.362731020125928
14.605143123700776
17.08965617482196
26.159149076460817
29.526504337520404
28.30915284618749
24.99244769754487
25.86101560222046
23.482485948703722
22.53952016005885
33.571774331553236
40.0011615409496
39.88329742821058
39.91849136498622
38.55699084055776
42.69143022821784
29.291499145500175
30.105889478754985
31.41084185377837
28.053636881479758
19.107184566098034
9.680692407149314
19.254435434166556
17.675478204447653
21.23655314946209
24.22534204356135
23.678416458248073
12.481100540488637
22.88306024571267
23.205902781968557
24.753048221982073
20.920704843044852
22.298469752709142
31.14643119994177
33.73657172545842
28.255555266996474
34.612753399255645
15.346205596818177
20.50230917830148
29.19668619958668
30.92752942195979
30.485435673356672
36.38498687794179
32.09690890592466
19.65504935698079
27.63346632224259
24.75206034680261
35.39194968883582
41.23097636641928
37.87247553110079
37.322419618018294
35.90858755069602
40.93659845070486
41.96749927014053
44.6236072710942
37.53265528618022
37.660385569050895
45.17167490798041
33.44931222300033
41.50901286587123
40.14028038637734
41.86243407178556
41.8601754087167
43.54978771041166
47.08011497488723
48.99696333728038
47.8081485426034
40.97478293434103
39.899367319657024
41.78419734865854
37.668702299646505
32.54773652846108
41.2607088507146
40.1240508500335
46.91560506809555
43.20124575183727
42.800383822438654
37.55342361229399
23.943783845240965
39.43068857069316
39.055137814800084
40.018726002180564
27.08934323557451
38.330562533252326
46.693023890177315
41.79623583107212
37.51591643304721
36.41321541871104
40.18868391667628
36.986530834365794
37.7886908315358
44.70411605902047
42.051200726467165
45.5911211602262
45.96087643657085
44.38311304123648
47.48120757398349
40.23467228870641
39.54839028782051
41.18971909006033
41.4456107400954
44.524016722521154
41.704933281820566
45.40750914592415
40.72142800541632
42.77886056233531
39.863036051488145
47.19529327621279
41.17664975820739
40.50400371265659
38.39355349943
36.7719635358799
37.00619396974272
42.37790955423425
34.91671216701335
36.85094676724883
33.94628853938771
39.594816464418926
40.382575148622706
43.58444640950466
41.64041700470638
30.43325292323271
40.08887873910775
34.21961160850112
43.622417509669916
36.09504949237206
42.99799866783051
38.885128537654644
39.42903698018794
33.750168623517474
38.05033868067429
44.05705758282483
41.463912639690605
41.03899234966428
45.550315887967116
40.9523175172594
43.67840008605102
31.742226945030588
42.94590434517747
28.401614023191993
19.234798526326113
29.186394519930694
25.519794147270094
27.05543601847405
19.335797357768133
21.632146494843383
21.191388112652426
15.582017030052382
25.452587327688295
28.63066981569068
17.508307370987723
29.625434370678953
23.382266693722244
31.3633865625336
19.927129740420373
8.491744481270068
11.602908688989016
9.609928070612396
9.911824558664577
27.336486085712444
28.07587311676551
22.934237936394172
26.722228032926914
21.976845832117622
27.36629990327716
36.2425665962083
34.79434875801141
32.276163519880754
27.342854896821834
26.18265547803914
35.259792745198546
28.76626424252132
28.40387109517126
18.585777002949857
21.703682657351308
27.74108608340833
23.96104892092176
36.02481816790952
23.800444485752976
31.37825586357461
40.852184798509896
43.27671251676131
39.87623126368451
41.63269691434274
46.45556385953764
43.19175769826031
41.92310084877891
47.42339339030764
47.731531922899045
34.16078878106538
42.907729733570235
39.295798454765055
27.531746838266436
32.77109480722353
40.49515162462345
37.20430635593732
35.12996935540124
40.73224506796374
41.780803986855794
41.919900363816836
41.024932553273736
43.45901179746541
32.78774976985019
34.268614957492694
40.53844877928773
37.45451293613788
38.435622513987326
40.53615100228495
35.67214097107891
45.76625205613111
36.88173996638653
36.61405072774505
45.431762041334515
43.87628008771013
36.13136747918298
41.61081925199227
33.43700461887714
34.089874161448456
30.47733901479566
36.73639955432265
33.26603584298688
36.60049324997633
37.10377561806358
26.206968371235245
26.952507587980154
24.514010385219812
33.38601638920142
28.912438973938013
24.195215098344722
25.658554799706437
46.309686227060865
44.41002009950785
37.86443468195281
34.64524771193659
36.6684122945999
42.89548474204684
36.7116801766563
36.87980553518577
33.58866557375804
51.240111414223406
31.649505114970278
26.596176812586908
25.180787111007348
30.41877229016814
43.748206779502944
30.959303091489907
28.473097681147564
30.34348042757442
33.04954477233692
33.62635976192662
35.55167087081457
49.41269401765596
36.04317353167377
32.94851022667984
32.36811199547681
25.310817918134838
23.31912367026327
24.912199808582947
24.753156374261355
21.267888673921924
22.645151872929127
24.922667443266054
23.98641735520193
16.048956069497457
24.665169809429308
30.58440592714361
27.932332425011218
29.744138012459675
30.7838307183672
23.935887376956337
22.884537146203627
24.088700298307852
17.965128173378194
23.366758555508476
24.42692023810517
26.709065352248277
23.53355626312936
27.875539790835074
23.814083354049707
23.092115827175537
24.383163451114374
27.18024524812992
25.06691399723417
24.816210375373455
21.681301720949815
32.0067751827723
17.799608855897937
32.460758156202864
26.831650184911165
28.851120351910936
43.37446256617692
48.84029253634487
45.97383248295721
24.50316365614089
22.621346369977488
31.279479711975696
26.581189372997283
24.901625687269572
27.682681827642277
25.867467096076528
23.41947006721426
26.46594840796178
27.13136088001563
29.998712941754558
24.260935846352645
22.719123075767193
32.555526194536235
17.664790962715497
25.663884831727277
27.21507484730035
24.521483049656553
22.680541823132806
29.450479207085255
31.60577277329744
27.384766096511807
23.434996255159362
25.34840586087057
46.50257695088502
40.336517021121985
33.92384410390668
37.03515992234084
42.4812087153948
38.765864194697365
42.49361401370278
40.410243188758315
41.32623410834046
37.93953609305507
44.99202158623416
39.167412711353464
39.71112092469249
40.96591319135446
38.16039372847536
36.520141617590134
39.45086001488605
30.084472424843185
40.80007798074568
43.50207350625404
39.68797883058744
38.388398743973724
39.70668574322835
41.59424291269276
38.87851227754134
44.74974528389973
41.99773125304696
38.409406010919064
