-22.15198428754626
-23.75272035695846
-24.795388544446077
-17.577441740983062
-27.247756236475862
-29.610876208830263
-22.261034698496285
-21.41006075565362
-22.613837594347263
-22.43957173498514
-23.966725630835025
-23.3313110188384
-22.528274308134172
-24.103425691769754
-26.027248477645905
-14.161317041162231
-29.52578220843345
-22.41488937750494
-23.46036580070277
-25.072488572055278
-25.054521390515585
-24.021163009843423
-17.86635477813974
-17.948421371077018
-16.371828985652883
-14.921348750177431
-15.451649883629603
-21.978798914918986
-21.85162707084475
-24.90777290548019
-23.128760302521634
-24.028039576434853
-13.12697343868243
-21.76887010637017
-24.120938643642518
-27.28014365348325
-27.727149262272295
-26.513973710411346
-22.119771270600225
-27.374052260366163
-23.801089451526487
-24.13510701353197
-30.749110442646533
-20.700457669813233
-26.517194597537202
-25.18077874021122
-23.484516593492923
-27.213800423192122
-21.914385399015668
-19.792351857258843
-14.633024798834827
-17.226573851324826
-22.775472277836517
-24.813614079969845
-24.899614362520754
-22.702488990017706
-27.75156049648111
-24.11111302084375
-22.557208943266772
-19.379696885839532
-17.356162268173215
-24.740973966508925
-19.774297925150954
-20.776379766564578
-24.677233363334867
-22.41443547281175
-23.515327180704183
-24.89347510664798
-26.96570031145949
-21.494994622147523
-22.561485084442754
-20.680925058147636
-27.048868126439487
-27.896091009573695
-21.13580430608733
-18.636865582243157
-13.600826244128491
-17.2981413395742
-14.453254247130548
-14.619353987259597
-20.39236960796176
-9.772941758019753
-16.450195242354884
-15.10618371279587
-12.979529545299146
-12.009967812162214
-16.098453052839933
-11.136390993471116
-10.11563510566217
-4.377579511721029
-13.218276357334497
-11.749656288542432
-15.759636389662612
-14.625629699136868
-14.584572745197931
-15.18071257884601
-17.42476955209381
-13.53924306980162
-10.72178509320373
-12.207236391955439
-13.494349759487767
-15.751356824284967
-19.568854839077286
-14.063469853003692
-11.530632330294862
-15.6259985267278
-14.624616402889433
-19.24942524360414
-21.7529974702306
-24.22621516048962
-22.355318397977953
-21.258990301861797
-22.4336505495269
-21.384362121603438
-24.682469224619243
-22.099170381862475
-24.008319765872766
-24.52449149258008
-22.159049390908336
-25.919461478280244
-24.92595722723778
-25.03264603692511
-23.501659272486766
-27.4143217489256
-25.455189200635633
-27.352147309335532
-20.676822715819252
-32.128490578929245
-26.406654495295868
-25.601199557463076
-26.312843000690403
-25.118362043116708
-22.605877719914805
-26.48980323330563
-26.698021450406838
-21.03478289156849
-18.94823280009865
-25.199728850962316
-25.81764937094108
-23.49322567828703
-25.05495948337893
-22.768895558787477
-24.007138365562835
-26.50371957334366
-20.035624721133512
-22.85257379201781
-22.459792069591455
-25.061724848962502
-21.20436777058347
-26.825466279649408
-22.66628564211004
-22.39335242453563
-26.663133288666078
-27.46622435040531
-23.441140713763623
-24.57866910550472
-23.084587896233426
-24.529144626351798
-19.353755776212815
-24.288610282397546
-25.11450284584664
-23.716321361608827
-23.752018596062378
-18.269840361355737
-25.874693733967188
-20.92528112482032
-22.34795348983845
-25.646645309358274
-25.51900968392286
-22.618723190408385
-23.79199094853386
-19.213528729129067
-26.720582760279456
-26.551676331889343
-20.856637644135155
-20.088037581861872
-28.840649574641418
-30.70942743047041
-21.85252138158135
-25.21081012042258
-25.0629060475802
-32.45829709185662
-30.91776593630755
-29.029833048432966
-30.414998776905076
-26.899695017040578
-29.175023326871408
-26.497468569417386
-28.137832317189858
-26.34894922029694
-24.621042287300185
-28.25491156032676
-30.740844150194956
-27.5666331020295
-29.292985139522283
-33.653108872767085
-31.902478861323576
-29.860266476601552
-30.40154010917706
-32.93034639143015
-34.28542119327275
-32.01388557270652
-26.96004974494025
-28.645142900653997
-36.68107037843592
-25.79330013489523
-32.01520393907506
-33.106380621743114
-25.58645481900047
-26.936857837702362
-28.763309855043833
-33.9393186094133
-33.9321424401436
-32.60024246827771
-29.650193310493854
-20.050728473255052
-27.547913658358308
-37.657196858732995
-27.28353581504336
-25.560071452117207
-21.581846299292046
-30.302875583700107
-29.185351601125117
-29.340414288752676
-28.66426357718511
-34.546841698426356
-35.10445903931463
-36.57404829164096
-22.44574671277657
-26.73416215119834
-20.936321414260163
-22.84870938785932
-27.44128873808199
-24.529724148841375
-27.962347838793214
-18.194453357630326
-23.72831498061705
-29.26391351071001
-23.95877050930826
-27.32328638481697
-29.08484934758398
-25.345235502336852
-32.81802715623092
-26.522683278356347
-22.58706878448447
-26.60161434528236
-22.47454762789335
-23.934349717796046
-22.022309050146823
-24.73495142015598
-23.927807853633976
-21.238465918836148
-22.06125917621608
-26.590471141331367
-24.286724404171288
-24.037788214254046
-26.270611663724612
-26.357935931516497
-26.569619236783343
-22.73480317085703
-21.97535744718092
-28.07494753119532
-23.555927895327315
-27.74705079393771
-19.016067477425917
-27.064516821214507
-18.67423352336085
-18.5658954639365
-19.826551266368774
-22.152664078683863
-17.880648823874875
-18.897452641337853
-10.16664406917759
-21.66316919464736
-19.040198987713165
-24.131565021458403
-20.346314357239894
-21.787283158457104
-24.3569791154217
-18.13470375433187
-21.454319211179143
-21.283220694915663
-19.131159339724693
-19.517893887131603
-21.295458210822083
-19.192987422808113
-22.870528130667054
-20.792083429861677
-21.779248726711586
-26.438872436590625
-20.538982690261285
-26.746308420034772
-24.791771724856346
-28.72931108266768
-17.80703496431422
-19.433117971783542
-18.448641701873147
-19.50701539980674
-22.753780928742042
-20.07119470650953
-22.997107158679313
-21.454644243330062
-25.17995650863743
-23.386863864791046
-27.096439056552654
-21.92355701338703
-24.436935170123647
-28.462476845493356
-26.600353646648635
-15.793936984585722
-24.075461245811507
-24.020891487797424
-21.257987640278134
-24.292438677053394
-24.351205452685882
-26.23324639461834
-16.110871592284262
-19.577165569375566
-20.388032224589107
-25.167160424003857
-25.410571041128577
-20.88414209054834
-22.5102701838268
-27.298919663218918
-23.39334419146874
-23.188383703270315
-22.826958845354337
-22.800526873981717
-26.39881367847679
-23.90472340193229
-23.977771251420883
-25.761196915491805
-27.84900407985426
-23.275779993163077
-23.895683524012664
-26.654902262651774
-27.032654879802763
-25.361257698041648
-21.725630599469884
-13.567257048577481
-24.420593163632724
-24.271502855714047
-21.234945793340007
-27.43794508618065
-23.686076093724786
-25.169026017412524
-19.874611588597965
-24.625926636604376
-21.57810204400635
-20.913596989393632
-23.784179056841253
-24.7877628202516
-26.56926040742751
-27.39797535848546
-24.45323371478703
-29.29576778744217
-30.276748845938123
-29.881540119115066
-24.446206883056032
-23.750893217924652
-28.780200241764483
-24.09271154149779
-17.17188948018341
-16.000716958207317
-15.863623945150948
-24.71007993393377
-23.867523609982065
-19.248477250516377
-21.164689617712018
-20.036733528947483
-19.76798278403506
-21.542758214840543
-22.692912518272646
-17.052733208055518
-22.675309106121535
-20.175307613127476
-24.080219379756784
-26.682472793413314
-22.536299118242173
-24.104519932867454
-27.464901676941444
-23.93616037000354
-27.90231529167787
-23.144217842894683
-26.194015216671698
-20.74342092349043
-21.043638599772063
-29.1062862920784
-24.133820084617156
-23.97742653956782
-23.85015961544801
-22.757400426483436
-21.952237324615684
-23.01832953797671
-26.220365090506633
-22.146318545430066
-24.6910299900251
-23.183060384731057
-18.524448610265882
-21.825232071679252
-23.12560687686421
-20.72046067293523
-24.513242603542164
-22.65441513278673
-24.121368331651468
-27.403490497780652
-20.84589836445932
-35.50731482267807
-25.891356436160525
-24.34207198874157
-22.938221769147894
-23.703968099442008
-23.87552478975969
-22.886845444626292
-17.501658533195105
-23.023884436520316
-27.411698018135137
-23.94558036566839
-26.13770849019125
-27.63844503943427
-18.19854413801779
-11.57929299418158
-14.962867855636306
-16.242371641819513
-16.213708866248055
-14.359880895156042
-21.54348809644874
-24.61269595163816
-23.132764404870414
-21.61267076172564
-24.474524400523194
-23.065912155239783
-23.268162826412887
-20.331137463040655
-25.886382167187353
-26.915007452485405
-28.640102972042857
-18.835126962728136
-20.780443806936244
-19.158008428594442
-17.55868816219882
-19.56455763772255
-17.991152133389406
-15.454297673987767
-18.444252692214114
-20.61919643129617
-26.984069537054015
-18.801288580917806
-26.53567520583722
-21.932794855400488
-17.245348781754213
-16.87844984572473
-19.04953145620727
-8.354405341265503
-14.091930343227979
-16.286380495382463
-24.08207874163131
-22.556955417019747
-21.594757200786443
-16.280615555706454
-27.376210388048886
-19.95377005244904
-16.93611115624232
-12.734980723872457
-19.24163161440261
-19.1288557206018
-19.340497053987313
-20.501236432062587
-21.531531614649598
-19.892041693963403
-26.66260053557847
-30.81576313622872
-29.934951974978404
-23.45606310381507
-25.191846899826945
-25.62967299287225
-30.51280019613656
-21.426513883681583
-21.48448094109375
-23.110155592381485
-21.79582992752535
-24.952082090910746
-26.493455619620068
-22.212517549015832
-16.89843630987416
-22.131663946152866
-27.710426860880315
-21.9550784184645
-20.138042117162477
-27.092205035899173
-21.31142595954713
-24.3995885411696
-19.567098063493447
-24.2055196191404
-22.79991275622672
-18.6200570286889
-22.377912503710032
-24.207060970478604
-21.635572179472945
-20.50334865285351
-26.736337569504872
-20.039967202086185
-21.967209779830497
-22.709204202498494
-23.719410938193388
-22.391318184623092
-19.297219354373137
-25.51260018864346
-26.29056325503598
-26.112085711725335
-24.10878107563212
-27.183540291431665
-23.420251940847216
-21.333963758203165
-16.013047931967286
-14.146423536447662
-7.0856242039161295
-14.04787599991756
-13.596386197989595
-7.326331580314569
-11.636592008275771
-10.047584322446257
-9.8670229365567
-9.398636582693868
-13.781960013488735
-12.025758075238972
-11.239879806716555
-9.128768107557844
-18.00159825139537
-10.524469521071984
-14.444655890114461
-14.443204354517034
-12.802746629251242
-9.94159387268181
-10.602302057774063
-23.463253195361528
-22.15492361502955
-13.657128793343015
-18.340018024643168
-11.72698864683057
-19.657929140453277
-26.280039397467316
-19.1469628347278
-22.7959277435163
-13.762557248315314
-8.926466106077312
-13.321868567602712
-5.795278411148624
-7.728208161905751
-9.435459644887972
-7.685223344528051
-8.196194046070044
-14.273486446225116
-9.85897195455586
-14.498494524067961
-8.442742734387563
-9.770309391577294
-8.400849240692251
-9.205808322288599
-9.949014654324836
-5.934155773891742
-7.696290715148073
-7.356993099428189
-9.123056529528055
-16.432156634234534
-9.312450404898561
-9.04448352816576
-7.8049527795041325
-11.300393340405126
-11.058632068747166
-11.019916486386135
-12.776865432966293
-13.735244552053572
-18.28258377097378
-14.452863244816818
-12.963076387661046
-22.49133408870501
-20.96465138056703
-22.866062545825134
-17.67079287819789
-19.94032025795795
-12.639187435344189
-6.155638207705607
-8.826505578717594
-6.413105147501266
-7.756151902206281
-4.527889788818133
7.285418425965218
-8.363785852555186
-10.971237744685371
-4.706704585064511
-6.327946104824574
5.631808892690489
-6.359603806460672
-5.295903539053566
-7.389492485688447
-5.648702723128023
-7.946453477642804
-6.406098592244163
-10.132793491972672
-8.355957784478617
-10.962300402358176
-17.72204879300186
-13.46780153675284
-9.727900719309813
-9.378355594811394
-9.476888394625682
-9.411449519077266
-6.738281030967863
-8.701864568697324
-15.859595371780129
-12.751244245644177
-10.42180533249592
-9.946308308733293
-7.341784676077949
-5.410120234849747
-6.23734370599525
-11.08778695208536
-6.133637280772631
-8.871190519548357
-8.418694721466334
-11.128823063347523
-7.750996177753228
-10.328139730920828
6.881847206345302
-6.768190080592903
-9.68631330130564
-8.091430296547147
-9.93612912758149
-9.624322083502713
-9.61346212087852
-7.348881487104974
-8.095191440099887
-8.270694103398705
-5.6838819894334796
-4.971947359265805
-8.033996965600727
-8.691978209832778
-9.78275012222332
-13.961191912664356
-10.414368786800939
-11.25276256115255
-14.45695648757702
-13.286141295969083
-15.833835243046252
-17.630076641062303
-13.367331979611178
-10.772090753797993
-13.956063684813516
-11.91563708343842
-16.175616505209593
-15.10392407524576
-11.965137783238672
-15.929692731188474
-8.053797358781832
-11.225826296799239
-6.984330130798598
-15.227463206865442
-11.07358790396995
-15.361232951503839
-8.051607591817218
-12.123313592645758
-9.397680420868193
-14.190574752731434
-11.502884624324764
-13.430873686547775
-8.976592878384793
-9.72456787102766
-11.781086812575497
-16.82063753243222
-11.708107486445689
-19.044056074453312
-15.710348115379807
-16.49742474411304
-12.595833181548393
-14.652008126693522
-13.567282263797823
-10.522602212132526
-13.589117202869918
-12.292225799991435
-13.227211716620001
-11.831224908979086
-11.601725320659078
-9.536912301348348
-11.978827411216416
-12.055875043911804
-11.73028722991781
-12.598759784747275
-11.288506489843897
-14.146392396050667
-12.449006618694499
-8.624084630346863
-5.419466389760568
3.9755998553954437
-11.575106726602009
-7.5146875459575675
-9.292736192327842
-3.545524764332256
-7.28792834108839
-15.031180312821414
-12.09677053838057
-9.737181373866013
-11.37877044512571
-10.687690257791399
-14.864333967417744
-10.44079964700234
-14.582848887794574
-9.835300043773485
-12.21504346387435
-5.86531018314338
-7.39533248876012
-5.093018175392477
-12.031586220104526
-10.661796039824031
6.5395654724856005
-11.150926606562281
-8.548806245858911
-10.90456816628356
-9.351185460720341
-6.656099850018878
-8.625808386596699
-8.16831272824581
-10.382878593843738
-7.501384543948089
-11.309155444671623
-13.858104528716003
-9.670634476451763
-9.883624223218284
-10.287521576865148
-6.672337003489319
-13.635202178982627
-14.025447857568532
-14.174573325463454
5.7090296839730925
-9.483744810902035
-9.6834901811629
-7.395864379760977
-9.797482683369545
-10.043928222466867
-9.00981350972662
-12.37168194422403
-9.901332752512161
-13.66231553167847
-6.8718700833902195
-14.410183260345622
-13.887493956897169
-14.819088645166365
-6.803110542198784
-8.633028554314047
-8.557713265426942
-6.281457554943159
-13.294226969474312
-11.045050511188727
-9.556873898724117
-12.67376481358891
-11.985538300365613
-7.336180954167538
-16.12979550650284
-11.868522484549935
-11.189001400325882
-12.300784653648765
-13.298363236024919
-13.31333791051144
-13.899050264567293
-16.006550879260555
-23.858056750986645
-9.74245099282417
-7.90556244652346
-10.721430120575626
-12.717400599299298
-14.52914571646561
-11.857344365183478
-10.092750163360712
-12.427473167153867
-9.742526063626684
-8.49029933684184
-6.386849482166779
-16.457875291654336
-13.81136226854776
-21.297285327298958
-16.42874895419551
-20.834837566365973
-21.114771618054817
-14.891654623491169
-16.022427930354983
-13.925758866470385
-4.777875808343185
-9.905239059871999
-10.259991896857413
-14.070027206844099
-12.787957065746575
-10.533133554212336
-6.3159697333346445
-13.228187499904445
-7.743814238876133
-12.42294882234381
-10.971593142439595
-14.616764305143914
-12.541678660786735
-9.66345042851143
-12.51324191937801
-9.472893297876425
-11.775407057020034
-16.58943736111954
-14.823324912304935
-16.16411861933759
-12.277026417873426
-8.13457936778666
-10.972477154145166
-8.40838338302516
-11.300912818647936
-8.17981963774421
-12.481821445234118
-13.036710579413375
-14.08051592089905
-19.047725696819654
-7.203174227631607
-9.003343686820116
-15.066155873163412
-13.233739879339613
-16.631999933232947
-14.979503106602305
-20.597590141232484
-14.363822345328279
-12.02210818815584
-12.667336092868611
-7.891493088706402
-8.811612736092524
-8.72108539873523
-9.37680486882841
5.757393736127724
5.685770851583294
-8.605004745154819
-6.380949091561358
-3.692814591187709
-8.531455373561478
-8.536243146138885
-8.609156346047408
-5.026123586020915
-5.921271347113799
-6.068766105224605
-7.560116226932906
-7.572647590150426
-10.105982626535344
-5.747452626851644
-15.316039410990086
-8.94575596735118
6.171977814912767
12.143978983858858
6.089956609984886
-10.054545622007842
-9.138680443419698
-6.94615583390716
-7.612303519673376
-12.330646965058031
-8.287700661402482
-11.002167162914072
-7.43191657641129
-10.989757668176546
-10.296836204232141
-10.386213965904636
-7.478399487126535
-8.885613516300372
-8.681514562390445
-10.577386307590006
-7.534370638544296
-12.752037245185905
-13.245777899302993
-9.513898110813596
-10.22964767259691
-7.991104664216146
-11.362018029299517
-6.487709713169732
6.371963354559274
-7.921254505507124
-4.0915810580539125
-9.329739379670784
-11.771853933141626
