-11.242406732557388
10.559687695195779
6.731696742604624
5.744804160182821
6.587940988433559
15.340373518098954
14.32971886454223
14.170823768758954
17.055592066250934
14.509692515395535
21.561156857946536
21.152978778909564
17.02841488703709
9.29616255622593
10.102604509483164
12.498023432026473
5.4477800466428885
17.624882120469763
14.737232086529183
15.404343630748524
18.2414908072664
16.736636658732696
21.34599038573729
17.306261911487777
21.04419735980628
10.466387394720984
9.141762967373976
15.473132364981875
8.957606838668182
5.443110364682012
16.728052571940587
16.52744590742068
8.896881282813315
6.942703506715553
4.736874238203994
-9.573753655674908
10.59514305785924
21.796876429214574
14.150952939910766
8.557720289782836
13.314180915065121
14.92791379232811
14.33038324633591
13.490666346885956
16.769936581187245
11.005719137384707
16.557598301836293
18.87148517196795
16.584820844010245
15.620002919840363
17.703027193061757
24.0685684692311
26.146351410927362
28.165092447349057
32.00913429941272
31.925468982904153
28.85287523620453
29.201982247923542
28.846463641944258
25.54708219314653
18.14933789012495
20.315597939844274
27.426002119530875
31.19698245135398
25.19662152737975
24.66893162636877
31.51699710786705
24.293636112439643
32.85250644710297
26.037466607174487
40.84222442146318
35.935736586722996
34.47794862166508
38.826995295507956
36.635366689098156
45.54694196526715
32.798807675384644
31.211907575262035
26.344777703273905
29.65399625484353
20.606458110484205
17.325741399509415
21.217632054676574
18.827705920667558
10.30320558042926
13.849479202599035
20.051050716856142
9.609640219268693
7.793508323945006
18.648379121533246
18.872398349835464
16.697277408134767
28.22261728292072
26.017042516696506
18.195855981694923
24.550573983183778
28.126065475384685
27.27349497646096
26.585931204190665
33.928148833175804
24.092721983363884
28.01395529974876
27.709754499160635
15.940590905792535
23.93491334281055
29.24451736715585
26.24108054843437
25.90468748652376
23.18030568129875
25.91814237679502
22.827225096896623
25.29303163206893
29.616131379934846
24.299078766041912
22.461619706909367
18.42454202738123
15.931458445570456
19.794604020758158
30.06835624443787
35.401959710400845
24.804258364179258
20.031054245635033
20.609481774266452
30.57770144932302
34.43180975111119
29.12124628786161
24.409794450324018
3.890138452711117
7.3597935674865695
16.376607129592806
31.56438600367867
15.443941759727329
18.560529165831287
18.081472444764348
12.31141856384808
14.541334951003051
14.20053682776222
14.05468752686977
8.374390627696094
16.285444106157865
5.96198906883322
8.888937094937098
17.42714634689437
7.49133606653266
11.672111097398753
16.342495435288537
22.7775687887151
12.320521546355845
9.061096972119534
12.734480153051997
8.191965469609416
4.905543587118243
10.461548023393739
14.30579044423169
13.5237334039772
16.428557456725223
14.854376532084412
15.42425995046244
8.090395533631396
7.085818063184212
5.977626121390696
12.441980744079522
13.405784468997467
18.522098826540226
26.895002748474106
20.112472453804916
7.341573396856342
21.787350960029762
5.454243185065061
5.210012127760667
6.667335791944635
9.7218034777463
20.72554395098619
17.750226330212612
17.04136140349323
13.05450534316036
21.34449696720259
28.187406181085407
33.88872493713295
40.371879130052996
26.417071057496866
32.47159650782547
23.32589392003894
22.969508375480324
10.454340016165997
14.005357138766144
14.736927369415534
15.656386424698308
23.98699658658156
21.192668196130363
16.910435238940185
20.863160997888237
22.191865528178845
24.662449252312648
27.625369754161166
22.57996794609637
20.7413577367636
26.211393271010266
23.758391815578214
29.24545051252459
35.595865700462795
26.45881587516986
17.919262202352094
26.266850172243046
18.021111017970586
21.378581790103002
27.684544189155698
21.982438102129315
18.718581811761265
9.769920885934377
19.96627216832015
10.55981051015439
14.503026190446043
15.62425546112134
15.77308434288608
24.467367936707998
24.524141139509172
26.78678385446981
36.722108550128915
36.31478734552886
31.70388599417574
25.47932709412302
30.217042647194596
30.481588348068435
30.561844028859394
37.43630387501179
46.91767864250978
49.727272560852406
36.796944820434916
36.638231846020616
39.84099205313609
37.422423889282705
34.5988965982786
25.79285654238249
26.0249744122729
18.324904714431035
9.443921160661203
3.473977517770802
11.66227969075266
6.328694784799484
11.311917107088373
-9.042381974304446
-19.78526118392351
-11.25375758413579
-12.898281626380543
-16.863422027517196
-21.569997951241938
-23.613174260535747
-26.838505381553432
-24.54423982695972
-25.944555174793315
-24.99978939301259
-35.957665035678524
-27.562770926184154
-28.470303231219404
-32.03221038050886
-31.564226903760325
-25.69546961437796
-26.835757632427658
-15.29866812410023
-22.082684841138196
-26.732957419235028
-28.44171839913346
-32.79888686011502
-19.86944193612726
-26.138616294195362
-32.61540040352393
-31.511306356935787
-21.11343324201275
-24.515516034218855
-20.44988827415424
-25.611125632765003
-29.193172237915004
-22.763485832792107
-19.413886489629213
-26.646993483378843
-27.71761878117809
-24.51898333863846
-27.084036939966047
-24.28166269736965
-30.930569263211886
-24.040635231217575
-19.768314000066496
-23.652226947637388
-24.900788275454186
-24.080812070825285
-24.5168156663037
-25.549328131674546
-26.0238809089367
-22.367082427594646
-27.568295151630842
-29.931707063955507
-32.614281459139356
-26.33882397270997
-23.31522983818597
-29.28694782278577
-22.967196342931068
-28.58577383560589
-32.00987625884016
-19.171333111025003
-24.276579493789995
-20.574089712891695
-25.81074291935757
-28.565634699956828
-21.33003281652218
-26.519821549402746
-26.968575026936175
-29.97149310352905
-24.673615972280555
-24.107981125902143
-27.32353041947356
-19.19432887420243
-25.899185630468107
-25.713509568938477
-21.902654422081348
-30.37196867177964
-27.365472165889305
-17.92890361254692
-19.03481119807461
-27.53989018729543
-29.814189610538975
-28.715153276158087
-28.545185905929554
-22.210908990425757
-26.589825099939773
-20.4177282422816
-21.528992024296514
-22.08687062650081
-24.37869605842633
-20.712899673594634
-16.679831285893542
-28.909543800729697
-23.640248260741625
-30.451557171270473
-29.977909429099363
-25.920783997145012
-28.201279137917947
-25.533789363242214
-32.77065773125035
-28.41200725682327
-25.83507574420636
-27.45227477654765
-29.927339227339996
-24.637673165457066
-27.9957041597386
-22.157460424281783
-27.133473199945126
-26.53573518805242
-23.854937336472677
-29.729158769843174
-26.6361187839514
-28.481757555984622
-24.080606692564356
-23.661895470500216
-20.923024201950874
-33.659263572277865
-33.608252952617974
-33.82266969160666
-26.96482280135753
-29.554138029913165
-26.480502357426563
-24.44061658504737
-25.67283619813855
-32.41319904840836
-31.280935452103762
-32.80504357643679
-30.206341784908897
-30.588381020991942
-29.079654109427167
-25.99986249431214
-31.460813258354612
-19.92300232500835
-16.741879242714052
-15.013238000028787
-17.711177316741566
-15.414249253128334
-20.752790715584382
-27.62747528861654
-19.265188478454295
-24.42568691427954
-33.604710311722975
-28.671468286984624
-26.320083018283373
-26.399158648331913
-28.26560986991116
-28.93002291779252
-22.223125745300525
-21.413130614682455
-23.398864364047895
-26.70942203750689
-19.59389795042549
-20.33558876560738
-20.13038720421715
-24.628446577540622
-23.974346477282722
-16.72582091995567
-26.945660361518204
-26.022645567485732
-26.276807385285913
-26.51152741490542
-26.012283072699375
-23.627539406614737
-25.97058794777869
-20.294829446744554
-20.47303771261294
-21.735511088211595
-24.495375089826442
-16.626323446852577
-23.87947307393458
-24.822883977398803
-20.56635689088562
-24.000380025098597
-22.796309820587567
-24.100731068352626
-20.2319293528887
-30.67991342893908
-27.908069502654488
-26.7140264608224
-24.04977134475167
-26.430992422836106
-17.24385070977471
-13.99062796837929
-23.240184898111945
-19.67467667226409
-23.11206150189746
-19.26959304574129
-23.869777530614716
-24.604671320596136
-28.677523730805454
-26.371773222285118
-28.848278535756194
-26.920198704535743
-30.39777986383295
-24.641042601881384
-29.566677585785236
-31.80985305026418
-28.676417932346165
-25.22129340140311
-28.712184948869535
-26.071049047738274
-21.873796617896517
-28.14172441017401
-32.27644204969821
-33.51293939034602
-34.020063869116825
-34.63721615439599
-30.440239484667636
-29.758428265035374
-29.80228067255309
-22.91354007252515
-24.158539075320764
-26.071497456531556
-27.039562222660717
-23.13287310255788
-22.783378507750815
-29.668752271488657
-29.593110309777835
-26.241353410304626
-29.499592335259905
-29.899526094177066
-25.698466440120946
-21.85020531055339
-20.044924497949193
-20.519911288780854
-12.574252199252399
-16.20447079882504
-19.57341201517386
-20.21997306179661
-26.006452434809436
-21.8926873002492
-22.550723217726368
-19.004038597319735
-27.515169352087714
-21.22905235960089
-23.601493141057436
-21.28903104306235
-20.761240943176695
-31.50119505575757
-24.006810003275675
-32.118176654249375
-25.39954791453797
-26.52757255506549
-24.138392279171626
-30.892089458469663
-26.10054831997735
-19.162061189952293
-20.862506867725525
-22.478062102101326
-20.6488630968655
-21.290494196970524
-24.24897997369742
-20.543980704508854
-29.302896457666783
-24.173333157481807
-30.34185502013896
-23.38046976410272
-24.640125508749463
-22.318098007692708
-27.36758986753349
-25.371491701618158
-25.693330860296268
-31.09088112136685
-24.163677304307985
-21.49177321322453
-25.358498362162216
-24.53787404825186
-21.801288978456753
-19.234383855716086
-20.84308667268681
-21.49168794679998
-25.18849053300159
-18.577612057759666
-21.759570106487953
-25.98754518397837
-23.092817037637804
-18.641775044182847
-21.928697460654924
-22.94525790402422
-19.852674657270594
-19.154708840273557
-22.19323550851115
-25.131139498433498
-21.632389531568244
-21.73680974618967
-25.532782953222682
-14.553123757568553
-25.32838747155471
-24.09291564998297
-23.643936132856712
-24.091534581618273
-19.259073674923375
-22.798416251303568
-20.789512212625862
-23.97307427671255
-25.40469116497228
-26.62156345370594
-26.10923396634909
-20.161372033197214
-22.430053377865544
-29.727719819967533
-25.9436369817036
-29.822521690388715
-18.995428856268756
-29.988248128799633
-25.116566523032212
-23.28768061358269
-23.109071284251915
-25.3605094647596
-25.78424095177402
-20.095993398197677
-26.116671515185406
-29.060177474702392
-25.56154153451026
-22.76789542520045
-19.914092974834027
-20.544652845440822
-22.604573663089553
-25.137176429009585
-26.443453243461814
-26.64118061776901
-31.546004220284892
-21.501422036177562
-23.637716130601376
-21.685804725961148
-25.69053094700255
-25.286001164605764
-25.079919593580943
-24.163924810044936
-30.725079608924226
-23.82251714648151
-21.052709818667754
-21.41281267005357
-27.175546834459237
-23.376681563851818
-27.133979055861165
-24.59393109746417
-21.323439778733658
-20.337632394285013
-20.20685141942318
-34.57576230633799
-27.97111851869222
-26.339553798211018
-26.120401231920223
-24.885920382789628
-23.31386817938214
-25.05190168224286
-37.38540807287291
-25.63978825121841
-29.573658832261152
-27.989235450714293
-22.705689422240958
-27.70147266382908
-29.133088816682143
-32.84278316465497
-25.999816972800662
-27.805201647088953
-32.50341293032116
-28.385279096847743
-28.40369261546391
-28.44512060832566
-31.226891323846655
-28.662325498866224
-23.377829610830428
-25.349209960144307
-25.42814599326964
-23.48721394165711
-25.022544953811504
-25.531909269151555
-23.37607467867942
-30.759186961944874
-32.17052936400345
-26.860389616259486
-24.497217854283914
-25.343926868291938
-25.601000828057725
-36.104570907857685
-33.17437585127004
-27.481649514129806
-20.250237614257472
-24.8948308086482
-24.333823324189822
-29.536751688036972
-22.191497416100837
-22.53368564480154
-21.831970617521858
-17.390090870490248
-21.310078168800086
-29.086607133736802
-29.27487734525542
-21.992761287868284
-19.54680623514423
-25.088855505809704
-23.23725319113279
-28.28481899551272
-26.264763988463816
-29.130739535664876
-32.71408928544835
-28.786463576797026
-24.539843160158533
-17.079048844650877
-27.251680618497474
-29.725556609891033
-31.349697584986135
-27.5081414055654
-31.20488414157813
-27.182927619320125
-26.774818140893785
-28.34561768202117
-25.652461990440845
-30.941544610784966
-27.82562743835207
-21.15797999057587
-27.440036820315605
-31.41298075813832
-29.936669939725487
-30.088473046751854
-34.855288953686745
-32.458054645068806
-28.72629583979653
-27.966657379864486
-27.993504714351175
-26.16114882501808
-26.167646650915877
-29.55009479442627
-32.29926063902469
-28.681699237353925
-34.106122960206086
-28.37375524486786
-27.11015603421942
-28.771781243412185
-31.76990055900252
-28.87209076010067
-27.07998339487978
-26.648882121101455
-33.25997024083615
-31.6077060842711
-22.725615700956094
-23.886282107041694
-20.122907661915693
-23.540938349766
-18.21663704151844
-23.998184348881267
-27.01048589138612
-28.586401587042204
-26.59538979835808
-25.47918144858206
-30.15602904557865
-23.686564500403957
-26.263054450508463
-30.537551303088666
-28.0638814407902
-27.565987502125054
-32.623077677864536
-28.68393506468921
-27.729780287430565
-31.58851816972216
-18.24109776825073
-22.724496922838625
-23.1111579307365
-25.649427323495228
-26.627479277344243
-23.78425783300479
-27.54998134070417
-26.393923870786175
-24.865922019277537
-29.100038951775737
-17.67017913715235
-29.494851576450042
-25.931065689332424
-24.235966842168867
-26.1372021672732
-22.151294698028916
-17.18500901811984
-22.129797056138738
-31.54729971991589
-32.7371143281546
-33.604895574963976
-30.666139030252396
-24.637712717882774
-28.55717885620131
-28.655598489829067
-34.34634011877021
-29.308572148300875
-33.46146189540335
-26.15329067174986
-28.46791909695698
-27.75174694224212
-30.538315328939174
-32.127489834540384
-28.430160606361493
-35.84083883900709
-38.543980529108254
-26.150097350957363
-26.25662685981876
-23.514907612933257
-25.848240882894856
-29.089148956436123
-30.768447032193176
-31.081794895170127
-32.884526668366945
-21.54205702978794
-22.16201741051638
-25.132187497443482
-23.46543047745471
-21.176466684841063
-25.964359346010756
-22.03669241412823
-25.872201171363482
-24.45591332695436
-20.755954878731814
-20.32188737385231
-27.140880539149695
-24.78089404919329
-28.169520049073956
-27.066160130096282
-29.072647582728994
-24.438778037092245
-23.78477689660461
-28.7230495582606
