10.014641288433381 10.014641288433381 10.014641288433381 10.014641288433381 10.014641288433381 10.014641288433381 10.014641288433381 10.014641288433381 10.014641288433381 10.014641288433381 10.014641288433381 10.014641288433381 10.014641288433381 10.014641288433381 10.014641288433381 10.014641288433381 10.014641288433381 10.014641288433381 10.014641288433381 10.014641288433381 10.014641288433381 10.01378254759897 10.009447544875412 10.003611662063944 9.976791773981612 9.92814967591151 9.6449054539641 9.450853345704534 9.432747051603396 9.254400360949717 9.575386041614523 9.672425735961935
10.014641288433381 10.014641288433381 10.014641288433381 10.014641288433381 10.014641288433381 10.014641288433381 10.014641288433381 10.014641288433381 10.014641288433381 10.014641288433381 10.014641288433381 10.014641288433381 10.014641288433381 10.014641288433381 10.014641288433381 10.014641288433381 10.014641288433381 10.014641288433381 10.014641288433381 10.014641288433381 10.014641288433381 10.014641288433381 10.014641288433381 10.014641288433381 10.00945079225435 10.00964953738753 9.868002075703929 9.49453549451228 9.327168986318886 8.903637885616831 9.432188545013108 9.590591515741309
10.014641288433381 10.014641288433381 10.014641288433381 10.014641288433381 10.014641288433381 10.014641288433381 10.014641288433381 10.014641288433381 10.014641288433381 10.014641288433381 10.014641288433381 10.014641288433381 10.014641288433381 10.014641288433381 10.014641288433381 10.014641288433381 10.014641288433381 10.014641288433381 10.014641288433381 10.014641288433381 10.014641288433381 10.014641288433381 10.012501814041755 10.014641288433381 9.997014147022277 9.963587364387688 9.682800882356554 9.181351199223966 8.755511151316602 8.037527556310783 8.793167005202129 9.08671233940704
10.014641288433381 10.014641288433381 10.014641288433381 10.014641288433381 10.014641288433381 10.014641288433381 10.014641288433381 10.014641288433381 10.014641288433381 10.014641288433381 10.014641288433381 10.014641288433381 10.014641288433381 10.014641288433381 10.014641288433381 10.014641288433381 10.014641288433381 10.014641288433381 10.014641288433381 10.014641288433381 10.014641288433381 10.014641288433381 10.013678379711063 9.979640672328268 9.974513903601705 9.958166520826262 9.64349202901235 8.614283494523209 8.197737533414545 7.9921849260704905 8.806893627772146 9.127328775093824
10.014641288433381 10.014641288433381 10.014641288433381 10.014641288433381 10.014641288433381 10.014641288433381 10.014641288433381 10.014641288433381 10.014641288433381 10.014641288433381 10.014641288433381 10.014641288433381 10.014641288433381 10.014641288433381 10.014641288433381 10.014641288433381 10.014641288433381 10.014641288433381 10.014641288433381 10.014641288433381 10.014641288433381 10.014641288433381 9.982007029764238 9.731534672461978 9.713431105271242 9.738526356521529 8.317193327749518 7.871024167472532 7.553234018925538 7.954144104521001 8.856405031938552 9.099059795620002
10.014641288433381 10.014641288433381 10.014641288433381 10.014641288433381 10.014641288433381 10.014641288433381 10.014641288433381 10.014641288433381 10.014641288433381 10.014641288433381 10.014641288433381 10.014641288433381 10.014641288433381 10.014641288433381 10.014641288433381 10.014641288433381 10.014641288433381 10.014641288433381 10.014641288433381 10.014641288433381 9.970687667954595 9.914557587705406 9.800497611876308 9.368517153531977 8.814080663905894 9.214972450067762 7.491574662872495 6.959854404562862 7.739052243246495 8.500518306597607 9.326689460566614 9.386076996679838
10.014641288433381 10.014641288433381 10.014641288433381 10.014641288433381 10.014641288433381 10.014641288433381 10.014641288433381 10.014641288433381 10.014641288433381 10.014641288433381 10.014641288433381 10.014641288433381 10.014641288433381 10.014641288433381 10.014641288433381 10.014641288433381 10.014641288433381 10.014641288433381 10.014641288433381 10.014641288433381 10.012461926675261 10.00975412558489 9.72711442678362 9.11667993357199 9.24400781418732 9.260382070812982 7.626588151772929 6.745630455585734 8.085366855676499 9.09867917588862 9.589582665507516 9.506775769890393
10.014641288433381 10.014641288433381 10.014641288433381 10.014641288433381 10.014641288433381 10.014641288433381 10.014641288433381 10.014641288433381 10.014641288433381 10.014641288433381 10.014641288433381 10.014641288433381 10.014641288433381 10.014641288433381 10.014641288433381 10.014641288433381 10.014641288433381 10.014641288433381 10.014641288433381 10.014641288433381 10.013223474262738 10.014641288433381 9.956069629765647 9.034574901776544 9.462609821693245 9.98703934020321 8.088217418957598 8.181782750228201 8.651954659004286 9.596540989918333 9.904163871355054 9.816755890362343
10.014641288433381 10.014641288433381 10.014641288433381 10.014641288433381 10.014641288433381 10.014641288433381 10.014641288433381 10.014641288433381 10.014641288433381 10.014641288433381 10.014641288433381 10.014641288433381 10.014641288433381 10.014641288433381 10.014641288433381 10.014641288433381 10.014641288433381 10.014641288433381 10.014641288433381 10.00369741915216 9.589029401294525 9.783074040636631 8.350901233090095 7.2384281125346694 8.003467197486994 8.752490887845545 6.853019703790381 7.406280308907048 8.381425062993792 9.629279960820318 9.923409547547992 9.878043600391747
10.014641288433381 10.014641288433381 10.014641288433381 10.014641288433381 10.014641288433381 10.014641288433381 10.014641288433381 10.014641288433381 10.014641288433381 10.014641288433381 10.014641288433381 10.014641288433381 10.014641288433381 10.014641288433381 10.014641288433381 10.014641288433381 9.770182831452752 9.841140533050913 9.94360649805763 8.84760925662904 7.895176572694761 8.026939116369283 6.479457759647028 5.7649418053485295 6.728969867459938 7.421863963794562 6.641461060633679 7.0035695711771515 9.402811035829243 9.919421356706073 9.966771119551453 9.858282117359854
10.014641288433381 10.014641288433381 10.014641288433381 10.014641288433381 10.014641288433381 10.014641288433381 10.014641288433381 10.014641288433381 10.014641288433381 10.014641288433381 10.014641288433381 10.014641288433381 10.014641288433381 10.014641288433381 10.014641288433381 10.014641288433381 9.941647053126564 10.014641288433381 10.013499471409517 9.336078126089948 8.905483839826696 9.780343966270209 8.412240089449188 6.597519641909791 8.468520454714746 9.445260466219604 7.976477102076615 7.764606455533261 9.566657858403554 9.937039769951806 9.991091296348731 9.931429358272432
10.014641288433381 10.014641288433381 10.014641288433381 10.014641288433381 10.014641288433381 10.014641288433381 10.014641288433381 10.014641288433381 10.014641288433381 10.014641288433381 10.014641288433381 10.014641288433381 10.014641288433381 10.014641288433381 10.014641288433381 10.014641288433381 9.987807433254574 10.014641288433381 10.014641288433381 8.86382192285779 9.074192356740706 9.873699965010982 8.07564054674313 7.460312110476757 9.396276778518875 10.010004776840333 8.777616940935312 9.678158671799654 9.738154232262858 10.008901751675 10.008759991334516 9.978932067084397
10.014641288433381 10.014641288433381 10.014641288433381 10.014641288433381 10.014641288433381 10.014641288433381 10.014641288433381 10.014641288433381 10.014641288433381 10.014641288433381 10.014641288433381 10.014641288433381 10.014641288433381 10.014641288433381 10.014641288433381 9.944315708506887 9.086618183580557 9.69688971578534 8.584090645729615 6.151755333244252 7.102572965469257 8.24605435446916 5.962560748265693 6.314151076632548 8.687382424696436 9.75318089496406 8.916920942313872 9.826414891734931 9.98210513574386 10.014641288433381 10.014641288433381 10.009269379796415
10.014641288433381 10.014641288433381 10.014641288433381 10.014641288433381 10.014641288433381 10.014641288433381 10.014641288433381 10.014641288433381 10.014641288433381 10.014641288433381 10.014641288433381 10.014641288433381 10.014641288433381 10.014443311227133 10.014641288433381 9.762777048503134 7.612976044519548 9.247462455660914 8.256093860278215 5.551555511365884 6.281166175930695 8.260894514221496 7.136801766525337 6.842314793946343 9.278354834620801 9.925236837789681 9.650808520872273 9.605744261780266 10.00589001761484 10.014641288433381 10.014641288433381 10.01148155163859
10.014641288433381 10.014641288433381 10.014641288433381 10.014641288433381 10.014641288433381 10.014641288433381 10.014641288433381 10.014641288433381 10.014641288433381 10.014641288433381 10.014641288433381 10.014641288433381 10.014109926750294 10.014641288433381 10.014641288433381 9.881616558702403 8.725815920038064 10.011086966573426 9.849435697711938 7.475464305699324 8.64132788254789 9.984640225263206 9.196494115742714 9.073998028695945 9.999132927225695 10.013882331378086 9.990268245850602 9.732871804161093 10.000276914756185 10.014641288433381 10.014641288433381 10.005019761750336
10.014641288433381 10.014641288433381 10.014641288433381 10.014641288433381 10.014641288433381 10.014641288433381 10.014641288433381 10.014641288433381 10.014641288433381 10.014641288433381 10.014641288433381 10.014641288433381 10.013582744975801 10.014641288433381 10.014641288433381 8.402750729062944 8.578711955462152 9.95307744129207 9.237109536926907 7.033461695962821 9.02161774073636 9.94834354746051 8.78914952628763 9.485542320426067 10.014230432984316 10.014641288433381 9.91725565497661 10.013019901096266 10.01098435421016 10.014641288433381 10.014641288433381 10.012087187704564
10.014641288433381 10.014641288433381 10.014641288433381 10.014641288433381 10.014641288433381 10.014641288433381 10.014641288433381 10.014641288433381 10.014641288433381 10.014641288433381 10.014641288433381 9.334590209476566 9.351843796820589 9.569524511283356 7.6284848729774355 4.569219330881848 5.670357440509084 7.297919147544119 5.279303308685752 4.959393433461326 7.591025944825106 8.867485726303308 6.796714084272023 9.66925546038519 10.008241034076308 10.007789078369505 10.010571140316463 10.014641288433381 10.014641288433381 10.014641288433381 10.014641288433381 10.014641288433381
10.014641288433381 10.014641288433381 10.014641288433381 10.014641288433381 10.007188518648256 10.014641288433381 10.014641288433381 10.014641288433381 10.014641288433381 10.009673440930362 10.013862245540789 10.007773936706482 9.445062581536401 9.755184191510848 9.888768403304399 7.429783942725188 5.284613039280312 8.840185902717382 9.011511753347094 7.067423033757043 8.250957722221328 9.778484055728486 9.84139353910462 9.733515968983644 10.0114712340966 10.014641288433381 10.014641288433381 9.98750698814843 10.014641288433381 10.014641288433381 10.014641288433381 10.014641288433381
10.014641288433381 10.014641288433381 10.014641288433381 10.014641288433381 10.014641288433381 10.014641288433381 10.014641288433381 10.014641288433381 10.014641288433381 10.014641288433381 10.014641288433381 10.014641288433381 9.906103836550455 10.014359984001457 10.014641288433381 7.951548709856131 8.621112717828193 10.014641288433381 10.013645820472108 9.632601654942071 10.009747456733285 10.014641288433381 10.014641288433381 10.014641288433381 10.014641288433381 10.014641288433381 10.014641288433381 10.01299141386169 10.014641288433381 10.014641288433381 10.014641288433381 10.014641288433381
10.011711922024721 10.014397154978756 10.012669198003225 10.014557881712651 10.014641288433381 10.014641288433381 10.014641288433381 10.014641288433381 9.939578004552637 10.014641288433381 10.014641288433381 9.857621415976059 8.555436461921486 9.977623551842692 9.961512567823615 5.148087324627027 8.38286927515886 10.013283396852 10.008254240748647 9.732872224639003 10.014641288433381 10.014641288433381 10.014641288433381 10.014641288433381 10.014641288433381 10.014641288433381 10.014641288433381 10.014641288433381 10.014641288433381 10.014641288433381 10.014641288433381 10.014641288433381
10.0104103569006 10.007949416592728 10.01198956644099 9.955372554065617 9.572340585775425 10.014641288433381 10.014641288433381 10.004369592704894 9.1582861606186 9.384313994410926 9.813477353801277 7.952588288733678 4.973032143305753 6.50428492362385 7.4342665327075075 4.97824949790885 5.129420698206343 8.251182280506425 9.272349838860281 8.898678623908097 9.94023074710384 10.014641288433381 10.014641288433381 10.014641288433381 10.014641288433381 10.014641288433381 10.014641288433381 10.014641288433381 10.014641288433381 10.014641288433381 10.014641288433381 10.014641288433381
10.012041235334529 9.974151637780677 9.989833611744043 9.901652468448686 9.682974399881175 10.014641288433381 10.014641288433381 10.014641288433381 9.832951235731434 9.99015994955472 10.01378495740965 9.963993271318389 7.495574024031232 9.870788725743145 9.997326712018337 7.913160849790829 8.757973187031252 10.001963467525783 10.013939135987265 10.00560269979458 10.011182294905346 10.014641288433381 10.014641288433381 10.014641288433381 10.014641288433381 10.014641288433381 10.014641288433381 10.014641288433381 10.014641288433381 10.014641288433381 10.014641288433381 10.014641288433381
9.99669481809478 9.936873754990065 9.998779430290039 9.933844891652383 9.910766655659717 10.014641288433381 10.014641288433381 10.014641288433381 9.771371101725792 10.014641288433381 10.014641288433381 9.98181996882351 8.778204821212903 10.014641288433381 10.014641288433381 7.984257263519794 9.99967617862264 10.014641288433381 10.014641288433381 10.014641288433381 10.014641288433381 10.014641288433381 10.014641288433381 10.014641288433381 10.014641288433381 10.014641288433381 10.014641288433381 10.014641288433381 10.014641288433381 10.014641288433381 10.014641288433381 10.014641288433381
9.87157557980446 9.52202006639871 9.837710564000732 9.391484346053218 9.20531792327409 10.0095371787969 10.014257563422282 9.875130263329673 6.783623540172951 9.351351862553617 9.822126498366384 8.17746072181733 6.6482724038080985 9.746113443626959 9.954155573221524 5.3143875123894535 9.988642608117434 10.014641288433381 10.014641288433381 10.014641288433381 10.014641288433381 10.014641288433381 10.014641288433381 10.014641288433381 10.014641288433381 10.014641288433381 10.014641288433381 10.014641288433381 10.014641288433381 10.014641288433381 10.014641288433381 10.014641288433381
9.805281817750732 9.082411531034461 9.62020955895063 8.645049457575926 7.1677016590785705 9.977271327638858 10.009428092848426 9.924757878281424 6.7584662677478 8.32391634998307 9.833623299386375 8.947857908461248 5.1605189981623 9.237893492070702 9.992550611186346 8.14840175200401 9.676916599956762 10.013380235745108 10.014641288433381 10.014641288433381 10.014641288433381 10.014641288433381 10.014641288433381 10.014641288433381 10.014641288433381 10.014641288433381 10.014641288433381 10.014641288433381 10.014641288433381 10.014641288433381 10.014641288433381 10.014641288433381
9.562611054046501 8.86188734256057 9.734766831295888 9.02211643450637 9.045475483546914 10.012726155386833 10.014641288433381 10.013344965035804 9.329099515317726 9.979352397617106 10.011363982190655 9.996659552165802 9.379104871588746 10.008345148082736 10.014641288433381 9.86431116308978 9.988486980619657 10.014641288433381 10.014641288433381 10.014641288433381 10.014641288433381 10.014641288433381 10.014641288433381 10.014641288433381 10.014641288433381 10.014641288433381 10.014641288433381 10.014641288433381 10.014641288433381 10.014641288433381 10.014641288433381 10.014641288433381
8.817203791455857 8.212536685816817 9.285065788056732 8.570738207275415 9.374691066654055 9.999467209170946 10.014641288433381 10.01344605944689 9.386992089891875 10.010219634090905 10.014641288433381 10.001752038713963 9.865727775824427 10.014641288433381 10.014641288433381 9.9155585039539 10.014641288433381 10.014641288433381 10.014641288433381 10.014641288433381 10.014641288433381 10.014641288433381 10.014641288433381 10.014641288433381 10.014641288433381 10.014641288433381 10.014641288433381 10.014641288433381 10.014641288433381 10.014641288433381 10.014641288433381 10.014641288433381
8.59917339041087 7.760099530299046 8.280368662551403 7.7195777941728165 8.942611318511968 9.77622428308538 9.840490422894035 8.980311176354387 7.400837802419614 9.63081180633406 9.598366784635497 8.622575382962346 9.190548747761278 9.979560874879382 9.951826502328686 8.007665986673121 10.014641288433381 10.014641288433381 10.014641288433381 10.014641288433381 10.014641288433381 10.014641288433381 10.014641288433381 10.014641288433381 10.014641288433381 10.014641288433381 10.014641288433381 10.014641288433381 10.014641288433381 10.014641288433381 10.014641288433381 10.014641288433381
7.905049851287183 6.86093476741874 6.93747664611548 5.771401766176811 6.188267206986245 8.295600751261931 9.17765750801365 8.489346167942399 6.142399315012145 8.070739670077371 9.301461225100178 8.85808404761963 7.736019784518051 9.686206095307838 9.964187001291068 9.112183630250286 9.987910353149859 10.014641288433381 10.014641288433381 10.014641288433381 10.014641288433381 10.014641288433381 10.014641288433381 10.014641288433381 10.014641288433381 10.014641288433381 10.014641288433381 10.014641288433381 10.014641288433381 10.014641288433381 10.014641288433381 10.014641288433381
8.569338868800262 7.51420948843031 7.460901022468808 6.222481621929416 7.409196955717711 8.84208850132763 9.635431167980359 8.780197413128052 6.5472457665651005 9.314155301922467 9.679960085920047 8.445906478042458 8.789299914353052 9.91929115230652 9.960136531796831 8.264747940971505 10.011156422874706 10.014641288433381 10.014641288433381 10.014641288433381 10.014641288433381 10.014641288433381 10.014641288433381 10.014641288433381 10.014641288433381 10.014641288433381 10.014641288433381 10.014641288433381 10.014641288433381 10.014641288433381 10.014641288433381 10.014641288433381
8.006518852340708 7.1839967122564765 7.033058043488006 5.968140386309148 7.3282006605192 8.086507253955116 8.795401255780241 7.553922904091218 7.117417522792885 9.20888574967778 9.32421636551285 8.199661206649864 9.454481037979605 9.994856999314804 9.980483642370862 9.229853042181233 10.014641288433381 10.014641288433381 10.014641288433381 10.014641288433381 10.014641288433381 10.014641288433381 10.014641288433381 10.014641288433381 10.014641288433381 10.014641288433381 10.014641288433381 10.014641288433381 10.014641288433381 10.014641288433381 10.014641288433381 10.014641288433381
8.01127581497733 7.434243109870686 7.328843154316798 6.587641004981122 8.23426644725493 8.305393662111204 9.119551863427859 8.931121643895858 8.907777180955755 9.88162911495656 9.971644429564959 9.940842125130567 10.002011900235797 10.014641288433381 10.014641288433381 10.006392768838326 10.014641288433381 10.014641288433381 10.014641288433381 10.014641288433381 10.014641288433381 10.014641288433381 10.014641288433381 10.014641288433381 10.014641288433381 10.014641288433381 10.014641288433381 10.014641288433381 10.014641288433381 10.014641288433381 10.014641288433381 10.014641288433381
