10.0 10.0 10.0 10.0 10.0 10.0 10.0 10.0 10.0 10.0 10.0 10.0 10.0 10.0 10.0 10.0 9.992568537352348 9.999780694087711 9.999361706207063 9.990499039241811 9.965024239577975 9.857906752303638 9.78984229876265 9.798037093826572 9.612164221633577 9.18491174185697 9.368282569384544 8.855381309615879 8.969954724428765 8.71469098380172 9.243624833325926 9.323621600369792
10.0 10.0 10.0 10.0 10.0 10.0 10.0 10.0 10.0 10.0 10.0 10.0 10.0 10.0 10.0 10.0 10.0 10.0 10.0 10.0 9.988739554576242 9.960533877108688 9.966744079604124 9.882405256867479 9.53990192666695 9.31227255831802 9.424179229889816 8.575080356367097 8.464347439734706 7.7428535106167 8.610602354684024 9.06952578367225
10.0 10.0 10.0 10.0 10.0 10.0 10.0 10.0 10.0 10.0 10.0 10.0 10.0 10.0 10.0 10.0 10.0 10.0 10.0 10.0 9.993957073898033 9.9067322358725 9.978552746062622 9.762833512587873 8.88490714815901 8.83601838071145 8.994988082556933 7.463791323322163 6.962110343405416 5.981902635470832 7.0447423431558285 7.865011438801041
10.0 10.0 10.0 10.0 10.0 10.0 10.0 10.0 10.0 10.0 10.0 10.0 10.0 10.0 10.0 10.0 10.0 10.0 9.999284269276494 9.992952151972823 9.726319446954655 9.34688562799585 9.670059276312578 8.992695035314274 7.282995460597835 8.01564982534288 8.531433932901601 6.205226493638037 6.525226175620025 6.402427884297354 7.763481484561079 8.445357738545624
10.0 10.0 10.0 10.0 10.0 10.0 10.0 10.0 10.0 10.0 10.0 10.0 10.0 10.0 10.0 9.941349617553378 9.221122362797031 9.676886346371376 9.694498675102729 8.7754344597829 7.866930535105625 8.302640385274193 8.328252829099492 6.013269137068258 5.15880525240635 7.130066929122116 7.353949852915968 5.064096063010789 5.984171139020978 6.93698639705289 7.912302539188337 8.271315503391136
10.0 10.0 10.0 10.0 10.0 10.0 10.0 10.0 10.0 10.0 10.0 10.0 10.0 9.988325488824012 9.997076577619735 9.999484875166917 9.862575217316177 9.058676531762897 9.689586724824261 9.56538079958126 7.654623403461819 5.958554187113518 8.397145416369895 7.666850721188893 5.466140052565488 6.886553691551125 9.049920807507396 7.962483889415027 7.787663420532381 8.205098440249317 8.364843882121493 8.1649458005437
10.0 10.0 10.0 10.0 10.0 10.0 10.0 10.0 10.0 10.0 10.0 10.0 10.0 9.99636540545516 10.0 10.0 9.923086612579253 9.805084875667212 10.0 9.983479019303282 9.11590791527817 9.251875855566484 10.0 9.395017094130889 7.905683487662884 9.719063174758643 9.998911205267719 9.191619030491038 9.440922309102186 9.333204973916544 9.136724960512263 8.633438850013892
10.0 10.0 10.0 10.0 10.0 10.0 10.0 10.0 10.0 10.0 10.0 10.0 10.0 9.99537892861235 10.0 10.0 9.411159007421364 9.534166845002272 9.974338480589857 9.735231380331623 7.595884061501325 8.700826809512154 9.688458719073408 8.111000138510533 7.370905726994724 9.433453697740356 9.87086985090993 8.355070128970507 9.770648063540293 9.876282337272885 9.774496274425287 9.535133801800423
10.0 10.0 10.0 10.0 10.0 10.0 10.0 10.0 10.0 10.0 10.0 10.0 9.999297574446127 9.790906129819852 9.957919375103158 9.858379116168557 8.419832506089849 7.697576517017898 9.014542752112074 7.72105050696065 5.1023666890845405 6.157229514335705 7.904910669249691 6.811899672806043 6.362849827169806 8.572184681161891 9.616716478622559 8.755015610300967 9.749836774640176 9.971049336880698 9.972089611291649 9.846863294012385
10.0 10.0 10.0 10.0 10.0 10.0 10.0 10.0 10.0 10.0 10.0 10.0 9.997475338383005 9.532779372653344 9.926309106941382 9.96274992096664 8.681757350938062 6.051187507866145 8.998147746182132 8.894843906889209 6.41596865843121 6.346107793215173 9.234218950253 8.92518766919294 8.225818965832207 9.576945237396982 9.993066791207507 9.793866899735788 9.94374963655205 9.976039827149506 9.977331246833739 9.68509567720776
10.0 10.0 10.0 10.0 10.0 10.0 10.0 10.0 10.0 10.0 10.0 10.0 9.997621766312925 9.744323043040467 10.0 10.0 8.637176059421394 8.69472370764391 10.0 9.758412714047786 8.045299971804361 9.383476104495756 10.0 9.831791871244066 9.741041792262997 9.993250849397079 10.0 9.787342436364009 10.0 10.0 9.995611126981258 9.950223219106238
10.0 10.0 10.0 10.0 10.0 10.0 10.0 10.0 10.0 9.975305598951214 10.0 10.0 9.853572666300044 9.08375851914534 9.875192674846282 9.760226520113687 6.114448522216265 7.4255703140284 9.319637070391753 8.193122564956798 6.73481062668383 8.741379810543693 9.823375190714117 9.274035825444864 9.673133237941117 9.992971270296428 10.0 9.762879233282854 10.0 10.0 10.0 9.99905964671379
10.0 10.0 10.0 10.0 10.0 10.0 9.995407065079872 10.0 9.998810819998033 9.682896414830498 9.937092006799995 9.960392129511924 9.207257439027636 7.578400548560202 8.860241055431095 8.501214422529259 5.562967664904635 5.274765527189854 8.013823447329132 7.762228386651987 6.586278788767628 8.21862489168709 9.79931266930245 9.791408015541396 9.968192378370581 9.994112479367399 10.0 10.0 10.0 10.0 10.0 10.0
10.0 10.0 10.0 10.0 10.0 10.0 9.972168156497952 10.0 9.999143264009058 9.790250587847785 9.987863300097688 9.998404618539539 9.7027215218679 8.336342217323907 9.878211701648516 9.916568306316792 7.776668936593994 7.321892421981965 9.886304088440719 9.744916180327621 8.816718492008343 9.826216585070762 10.0 10.0 10.0 10.0 10.0 10.0 10.0 10.0 10.0 10.0
10.0 10.0 10.0 10.0 9.966583654306016 10.0 9.981025561820774 10.0 10.0 9.550711445684106 9.999349456961685 10.0 9.166545325206911 8.707267287096379 9.995722827572996 9.953022600068246 7.741812667890877 9.035877532101207 10.0 9.989111922951972 9.706766048279441 9.978369827872154 10.0 10.0 10.0 10.0 10.0 10.0 10.0 10.0 10.0 10.0
9.99517305653093 9.999829975239647 10.0 9.992793638992325 9.603886713797335 9.949997212417763 9.778532572513784 10.0 9.835483024246047 8.349356641207383 9.621584697115168 9.629203935623691 5.912596239620964 6.292606065074237 8.70698736133175 8.008531416603843 5.751374062400689 7.905636498974858 9.711116787466878 9.433847307385001 9.403665159321646 9.931797410937069 10.0 10.0 10.0 10.0 10.0 10.0 10.0 10.0 10.0 10.0
9.990070563620652 9.81602055453157 9.920194442895982 9.931346693007967 9.871750955981671 9.734002905943749 7.970474454391696 9.610461184760945 9.4982861970801 7.2243431612558595 7.397775205529192 8.655188712836056 6.633709610633011 4.9028917809359465 6.6377936703814955 8.209356434771474 7.009289979961952 6.176880027487679 9.045033739165875 9.825749361950141 9.502077694390103 9.871089070838341 10.0 10.0 10.0 10.0 10.0 10.0 10.0 10.0 10.0 10.0
10.0 9.989231815832339 9.999071934690837 9.9932476103716 9.905898633209846 9.960187989510494 9.621683070879692 10.0 9.976163052218673 8.705411633346035 9.978659409476188 10.0 8.702319081735709 8.003415391758564 9.993138656570409 9.998579331721707 9.384266477336608 9.834904577483078 10.0 10.0 10.0 10.0 10.0 10.0 10.0 10.0 10.0 10.0 10.0 10.0 10.0 10.0
10.0 9.979851520388864 9.984057063764672 9.98356719456649 9.123010563689107 9.781607758630413 9.633194278480728 10.0 9.89714627108159 8.252918781301664 9.985033351063915 9.993934639057093 8.05354626160754 8.602240049669527 9.999979292299791 9.986727877918467 9.664559171755359 9.9615989022422 10.0 10.0 10.0 10.0 10.0 10.0 10.0 10.0 10.0 10.0 10.0 10.0 10.0 10.0
9.925812524672635 9.73604476626022 9.67310709716361 9.638317797524913 6.456055456102861 8.026113642980409 8.16299561332689 8.863380817675418 6.2985776681834285 5.247123603154765 7.867323489387134 8.255843110548401 6.412053920735661 7.227332470583674 9.607058083103095 9.635188664238903 9.541397809151416 9.930669445663524 10.0 10.0 10.0 10.0 10.0 10.0 10.0 10.0 10.0 10.0 10.0 10.0 10.0 10.0
9.992667193806026 9.658527767626126 9.897634290004142 9.83490828511318 9.075692583982685 9.312509835164244 7.759943605929039 9.953925167740579 9.104114533063083 6.138855092201718 8.887954317855026 9.714846383403533 8.591828715493191 7.396526017928532 9.855996997382123 9.993036134463361 9.962294583186925 9.990304035328197 10.0 10.0 10.0 10.0 10.0 10.0 10.0 10.0 10.0 10.0 10.0 10.0 10.0 10.0
9.999465995022577 9.910431035905193 9.960853748054586 9.918499194083186 9.029128913570363 9.682496233743157 9.494250626868148 10.0 9.966537750182399 8.563643982502535 9.999853448427508 10.0 9.904713112671105 9.651121062427851 10.0 10.0 10.0 10.0 10.0 10.0 10.0 10.0 10.0 10.0 10.0 10.0 10.0 10.0 10.0 10.0 10.0 10.0
9.940223201753332 9.786125322073001 9.884806349184204 9.824620987219966 6.7915086133032165 8.85540373997477 9.440965840665317 10.0 9.317500864778893 8.405315403516537 10.0 10.0 9.686611596327692 9.899011924328152 10.0 10.0 10.0 10.0 10.0 10.0 10.0 10.0 10.0 10.0 10.0 10.0 10.0 10.0 10.0 10.0 10.0 10.0
9.530553537686805 9.014472424946822 9.445657157242744 8.731121002216671 6.232170672676618 5.458953008262569 6.029256838573893 7.963178860206092 7.04191269795478 6.285253160667078 8.811401054737736 9.611956128318932 9.350353284507792 9.584901925897068 10.0 10.0 10.0 10.0 10.0 10.0 10.0 10.0 10.0 10.0 10.0 10.0 10.0 10.0 10.0 10.0 10.0 10.0
9.900469783640952 9.617281362636984 9.895891256879157 9.778585345044917 8.983176644709582 8.845302597446057 8.864605499900005 10.0 9.93722595897915 8.152017009134186 9.986025564388779 10.0 9.99496104743766 9.863490433490622 10.0 10.0 10.0 10.0 10.0 10.0 10.0 10.0 10.0 10.0 10.0 10.0 10.0 10.0 10.0 10.0 10.0 10.0
9.96368049167602 9.84766686875169 9.952933709366203 9.88147024272677 8.894558084175381 9.721239148595204 9.929273426776716 10.0 10.0 9.837489676710675 10.0 10.0 10.0 10.0 10.0 10.0 10.0 10.0 10.0 10.0 10.0 10.0 10.0 10.0 10.0 10.0 10.0 10.0 10.0 10.0 10.0 10.0
9.722274600025395 9.501402011884398 9.829735725293043 9.684599056675218 7.6206944915773045 8.407544016194791 9.849922399312915 10.0 9.949538121657437 9.865350762942413 10.0 10.0 10.0 10.0 10.0 10.0 10.0 10.0 10.0 10.0 10.0 10.0 10.0 10.0 10.0 10.0 10.0 10.0 10.0 10.0 10.0 10.0
8.782864233790287 8.611473124775705 9.529313712702018 9.045831339832633 7.3251934833057595 6.237706216164138 6.863808803949671 9.11570102004006 9.122589207279693 7.86493402657916 9.662977160113464 10.0 10.0 9.934688025528057 10.0 10.0 10.0 10.0 10.0 10.0 10.0 10.0 10.0 10.0 10.0 10.0 10.0 10.0 10.0 10.0 10.0 10.0
7.947618643572374 7.62688109344944 8.42401434829101 7.8712649567192985 6.721863116544383 6.454151372822746 8.098640576746972 9.540649825750394 9.476355398047296 9.697243064253817 9.948337763824384 10.0 9.99078752867731 9.996999410419578 10.0 10.0 10.0 10.0 10.0 10.0 10.0 10.0 10.0 10.0 10.0 10.0 10.0 10.0 10.0 10.0 10.0 10.0
8.518548536794231 7.970842914155162 8.991046223069029 8.519846454543664 7.457692320112347 6.914425974320853 8.553806728730803 9.654588961212855 9.72663157144458 9.81035486763785 9.939938912134021 9.99688128085939 9.97171655234794 9.999670538471742 10.0 10.0 10.0 10.0 10.0 10.0 10.0 10.0 10.0 10.0 10.0 10.0 10.0 10.0 10.0 10.0 10.0 10.0
7.501250954004231 7.140034676614272 7.675736396934308 7.511189950279527 7.35794299274514 7.151074865389962 8.69866369660488 9.216024206244196 9.508363409764133 9.82734589096739 9.928230546596676 9.999345905699853 9.998108488023329 10.0 10.0 10.0 10.0 10.0 10.0 10.0 10.0 10.0 10.0 10.0 10.0 10.0 10.0 10.0 10.0 10.0 10.0 10.0
8.16321138996252 8.138659457567375 8.517137824723989 8.23093144776418 8.224025307740167 8.668964786027948 9.580978156041411 9.7564102803843 9.839545736542004 9.964635419570218 9.99332930995043 9.99429666001301 10.0 10.0 10.0 10.0 10.0 10.0 10.0 10.0 10.0 10.0 10.0 10.0 10.0 10.0 10.0 10.0 10.0 10.0 10.0 10.0
