10.022573363431151 10.022573363431151 10.022573363431151 10.022573363431151 10.022573363431151 10.022573363431151 10.022573363431151 10.022573363431151 10.022573363431151 10.022573363431151 10.022573363431151 10.022573363431151 10.022573363431151 10.022573363431151 10.022573363431151 10.022573363431151 10.022573363431151 10.022573363431151 10.022573363431151 10.022573363431151 10.022573363431151 9.984977673905025 10.010040474404681 10.010921421999392 9.925810656518896 9.39381657974442 9.754924626550645 9.811136380747058 9.608800050890107 9.464898581116897 9.842849097648992 9.83588159191742
10.022573363431151 10.022573363431151 10.022573363431151 10.022573363431151 10.022573363431151 10.022573363431151 10.022573363431151 10.022573363431151 10.022573363431151 10.022573363431151 10.022573363431151 10.022573363431151 10.022573363431151 10.022573363431151 10.022573363431151 10.022573363431151 10.022573363431151 10.022573363431151 10.022573363431151 10.022573363431151 10.022573363431151 10.017187953238675 10.022573363431151 10.022573363431151 10.022573363431151 9.849207707416772 9.982090630569644 9.983221097239468 9.877304537087255 9.630643395480636 9.87393151853554 9.901056330008647
10.022573363431151 10.022573363431151 10.022573363431151 10.022573363431151 10.022573363431151 10.022573363431151 10.022573363431151 10.022573363431151 10.022573363431151 10.022573363431151 10.022573363431151 10.022573363431151 10.022573363431151 10.022573363431151 10.022573363431151 10.022573363431151 10.022573363431151 10.022573363431151 10.022573363431151 10.022573363431151 10.022573363431151 10.0057165696833 10.004604329688837 10.018550206174888 10.005602015331577 9.627192446059976 9.913404407418824 9.957520329277772 9.820121435638818 9.544557624637276 9.683615153717755 9.686476417378652
10.022573363431151 10.022573363431151 10.022573363431151 10.022573363431151 10.022573363431151 10.022573363431151 10.022573363431151 10.022573363431151 10.022573363431151 10.022573363431151 10.022573363431151 10.022573363431151 10.022573363431151 10.022573363431151 10.022573363431151 10.022573363431151 10.022573363431151 10.022573363431151 10.022573363431151 10.022573363431151 10.022573363431151 10.020401577196607 9.983442610862662 10.022573363431151 10.022573363431151 9.658710772592743 9.895009795181092 10.009250837880218 9.910250760986372 9.755441648838245 9.810891952726138 9.746638931454504
10.022573363431151 10.022573363431151 10.022573363431151 10.022573363431151 10.022573363431151 10.022573363431151 10.022573363431151 10.022573363431151 10.022573363431151 10.022573363431151 10.022573363431151 10.022573363431151 10.022573363431151 10.022573363431151 10.022573363431151 10.022573363431151 10.022573363431151 10.022573363431151 10.022573363431151 10.022573363431151 10.022573363431151 9.948897256345893 10.002079645312657 10.022573363431151 10.014954787615258 9.272149787002434 9.974709875989666 10.019162505407119 9.973765616100156 9.823473528935445 9.86405116743397 9.778786358078005
10.022573363431151 10.022573363431151 10.022573363431151 10.022573363431151 10.022573363431151 10.022573363431151 10.022573363431151 10.022573363431151 10.022573363431151 10.022573363431151 10.022573363431151 10.022573363431151 10.022573363431151 10.022573363431151 10.01893255329501 10.022573363431151 10.022573363431151 9.977473921213992 10.001068652819285 10.022573363431151 10.014098901601098 9.345216888240046 9.850603317267543 9.975117814758514 9.800980550630271 7.36904126183933 9.511543198688084 9.890410605029102 9.645918088129596 9.594672804777822 9.712695246175366 9.545303646510767
10.022573363431151 10.022573363431151 10.022573363431151 10.022573363431151 10.022573363431151 10.022573363431151 10.022573363431151 10.022573363431151 10.022573363431151 10.022573363431151 10.022573363431151 10.022573363431151 10.022573363431151 10.022573363431151 10.022573363431151 10.0174777671719 10.022573363431151 9.995463813962846 9.829677209027363 9.905412311483335 9.875670447528586 8.835522849174783 8.719585576566962 9.429576089612667 8.677058734127424 5.227361831872353 7.1489981041532475 8.638700554004982 8.556324355105568 8.814593812685429 9.098130936526957 8.830121783415741
10.022573363431151 10.022573363431151 10.022573363431151 10.022573363431151 10.022573363431151 10.022573363431151 10.022573363431151 10.022573363431151 10.022573363431151 10.022573363431151 10.022573363431151 10.022573363431151 10.022573363431151 10.022573363431151 10.022573363431151 10.022573363431151 10.022573363431151 10.022573363431151 9.987304717741665 10.020985376097864 10.022057211797899 9.714745748704013 9.610477837334605 10.012080561675948 10.004971471948856 7.994434500843489 9.475153042494952 10.016751005403048 9.994457842667876 9.904955847038158 9.936237411821413 9.776917697205034
10.022573363431151 10.022573363431151 10.022573363431151 10.022573363431151 10.022573363431151 10.022573363431151 10.022573363431151 10.022573363431151 10.022573363431151 10.022573363431151 10.022573363431151 10.022573363431151 10.022573363431151 10.022573363431151 9.987940505962268 10.022258783810944 10.022573363431151 10.005366893464322 9.86703150766243 10.015547065081288 10.020016728343665 8.681548328131393 9.485505376553075 10.02116282791585 9.982853511039677 8.213750522179925 9.849235938396387 10.022573363431151 10.022573363431151 10.000457147954899 10.017734513094581 9.919957939283552
10.022573363431151 10.022573363431151 10.022573363431151 10.022573363431151 10.022573363431151 10.022573363431151 10.022573363431151 10.022573363431151 10.022573363431151 10.022573363431151 10.020001604311421 10.022573363431151 10.022573363431151 9.970802278199743 9.571282997039184 9.86613996640612 9.86772890561959 9.199661685940022 8.978935348779736 9.619287579927988 9.194825614620049 5.182783010698674 7.109569940601196 8.974099981710019 8.24603023932021 5.918339360712245 8.87608039789272 9.829059700695742 9.767817106915436 9.924784203541169 9.962155469677862 9.679965326587885
10.022573363431151 10.022573363431151 10.022573363431151 10.022573363431151 10.022573363431151 10.022573363431151 10.022573363431151 10.022573363431151 10.022573363431151 10.022573363431151 10.022573363431151 10.022573363431151 10.022573363431151 10.022573363431151 9.868278830121382 9.544646657814837 9.939764361205533 9.775065292133574 8.845501346504053 9.113123302025178 9.455616335078744 6.799404055763998 5.24088782068043 7.921129193823876 8.473187121099462 6.036594241483634 6.727012250010915 9.327948634243139 9.89495715354345 9.852108185365248 9.901784633966644 9.532877773641973
10.022573363431151 10.022573363431151 10.022573363431151 10.022573363431151 10.022573363431151 10.022573363431151 10.022573363431151 10.022573363431151 10.022573363431151 10.022573363431151 10.022573363431151 10.022573363431151 10.022573363431151 10.022573363431151 9.824846690686678 9.873457702686096 10.022573363431151 9.985144471138465 9.424480446494078 9.982516215810405 10.022573363431151 8.302644621955459 8.080653806594022 10.015573480595362 10.022021110485644 9.164524127343858 9.98808637617819 10.022573363431151 10.022573363431151 10.022573363431151 10.022573363431151 9.992245026459448
10.022573363431151 10.022573363431151 10.022573363431151 10.022573363431151 10.022573363431151 10.022573363431151 10.022573363431151 10.022573363431151 10.022573363431151 10.022573363431151 10.015967987934769 10.006859264789835 10.022573363431151 10.00286697334358 9.394294837943763 9.699450110255635 9.950434459458494 9.159115742110915 7.341390092905467 9.283264429793352 9.751363544621942 6.607022761841927 7.881129445002255 9.990356634348823 10.012526927254779 9.387888892202028 10.02079213942846 10.022573363431151 10.022573363431151 10.022573363431151 10.022573363431151 10.018792294166666
10.022573363431151 10.022573363431151 10.022573363431151 10.022573363431151 10.022573363431151 10.022573363431151 10.022573363431151 10.022573363431151 10.022573363431151 10.022573363431151 10.01369261296029 9.877711794464352 9.949287563398155 9.861539166088189 9.037274745157834 8.720272335053211 9.35951871483045 7.620217269827997 5.136424856069073 6.692585487787848 7.934808125430675 5.82937682142096 5.781025043527658 8.867820874021163 9.71961695329932 8.884543080735687 9.874000344091206 10.022573363431151 10.022573363431151 10.022573363431151 10.022573363431151 10.013308410426795
10.022573363431151 10.022573363431151 10.022573363431151 10.022573363431151 10.022573363431151 10.022573363431151 10.022573363431151 10.022573363431151 10.022573363431151 10.022573363431151 10.022573363431151 9.963904620479848 10.022411772319803 10.022409341408908 9.598300638181351 9.096773905115812 9.965333009743052 9.628174316272103 6.9751925885230746 8.172310809931385 9.75136192528687 8.419243259368589 6.089530068682472 9.858913903133212 10.022573363431151 9.842552045818897 9.700657577990443 10.022573363431151 10.022573363431151 10.022573363431151 10.022573363431151 10.01936765594042
10.022573363431151 10.022573363431151 10.022573363431151 10.022573363431151 10.022573363431151 10.022573363431151 10.022573363431151 10.022573363431151 10.022573363431151 10.022573363431151 10.01579565944664 9.800797096428765 10.017541307366601 10.021381258255927 8.51209486363976 9.153060119511863 10.022573363431151 9.715586162821834 7.758741740393162 9.521616328691154 10.022573363431151 9.460388669303876 8.909965667702231 10.022573363431151 10.022573363431151 10.01622027924259 10.022573363431151 10.022573363431151 10.022573363431151 10.022573363431151 10.022573363431151 10.022573363431151
10.022573363431151 9.99147247108773 10.020549271594668 9.967311248244476 10.022573363431151 10.022573363431151 9.832883417521618 9.427273215911235 9.831567603662814 9.79956489909929 8.277925518930116 8.745013545886586 9.37421800944913 7.880263010805734 4.982211351267755 6.347671868066357 7.977347456681064 5.994670687758676 5.527588763000864 7.961146898381191 8.97987713604916 6.6825271438963645 8.869824949485778 10.022115202910923 10.021305081203383 10.002134746830697 10.022573363431151 10.022573363431151 10.022573363431151 10.022573363431151 10.022573363431151 10.020645806909751
10.022573363431151 10.022573363431151 10.021229588599391 9.990424093290011 10.018753188260654 10.022573363431151 10.022573363431151 10.002132573476478 9.886689868772995 9.987215768635783 9.914548772723036 9.257964670558595 9.466005862974658 9.639330433600676 7.146592784273426 5.078033535188461 7.560967232488381 7.911274173342027 5.792176892196882 6.097207850402345 8.617210461699628 8.968013673711349 6.982035690433102 9.804398107726735 10.022573363431151 10.010763881321234 9.999702841590898 10.022573363431151 10.022573363431151 10.022573363431151 10.022573363431151 10.022573363431151
10.022573363431151 10.022573363431151 10.022573363431151 10.01616681301342 10.022573363431151 10.022573363431151 10.022573363431151 10.010411596156644 10.022573363431151 10.022573363431151 10.02232068161404 9.587247290545717 9.992779299810099 10.022573363431151 8.799502681952665 7.582539777747486 10.018084381367265 10.021072507086677 8.954273746988603 9.86053294204492 10.022573363431151 10.022573363431151 9.64715954594778 10.022573363431151 10.022573363431151 10.022573363431151 10.022573363431151 10.022573363431151 10.022573363431151 10.022573363431151 10.022573363431151 10.022573363431151
10.017383793505726 9.968878978330293 9.988682616998805 9.90307515558574 10.022573363431151 10.022573363431151 10.01165373582551 9.656359679928212 9.930295663529716 10.022573363431151 9.658590938361478 7.905445173496781 9.764739650335454 9.912474103146376 7.352921290350961 7.889884805743464 10.009510302367476 10.018831484693932 9.58038252796554 10.022573363431151 10.022573363431151 10.022573363431151 10.022573363431151 10.022573363431151 10.022573363431151 10.022573363431151 10.022573363431151 10.022573363431151 10.022573363431151 10.022573363431151 10.022573363431151 10.022573363431151
9.996175443406203 9.165853703268114 9.647414015980006 9.26007398305634 9.929185536926209 10.01782088128889 9.959994893706515 9.040568801014283 8.667747967951358 9.565176554682468 7.970519397079671 4.915650310626115 6.488970983287832 7.77321497463195 5.902459410730599 5.502953758569817 8.561042946801408 9.484684015419916 8.966805024137233 9.902960431592728 10.022573363431151 10.022573363431151 10.02087629709323 10.022573363431151 10.022573363431151 10.022573363431151 10.022573363431151 10.022573363431151 10.022573363431151 10.022573363431151 10.022573363431151 10.022573363431151
10.007698743725888 9.73572675837658 9.936193051262563 9.843256583648513 10.01918254326119 10.022573363431151 10.022573363431151 9.963674612653959 9.93870062557773 10.022573363431151 10.007117927906187 8.305538162328405 9.65205513485 10.021840033843532 9.339912291455054 5.612414921328362 9.956788381599297 10.022573363431151 9.924593301648843 9.92192407576917 10.022573363431151 10.022573363431151 9.983128155797258 10.022573363431151 10.022573363431151 10.022573363431151 10.022573363431151 10.022573363431151 10.022573363431151 10.022573363431151 10.022573363431151 10.022573363431151
9.994660977063624 9.661429391107237 9.97084510998204 9.816330349270336 10.022573363431151 10.022573363431151 10.022573363431151 9.959168769579774 10.006042480443128 10.022573363431151 10.0169439381594 9.041852064118354 10.021265392125771 10.022573363431151 9.859616201886938 8.685801389529665 10.022573363431151 10.022573363431151 10.022573363431151 10.022573363431151 10.022573363431151 10.022573363431151 10.022573363431151 10.022573363431151 10.022573363431151 10.022573363431151 10.022573363431151 10.022573363431151 10.022573363431151 10.022573363431151 10.022573363431151 10.022573363431151
9.774626269323106 8.413282355322195 9.590029648782394 8.558935747834893 10.004507695795121 10.016097899202547 9.95486630941193 8.450835299963337 9.154561237714326 9.981880112640875 9.52633107150743 6.459571395355 9.592535790484757 10.014103954387494 9.172909914763832 8.850651482409239 10.022573363431151 10.022573363431151 10.022573363431151 10.022573363431151 10.022573363431151 10.022573363431151 10.022573363431151 10.022573363431151 10.022573363431151 10.022573363431151 10.022573363431151 10.022573363431151 10.022573363431151 10.022573363431151 10.022573363431151 10.022573363431151
9.473685610387003 7.417076660966877 8.906183086233158 8.427662358390181 9.762489658687935 10.019110311990481 10.008566304177798 9.314013140729166 8.224426799568322 9.78489199806788 9.709395656939877 6.811156488481274 8.313677090363775 9.863837095752634 9.79672120817963 6.256973858848977 10.004174981895922 10.022573363431151 10.022573363431151 10.022573363431151 10.022573363431151 10.022573363431151 10.022573363431151 10.022573363431151 10.022573363431151 10.022573363431151 10.022573363431151 10.022573363431151 10.022573363431151 10.022573363431151 10.022573363431151 10.022573363431151
9.543566354435882 8.346725888624206 9.70542789409258 9.3971267167547 10.002050151286891 10.022573363431151 10.022573363431151 9.989446588821606 9.826652555893174 10.022573363431151 10.022573363431151 9.689997470581517 9.948894706990474 10.022573363431151 10.022573363431151 8.733251872768717 10.022573363431151 10.022573363431151 10.022573363431151 10.022573363431151 10.022573363431151 10.022573363431151 10.022573363431151 10.022573363431151 10.022573363431151 10.022573363431151 10.022573363431151 10.022573363431151 10.022573363431151 10.022573363431151 10.022573363431151 10.022573363431151
9.015919746365249 7.977806805443048 9.717491582231139 9.155663148326285 9.98414841201031 10.022573363431151 10.022573363431151 9.976682265601266 9.911377529664435 10.022573363431151 10.022573363431151 9.883574729471393 10.022573363431151 10.022573363431151 10.022573363431151 10.022573363431151 10.022573363431151 10.022573363431151 10.022573363431151 10.022573363431151 10.022573363431151 10.022573363431151 10.022573363431151 10.022573363431151 10.022573363431151 10.022573363431151 10.022573363431151 10.022573363431151 10.022573363431151 10.022573363431151 10.022573363431151 10.022573363431151
9.257490426236272 8.302187269672862 9.743689378579662 8.752144779224045 10.016897279036511 10.00217949831483 9.979973756923778 9.67485691522216 9.959545235733524 10.02177771513907 9.999198482738851 9.63733781715955 10.022573363431151 10.022573363431151 10.015526849022487 10.022573363431151 10.022573363431151 10.022573363431151 10.022573363431151 10.022573363431151 10.022573363431151 10.022573363431151 10.022573363431151 10.022573363431151 10.022573363431151 10.022573363431151 10.022573363431151 10.022573363431151 10.022573363431151 10.022573363431151 10.022573363431151 10.022573363431151
7.206995234841514 5.9030754637643135 7.23471676808455 6.359006920340521 9.162850799881488 9.666409903261252 9.56588409095288 7.726355217931608 7.609361438534329 9.383241930119727 9.250705117110988 7.406567066185851 9.152132505505957 9.923081086558273 9.882830642356998 9.601592786974837 10.022573363431151 10.022573363431151 10.022573363431151 10.022573363431151 10.022573363431151 10.022573363431151 10.022573363431151 10.022573363431151 10.022573363431151 10.022573363431151 10.022573363431151 10.022573363431151 10.022573363431151 10.022573363431151 10.022573363431151 10.022573363431151
8.510411057239743 7.824115480268919 8.969433119853528 7.508611364688578 9.766791838600023 9.847622453962515 9.66315194639094 7.911470190534871 9.150171690794553 9.882170726680515 9.39579041139662 8.570842339001794 9.89221089603662 9.996096819066915 9.832578184293704 9.873589090492349 10.022573363431151 10.022573363431151 10.022573363431151 10.022573363431151 10.022573363431151 10.022573363431151 10.022573363431151 10.022573363431151 10.022573363431151 10.022573363431151 10.022573363431151 10.022573363431151 10.022573363431151 10.022573363431151 10.022573363431151 10.022573363431151
7.782624885828443 7.036240960778897 7.742985023782903 6.208848806469228 8.712945883245284 8.8834864224823 8.47126301971266 6.950671330736174 8.117772548673967 9.357209452532137 9.000819092012836 8.330445878425808 9.685314361094521 9.903668487669862 9.699064896545396 9.857552117411151 10.022573363431151 10.022573363431151 10.022573363431151 10.022573363431151 10.022573363431151 10.022573363431151 10.022573363431151 10.022573363431151 10.022573363431151 10.022573363431151 10.022573363431151 10.022573363431151 10.022573363431151 10.022573363431151 10.022573363431151 10.022573363431151
7.784571500938369 7.577665376344247 8.208968729248282 6.523257428158035 9.163049931559593 9.12179950428595 9.029406527699914 8.63626901046222 9.479438698812322 9.891835065292488 9.803642546590348 9.890558669368842 10.008903043665578 10.021544839769621 10.021986640552546 10.022573363431151 10.022573363431151 10.022573363431151 10.022573363431151 10.022573363431151 10.022573363431151 10.022573363431151 10.022573363431151 10.022573363431151 10.022573363431151 10.022573363431151 10.022573363431151 10.022573363431151 10.022573363431151 10.022573363431151 10.022573363431151 10.022573363431151
