10.012180267965896 10.012180267965896 10.012180267965896 10.012180267965896 10.012180267965896 10.012180267965896 10.012180267965896 10.012180267965896 10.012180267965896 10.012180267965896 10.012180267965896 10.012180267965896 10.012180267965896 10.012180267965896 10.012180267965896 10.012180267965896 10.012180267965896 10.005238898637202 10.011886893078096 10.01062406276299 9.951955794091658 9.757830285213009 9.803967347403216 9.879474832895664 9.550260519412657 9.05811392447086 9.16954738879703 8.693569261922342 8.736975241316713 8.370735655895329 9.287032703042327 9.498381640452793
10.012180267965896 10.012180267965896 10.012180267965896 10.012180267965896 10.012180267965896 10.012180267965896 10.012180267965896 10.012180267965896 10.012180267965896 10.012180267965896 10.012180267965896 10.012180267965896 10.012180267965896 10.012180267965896 10.012180267965896 10.012180267965896 10.012180267965896 10.012180267965896 10.012180267965896 10.012180267965896 10.00595262546628 9.972977695248677 9.976129869099687 9.931338554050958 9.546163142498965 9.236438485716759 9.310283969556705 8.537647271124522 8.28710841335561 7.455271265904149 8.602472621135199 9.236983345004377
10.012180267965896 10.012180267965896 10.012180267965896 10.012180267965896 10.012180267965896 10.012180267965896 10.012180267965896 10.012180267965896 10.012180267965896 10.012180267965896 10.012180267965896 10.012180267965896 10.012180267965896 10.012180267965896 10.012180267965896 10.012180267965896 10.012180267965896 10.012180267965896 10.012180267965896 10.012180267965896 10.000948535439875 9.903885949287172 9.959641368633381 9.822821372633049 9.039025502991372 8.84118455146278 9.045931646308043 7.57562341494846 6.952854038248229 6.060451598517383 7.196508332105282 8.181795009483189
10.012180267965896 10.012180267965896 10.012180267965896 10.012180267965896 10.012180267965896 10.012180267965896 10.012180267965896 10.012180267965896 10.012180267965896 10.012180267965896 10.012180267965896 10.012180267965896 10.012180267965896 10.012180267965896 10.012180267965896 10.012180267965896 10.012180267965896 10.008511175074515 10.005220314654009 10.004917096110704 9.74552618834871 9.215891745178212 9.647183873977202 9.219144234970091 7.582505713255504 7.992720080318581 8.612782678496472 6.663314900870749 6.532386236708452 6.467940825505487 7.689334200243619 8.466677168058364
10.012180267965896 10.012180267965896 10.012180267965896 10.012180267965896 10.012180267965896 10.012180267965896 10.012180267965896 10.012180267965896 10.012180267965896 10.012180267965896 10.012180267965896 10.012180267965896 10.012180267965896 10.012180267965896 10.012180267965896 9.971092688931666 9.551100805474345 9.726976152673378 9.813061982199807 9.199107419555013 8.176562520254425 8.1966176008327 8.436031643486864 6.534562945027342 5.480340251120781 6.856667207470975 7.326751372208514 5.555006428649885 6.12819250038521 6.898075599176714 7.862335957355556 8.214875019065925
10.012180267965896 10.012180267965896 10.012180267965896 10.012180267965896 10.012180267965896 10.012180267965896 10.012180267965896 10.012180267965896 10.012180267965896 10.012180267965896 10.012180267965896 10.012180267965896 10.012180267965896 9.97324389525758 10.009410690513405 10.00950389122173 9.86953295313993 9.148652362430806 9.704491569346391 9.697650032964203 8.207321737920356 6.669917159405326 8.902830195709926 8.34395994979459 6.397016769693213 7.5340849855527035 9.275883532336163 8.362036442853139 7.9235040953417695 8.51708235903376 8.814197276092399 8.671258421762994
10.012180267965896 10.012180267965896 10.012180267965896 10.012180267965896 10.012180267965896 10.012180267965896 10.012180267965896 10.012180267965896 10.012180267965896 10.012180267965896 10.012180267965896 10.012180267965896 10.012180267965896 10.007006740445306 10.012180267965896 10.012180267965896 9.964741089850106 9.800525093256503 10.012180267965896 9.991973558673223 9.32343403808428 9.422512199292266 10.012180267965896 9.435054205910854 8.078456720287056 9.638653388374392 10.005891524999306 8.983669613586574 9.044800425848033 9.30121169539395 9.333695293380334 8.980979317038502
10.012180267965896 10.012180267965896 10.012180267965896 10.012180267965896 10.012180267965896 10.012180267965896 10.012180267965896 10.012180267965896 10.012180267965896 10.012180267965896 10.012180267965896 10.012180267965896 10.012180267965896 10.00858447054656 10.012180267965896 10.012180267965896 9.621297255027807 9.668708138906618 9.973135482389099 9.711365633291157 7.841596314742584 8.620432109405513 9.531675293005403 7.866115032481508 6.8773222005273125 8.934504235303137 9.549990286777804 7.917213191249608 9.000566921170632 9.505856022380192 9.713039681817058 9.546792570398294
10.012180267965896 10.012180267965896 10.012180267965896 10.012180267965896 10.012180267965896 10.012180267965896 10.012180267965896 10.012180267965896 10.012180267965896 10.012180267965896 10.012180267965896 10.012180267965896 9.99634352921091 9.791616642254906 9.96301205674427 9.825907852611564 8.760720186638952 8.22051070281453 9.238158181263053 7.968370551256255 5.568215109097155 6.2781745091035 7.907395367220798 6.740412545706056 6.083569077512102 8.200964275399574 9.470283065500764 8.523731919940298 9.357133382027497 9.846736333997411 9.961068986357871 9.866969164680526
10.012180267965896 10.012180267965896 10.012180267965896 10.012180267965896 10.012180267965896 10.012180267965896 10.012180267965896 10.012180267965896 10.012180267965896 10.012180267965896 10.011662145605266 10.012180267965896 9.986728359827199 9.371277277355158 9.883078600315123 9.919528224795378 8.749954752337283 6.682171669786924 9.193942767708005 8.943332924679309 6.732550780615476 6.899390800474397 9.341956027813403 8.822868323751942 8.095621709178157 9.569188085616245 10.006526614157927 9.538741627103986 9.853958811643134 9.989312377006174 10.00016205771632 9.810227863992523
10.012180267965896 10.012180267965896 10.012180267965896 10.012180267965896 10.012180267965896 10.012180267965896 10.012180267965896 10.012180267965896 10.012180267965896 10.012180267965896 10.012180267965896 10.012180267965896 9.985187559205105 9.764296503704239 10.012180267965896 10.011625737569622 8.856289283917913 9.042002949610682 10.01206044588303 9.632062014561077 7.896158134959666 9.234334586508657 9.919795151202345 9.449602320851797 9.275592729223492 9.926828428271623 9.983713632597894 9.197718498034705 9.808803601376992 9.98990046041804 9.981566178634937 9.870006563787035
10.012180267965896 10.012180267965896 10.012180267965896 10.012180267965896 10.012180267965896 10.012180267965896 10.012180267965896 10.012180267965896 10.012180267965896 10.011932017058092 10.012180267965896 10.012180267965896 9.73436729487937 9.542894524973404 9.900448585915704 9.676349158826705 6.611200051507975 7.786196179765832 9.127799003003839 7.71705703429046 6.197707670018305 8.176112803871316 9.237851781686558 8.458826722584217 8.88505974705431 9.739412479549022 9.863726736510829 9.192224657159949 9.86095032223348 10.011561247172866 10.011871494379493 9.992537254164139
10.012180267965896 10.012180267965896 10.012180267965896 10.012180267965896 10.012180267965896 10.012180267965896 10.012074548123469 10.012180267965896 10.010879206338783 9.948382349017393 9.940706512138268 9.901875294476078 9.07223051788163 8.315983907596138 9.078157097362688 8.400457227506767 5.65679847916207 5.702228862521457 7.861935080769757 7.268921047007511 6.043077852299875 7.801568893501693 9.439936599215374 9.310342903852751 9.597263538867 9.91780394757319 9.99922473220106 9.843897838238753 9.995077624175654 10.012180267965896 10.012180267965896 10.011194545451978
10.012180267965896 10.012180267965896 10.012180267965896 10.012180267965896 10.011237748370979 10.012180267965896 10.012111458086252 10.012180267965896 10.01043467406434 9.931134354286359 9.993021451934876 10.01123642952057 9.492527181441508 8.722595210395495 9.903856237499713 9.826115442197066 7.5442241723104315 7.6782960474212745 9.854885858908126 9.466783291709033 8.441483029873416 9.702657868035528 10.00348068711738 9.936016592643425 9.95859996486871 10.012180267965896 10.012180267965896 9.959008292155257 10.007788943300596 10.012180267965896 10.012180267965896 10.010461023760609
10.012180267965896 10.012054866409422 10.012180267965896 10.012180267965896 10.011613939886626 10.012180267965896 10.012180267965896 10.012180267965896 10.009485429879975 9.948923200284035 10.012180267965896 10.012180267965896 9.015386869569332 9.227583901225978 10.007895807356268 9.816483832992287 7.605152496554859 9.046507043428758 9.932424325630215 9.562095210100278 9.185996004892722 9.876539140401848 9.963613099795333 9.869702474989746 9.961266356788249 10.012180267965896 10.005885798617438 9.855725509346488 9.991077203981805 10.012180267965896 10.012180267965896 10.003175749395307
10.012180267965896 9.995782441356413 10.011225805888566 10.007986440566386 9.880079484730494 10.002412261745901 10.012136719533947 10.010050313184081 9.760598639124131 9.371755582505806 9.852876758727904 9.662911685450728 6.375440383452024 7.252220537852859 8.807479331375028 7.544117411925384 5.450838939944177 7.650034561827449 9.130684751041308 8.494511793980433 8.604487788670054 9.601881099881204 9.67001659496658 9.702728630587133 9.928890286695779 10.007862494551048 9.975610402203316 9.942064046966893 10.010924789011026 10.012180267965896 10.012180267965896 10.012180267965896
10.012180267965896 9.982208234828969 9.994904546937208 9.999027521165246 9.697398818497891 9.76602306569962 9.076896974999034 9.872006823694779 9.515244624836908 7.62846128604409 8.255382849183452 8.905434766705746 6.281118623207549 5.155442843038773 7.001210105383422 7.839236860006182 6.276999521744948 6.277361453297535 8.835182833931064 9.361672797030787 9.166010698207533 9.766401210981355 9.993314001359304 9.983495107204867 9.993372248702146 10.012180267965896 10.012180267965896 10.012180267965896 10.012180267965896 10.012180267965896 10.012180267965896 10.012180267965896
10.012180267965896 10.00837217561491 10.003886464768744 10.011739126737199 9.949751580049668 9.901296424162265 9.975513644657791 10.012180267965896 9.922888991251762 8.8923739715834 9.980703830109631 10.001911230538921 8.240871930417967 8.225044833921629 9.986899561254367 9.804822158546093 8.959313532224773 9.75988297884093 10.012180267965896 9.964003790935163 9.955023175386803 10.012180267965896 10.012180267965896 10.012180267965896 10.012180267965896 10.012180267965896 10.012180267965896 10.012180267965896 10.012180267965896 10.012180267965896 10.012180267965896 10.012180267965896
10.012180267965896 10.005631452101422 10.0076129744107 10.006930540390925 9.400520136288636 9.873141020688118 10.000969249344607 10.012180267965896 9.761847051353831 8.944439295033114 10.010449718807756 9.960037340510038 7.717455478550278 8.82981044352013 9.997813894870424 9.586589531232956 9.148707508450856 9.898973770637454 10.011503152675655 9.940759017869883 9.971760124342849 10.012180267965896 10.008692533206109 10.012180267965896 10.012180267965896 10.012180267965896 10.012180267965896 10.012180267965896 10.012180267965896 10.012180267965896 10.012180267965896 10.012180267965896
10.0080537535871 9.929610569865238 9.812188516539319 9.579630779850557 7.324479369437053 8.92710249731722 9.433288616243514 9.280936645268772 6.50640252741163 6.486988706136879 8.430515725047522 7.835801853606933 5.473822692585487 7.251705920138361 9.183380113002832 8.46406749281315 8.63438446702244 9.674646709572528 9.887423699974978 9.841253104069567 9.952646067307814 10.010402204564176 10.002355044389738 10.012180267965896 10.012180267965896 10.012180267965896 10.012180267965896 10.012180267965896 10.012180267965896 10.012180267965896 10.012180267965896 10.012180267965896
10.004657191595369 9.830164940840817 9.68965976144396 9.734076199028811 8.817886474483595 8.77321830864974 8.946821869741788 9.871217546488467 8.32267451448153 5.707266214481142 8.828342629197714 9.330146102291296 7.452930831040688 7.193115407303116 9.766585640732313 9.658112923346014 9.590672289617778 9.95395536091325 10.012180267965896 10.008605685024506 10.012180267965896 10.012180267965896 10.012180267965896 10.012180267965896 10.012180267965896 10.012180267965896 10.012180267965896 10.012180267965896 10.012180267965896 10.012180267965896 10.012180267965896 10.012180267965896
10.011770993762154 9.933448041720967 9.893154600775501 9.913493328339886 9.124361292468572 9.572410220196954 9.879121315306422 10.012180267965896 9.728847006266722 8.564525534350125 10.012001822221842 9.960875914329788 9.5326486439785 9.627232860119623 10.012180267965896 9.935374989174859 9.958291806385775 10.012180267965896 10.012180267965896 10.012180267965896 10.012180267965896 10.012180267965896 10.012180267965896 10.012180267965896 10.012180267965896 10.012180267965896 10.012180267965896 10.012180267965896 10.012180267965896 10.012180267965896 10.012180267965896 10.012180267965896
9.990299287967494 9.879061956359813 9.880720077727707 9.747380447741937 7.395575944337448 9.3361277519218 9.894356322731088 10.002948264373316 9.123385132202236 8.767161993490573 10.012011760581455 9.858985756780163 9.3195079404931 9.92491592373831 10.012180267965896 9.69499536545536 9.917847115576516 10.012180267965896 10.012180267965896 10.012180267965896 10.012180267965896 10.012180267965896 10.012180267965896 10.012180267965896 10.012180267965896 10.012180267965896 10.012180267965896 10.012180267965896 10.012180267965896 10.012180267965896 10.012180267965896 10.012180267965896
9.822454775215354 9.37968118456505 9.34510787669173 8.320180181074967 6.455211620550415 6.407977633130079 7.679259442538606 8.125787312205475 6.310973569235232 6.697811861054459 8.822840746434528 9.03955042898595 8.416520856917597 9.534102916265777 9.991706889068206 9.544390206031975 9.946921869185706 10.012180267965896 10.012180267965896 10.012180267965896 10.012180267965896 10.012180267965896 10.012180267965896 10.012180267965896 10.012180267965896 10.012180267965896 10.012180267965896 10.012180267965896 10.012180267965896 10.012180267965896 10.012180267965896 10.012180267965896
9.85108156003342 9.296312651578551 9.423514021120958 9.423540915792909 8.869208343556704 8.480958191717864 9.33801267323883 9.93377079972779 9.521979228943652 8.069858205600276 9.994991802155912 9.975732636350987 9.736556986775316 9.856459799159124 10.012180267965896 9.984342238799446 10.009047256126172 10.012180267965896 10.012180267965896 10.012180267965896 10.012180267965896 10.012180267965896 10.012180267965896 10.012180267965896 10.012180267965896 10.012180267965896 10.012180267965896 10.012180267965896 10.012180267965896 10.012180267965896 10.012180267965896 10.012180267965896
9.851160746740026 9.534304047948423 9.806533257158268 9.738444868420043 9.043075268730648 9.734107209955452 9.954024989848904 10.012180267965896 9.944941307410717 9.82598406020773 10.012180267965896 10.012180267965896 10.00867929260002 10.012180267965896 10.012180267965896 10.010157081355235 10.012180267965896 10.012180267965896 10.012180267965896 10.012180267965896 10.012180267965896 10.012180267965896 10.012180267965896 10.012180267965896 10.012180267965896 10.012180267965896 10.012180267965896 10.012180267965896 10.012180267965896 10.012180267965896 10.012180267965896 10.012180267965896
9.537596030630812 9.13430931282269 9.689395610632895 9.467445405554987 7.794995035113763 8.879490344019587 9.914432044418527 9.949784630660172 9.896770258504482 9.902495004042086 10.012180267965896 9.972561712774468 9.980738467549394 10.012180267965896 10.012180267965896 9.980151087998118 10.012180267965896 10.012180267965896 10.012180267965896 10.012180267965896 10.012180267965896 10.012180267965896 10.012180267965896 10.012180267965896 10.012180267965896 10.012180267965896 10.012180267965896 10.012180267965896 10.012180267965896 10.012180267965896 10.012180267965896 10.012180267965896
8.733961611904999 8.252667720993399 8.947349387067263 8.494012289061086 7.863820305940311 7.156327902057393 7.633228602071844 9.171211338981212 8.787601056107976 8.090808400786216 9.680910251273602 9.998588276855267 9.874759000332277 9.940385017162683 10.012180267965896 9.976787384303996 9.99664854575115 10.012180267965896 10.012180267965896 10.012180267965896 10.012180267965896 10.012180267965896 10.012180267965896 10.012180267965896 10.012180267965896 10.012180267965896 10.012180267965896 10.012180267965896 10.012180267965896 10.012180267965896 10.012180267965896 10.012180267965896
8.019971500267161 7.436228953053268 7.791437268841695 7.102320025609523 6.6382857551817525 6.457633208747658 8.842398815582982 9.310275137731074 8.586668268577004 9.159288761167208 9.732179989230877 9.637869190975511 9.392411290322565 9.827676626499949 10.005811222481793 9.88114262081051 9.97851316126032 10.012180267965896 10.012180267965896 10.012180267965896 10.012180267965896 10.012180267965896 10.012180267965896 10.012180267965896 10.012180267965896 10.012180267965896 10.012180267965896 10.012180267965896 10.012180267965896 10.012180267965896 10.012180267965896 10.012180267965896
8.443326269357541 7.978355655875575 8.530964305033462 7.783810629368767 7.885677766490314 7.697896164551786 9.52755670353295 9.461016821775232 8.882560024386137 9.656943807164396 9.810512100474883 9.345530319863641 9.384063063326279 9.909107434346218 9.97510909464913 9.490655260089468 10.007844377069105 10.012180267965896 10.012180267965896 10.012180267965896 10.012180267965896 10.012180267965896 10.012180267965896 10.012180267965896 10.012180267965896 10.012180267965896 10.012180267965896 10.012180267965896 10.012180267965896 10.012180267965896 10.012180267965896 10.012180267965896
7.677378801202232 7.417659530290581 7.869387311103188 7.0300611982565595 7.365572502586312 7.553324413862746 8.9237211814431 8.90785756712627 8.80811137927478 9.569352760347238 9.71620877839477 9.334261935537352 9.693340642618292 9.98435654773179 9.991442641530792 9.691189567113959 10.008315717044043 10.012180267965896 10.012180267965896 10.012180267965896 10.012180267965896 10.012180267965896 10.012180267965896 10.012180267965896 10.012180267965896 10.012180267965896 10.012180267965896 10.012180267965896 10.012180267965896 10.012180267965896 10.012180267965896 10.012180267965896
8.096233266603098 7.9352351495925575 8.227053976776496 7.663421967783063 8.368326328069202 8.624262182372071 9.294373767526675 9.46799955992496 9.467721003668341 9.91605271567344 9.973629443282825 9.956151455792556 9.999748997281424 10.012180267965896 10.012180267965896 9.986289409093732 10.012180267965896 10.012180267965896 10.012180267965896 10.012180267965896 10.012180267965896 10.012180267965896 10.012180267965896 10.012180267965896 10.012180267965896 10.012180267965896 10.012180267965896 10.012180267965896 10.012180267965896 10.012180267965896 10.012180267965896 10.012180267965896
