10.013175230566535 10.013175230566535 10.013175230566535 10.013175230566535 10.013175230566535 10.013175230566535 10.013175230566535 10.013175230566535 10.013175230566535 10.013175230566535 10.013175230566535 10.013175230566535 10.013175230566535 10.013175230566535 10.013175230566535 10.013175230566535 10.013175230566535 10.013175230566535 10.013175230566535 10.01071542149454 9.996487347124962 9.97130487343761 9.77372231636419 9.850726803706733 9.797500312274588 9.50566784394599 8.939601004144494 8.999327052883388 8.815059627251879 8.640254519788321 9.324678807542881 9.496073840614843
10.013175230566535 10.013175230566535 10.013175230566535 10.013175230566535 10.013175230566535 10.013175230566535 10.013175230566535 10.013175230566535 10.013175230566535 10.013175230566535 10.013175230566535 10.013175230566535 10.013175230566535 10.013175230566535 10.013175230566535 10.013175230566535 10.013175230566535 10.013175230566535 10.013175230566535 10.013175230566535 10.013175230566535 10.009082489011972 9.98394632310011 9.904205350081174 9.849153754527386 9.681458277897931 9.030993308390002 8.74186920580613 8.222665386119965 7.777464526952187 8.778729874547432 9.265441896206122
10.013175230566535 10.013175230566535 10.013175230566535 10.013175230566535 10.013175230566535 10.013175230566535 10.013175230566535 10.013175230566535 10.013175230566535 10.013175230566535 10.013175230566535 10.013175230566535 10.013175230566535 10.013175230566535 10.013175230566535 10.013175230566535 10.013175230566535 10.013175230566535 10.013175230566535 10.013175230566535 10.007702673634178 9.977894021381987 9.918175953526905 9.52827189517895 9.54002737045332 9.421497868196177 8.233078580385234 7.680033073376317 6.8911191563632705 6.578598565262185 7.721090737364132 8.51991449156845
10.013175230566535 10.013175230566535 10.013175230566535 10.013175230566535 10.013175230566535 10.013175230566535 10.013175230566535 10.013175230566535 10.013175230566535 10.013175230566535 10.013175230566535 10.013175230566535 10.013175230566535 10.013175230566535 10.013175230566535 10.013175230566535 10.013175230566535 10.005572048437157 10.0094044653895 9.959626893331201 9.886612174615301 9.70784976532455 8.801542699994856 7.830426431104915 8.338511799289625 8.334049529434978 6.6865032793189325 6.7729260746579145 6.622872916398519 7.124464233230089 8.111492225183738 8.588184756268323
10.013175230566535 10.013175230566535 10.013175230566535 10.013175230566535 10.013175230566535 10.013175230566535 10.013175230566535 10.013175230566535 10.013175230566535 10.013175230566535 10.013175230566535 10.013175230566535 10.013175230566535 10.004932041874433 10.013175230566535 10.002954124640219 9.482795414233472 9.440300021417695 9.592073825792651 8.53676499021544 7.386684321402754 7.948813397306108 7.790345416820333 6.048947970069925 6.230157625033188 7.904622789816068 7.493680009754112 6.605896234052632 6.876271585806659 8.024016598637164 8.668094884980828 8.735475426434267
10.013175230566535 10.013175230566535 10.013175230566535 10.013175230566535 10.013175230566535 10.013175230566535 10.013175230566535 10.013175230566535 10.013175230566535 10.013175230566535 10.013175230566535 10.013175230566535 10.013175230566535 10.013175230566535 10.013175230566535 9.99420832775447 9.925045313502913 9.919293147887517 9.96290185401709 9.254208532708757 9.27709771740217 9.152435593161593 8.914057629334183 7.874817872573769 8.916682075042038 9.017143470541775 8.863453677013704 9.181586648079318 9.168589536820646 9.379756598886265 9.46651713798141 9.248589998211612
10.013175230566535 10.013175230566535 10.013175230566535 10.013175230566535 10.013175230566535 10.013175230566535 10.013175230566535 10.013175230566535 10.013175230566535 10.013175230566535 10.013175230566535 10.013175230566535 10.013175230566535 10.005054489439956 10.013175230566535 10.012244344865172 9.984516301088814 9.949131561083053 10.002626479582874 9.62579744540268 9.836061517543417 9.53999437062924 8.656616994442734 8.248045288844017 9.514247005618127 9.637070460149522 8.438888583623811 9.548409752206231 9.569256423324214 9.673300106365154 9.730103631721436 9.53675430553039
10.013175230566535 10.013175230566535 10.013175230566535 10.013175230566535 10.013175230566535 10.013175230566535 10.013175230566535 10.013175230566535 10.013175230566535 10.013175230566535 10.013175230566535 10.013175230566535 10.013175230566535 10.011495580642679 10.013175230566535 10.004849048134636 9.946957475291072 9.634537596086025 9.516523002033452 8.02641751603762 8.536793866546425 8.137598240387838 6.633996972893908 6.703340585504201 8.338117152644829 8.700373418665324 7.334379382648155 9.25332840128014 9.522973340952321 9.76405869496143 9.885290908713749 9.775225441598224
10.013175230566535 10.013175230566535 10.013175230566535 10.013175230566535 10.013175230566535 10.013175230566535 10.013175230566535 10.013175230566535 10.013175230566535 10.013175230566535 10.013175230566535 10.013175230566535 10.013175230566535 9.988345405752213 9.985174826222789 9.73307106266049 9.19037693564679 9.009909766270269 8.152784905647104 6.5319274934903655 7.2549933405447495 7.276819321176868 6.91636789033849 7.040273660293573 8.730696062633442 9.353967538079504 8.875552354774594 9.905696644486452 9.898092988331987 9.952276147392778 10.000957992882748 9.934353801009612
10.013175230566535 10.013175230566535 10.013175230566535 10.013175230566535 10.013175230566535 10.013175230566535 10.013175230566535 10.013175230566535 10.013175230566535 10.013175230566535 10.013175230566535 10.013175230566535 10.013175230566535 9.984766636394808 9.897069592305812 8.594547362749156 9.37942034294344 9.437082370156949 8.937369299328756 7.658459451603631 9.05383447835767 8.897842952102081 8.337041581607439 9.024670477580099 9.839827738865361 9.717471382571725 9.811717170577307 9.971271802757569 9.984013650127535 10.002132911138137 10.012120094854081 9.949983017592785
10.013175230566535 10.013175230566535 10.013175230566535 10.013175230566535 10.013175230566535 10.013175230566535 10.013175230566535 10.013175230566535 10.013175230566535 10.013175230566535 10.013144407283692 10.013175230566535 10.004906665016277 9.897559966314152 9.918908995272563 9.41034432968156 9.769107944009912 9.221961469452776 8.720443148354894 7.862275531375759 9.28789511651386 9.153147846280437 7.47150676402381 9.218130129454769 9.692200171025583 9.823077212205103 9.499075077595437 9.89034264935485 9.97292758284069 10.005018321694083 10.013175230566535 9.955715796547322
10.013175230566535 10.013175230566535 10.013175230566535 10.013175230566535 10.013175230566535 10.013175230566535 10.013175230566535 10.013175230566535 10.013175230566535 10.013175230566535 9.992626628386079 10.009591512943256 10.011528211339321 9.731869713255456 9.198272557390842 8.087205170236992 8.66101872601643 7.712135050693463 6.740066577287229 6.6457278388182255 8.35599213662961 7.950627463395741 7.052261652184235 9.109587074975968 9.897344538236739 9.888469332365318 9.841001897333951 10.001105944716974 10.007148711957099 10.013175230566535 10.013175230566535 10.011138148517071
10.013175230566535 10.013175230566535 10.013175230566535 10.013175230566535 10.013175230566535 10.013175230566535 10.011468021557896 10.013175230566535 10.013175230566535 10.013175230566535 9.8502636376621 9.522587421835736 9.842343791580953 9.645705020561042 8.031712958850079 6.411526645887729 7.633553776784246 7.604072341734698 6.903367312602699 6.966507145760177 8.940201962642824 9.009658871889489 8.833594806016539 9.983568429354987 9.99614288269288 10.002349161035882 10.009109811722183 10.013175230566535 10.013175230566535 10.013175230566535 10.013175230566535 10.013175230566535
10.013175230566535 10.013175230566535 10.013175230566535 10.013175230566535 10.013175230566535 10.013175230566535 10.010909256954573 10.013175230566535 10.013175230566535 10.007471400417911 9.895347099485761 9.687386968623324 10.011728474023538 9.84633355622147 9.298445459173605 7.002908775637709 9.503465111278427 9.358405678682725 9.053566490474342 9.0051918826874 9.927045777153438 9.734052258433579 9.847108844089824 10.012191729986084 10.00382898812281 10.010389284817899 10.009330813889598 10.013175230566535 10.013175230566535 10.013175230566535 10.013175230566535 10.013175230566535
10.013175230566535 10.013175230566535 10.013175230566535 10.013175230566535 10.013175230566535 10.013175230566535 9.961502728517264 10.013175230566535 10.013175230566535 9.98318334077017 9.540438495852598 9.077732702253993 9.95555145730366 9.543202250245335 8.725059669576423 7.953418485895642 9.677720812270607 9.2273927973751 8.706248163386437 9.375447111680247 9.792332303259276 9.679577146472539 9.445587194293006 9.997370235706365 9.987942436946703 10.008224150237295 10.004741084938434 10.013175230566535 10.013175230566535 10.013175230566535 10.013175230566535 10.013175230566535
10.013175230566535 10.013175230566535 10.006020697077451 9.967768910361256 10.00928625667704 10.0128087982863 9.759071437734123 9.92641269612167 9.989979092286692 9.79716203017226 8.492807534548179 6.722840096852194 8.691189474756804 8.015899504445368 5.6639764781532875 6.354396436016436 8.2030224392231 7.511800570815253 7.198511440330038 8.733187706376892 9.907131223510213 9.57434103079344 9.614332101033902 10.010882940035115 10.00874148301601 10.013175230566535 10.013175230566535 10.013175230566535 10.013175230566535 10.013175230566535 10.013175230566535 10.013175230566535
10.013175230566535 9.918612457638947 9.320803829877052 8.05030163957485 8.506835730371488 9.968681485785904 9.732134026390176 7.713143713785544 6.7575092353584205 8.59028415957857 7.748366913640224 5.800452900094762 6.731290286701606 8.490133998640394 7.5650825509225745 5.802608613112508 9.450144904182741 9.642225546106939 9.657459842092342 9.912915716234016 9.980669506233761 9.915042914275967 9.96007266575097 10.008027140821525 10.01283207308481 10.008859446053016 10.013175230566535 10.013175230566535 10.013175230566535 10.013175230566535 10.013175230566535 10.013175230566535
10.013175230566535 10.012666359684701 9.963103586585062 9.766900428986636 9.936294588409087 10.011204074226367 9.77495894311797 9.97784393364043 10.00472231203917 9.859955466217412 9.31901475966807 8.346751425599832 9.939685526919353 9.545831585904667 9.388766269494846 8.550087480533822 9.881974713756497 9.719757559831754 9.963327512897008 10.01089783681683 10.007885790887473 10.005806357911448 10.013175230566535 10.013175230566535 10.013175230566535 10.013175230566535 10.013175230566535 10.013175230566535 10.013175230566535 10.013175230566535 10.013175230566535 10.013175230566535
10.013175230566535 9.920375193295087 9.902179813835891 9.626140818235184 9.942952896656983 10.013175230566535 9.259854674771306 9.571854648543514 9.99434690668111 9.821716901404006 8.665370647164996 7.6530594639022045 9.909461950832226 9.54765474980721 8.867408670760359 9.536432143601631 9.939889788519867 9.773327767268402 9.94803780088739 10.011878020076127 10.010588253761615 10.01172901865293 10.008366967722242 10.013175230566535 10.013175230566535 10.013175230566535 10.013175230566535 10.013175230566535 10.013175230566535 10.013175230566535 10.013175230566535 10.013175230566535
9.985793345940433 9.154041857365165 9.134599730077172 8.308363408798932 9.386113352538628 9.896466800878088 8.91620653427882 5.860043998854327 8.599905169634669 9.26017381924206 7.228042578193812 6.030179404501579 9.365584298180602 9.701631514507826 8.839578332827141 9.354313369536333 10.003794311405482 9.974098171842103 10.00507039976006 10.013175230566535 10.013175230566535 10.013175230566535 10.013175230566535 10.013175230566535 10.013175230566535 10.013175230566535 10.013175230566535 10.013175230566535 10.013175230566535 10.013175230566535 10.013175230566535 10.013175230566535
9.975393277086033 9.652021174890441 9.11144195396917 8.090088887515398 8.945259275859772 10.013175230566535 9.540649356511043 8.494128579143293 9.480683205119794 9.981745631067406 9.475547185109829 8.373018014966261 9.975929775718484 9.943379628014103 9.853582055957663 9.693081324463812 10.013175230566535 10.003801972188768 10.013175230566535 10.013175230566535 10.013175230566535 10.013175230566535 10.013175230566535 10.013175230566535 10.013175230566535 10.013175230566535 10.013175230566535 10.013175230566535 10.013175230566535 10.013175230566535 10.013175230566535 10.013175230566535
9.990129862754157 9.674270225359123 9.703696560455592 9.190329334893802 9.680922596160778 9.994981235984794 9.184354830125331 9.584215859940302 9.942292183315928 9.63742976746403 9.473914126566326 9.699465304004033 9.879662178103898 9.686605031637663 9.845940059956934 9.98713486004556 9.998016324277586 9.960032068552822 10.013175230566535 10.013175230566535 10.013175230566535 10.013175230566535 10.013175230566535 10.013175230566535 10.013175230566535 10.013175230566535 10.013175230566535 10.013175230566535 10.013175230566535 10.013175230566535 10.013175230566535 10.013175230566535
9.862672902537872 8.989860078302435 9.449707032996583 8.974585780269829 9.717029893812542 9.94077224141989 8.739314834674541 8.450967917112536 9.904069586498869 9.848405421085122 9.209818358455525 9.602572444550962 9.998868932863362 9.947547841523829 9.869478880082989 10.004550330437974 10.013175230566535 9.999040756719133 10.013175230566535 10.013175230566535 10.013175230566535 10.013175230566535 10.013175230566535 10.013175230566535 10.013175230566535 10.013175230566535 10.013175230566535 10.013175230566535 10.013175230566535 10.013175230566535 10.013175230566535 10.013175230566535
9.464621574835405 7.728252723433022 7.997894312931118 7.289659778813081 8.74700064292173 9.762771136722598 8.786523858739148 6.520681468778601 9.263279936577767 9.945830469539763 9.607775552723407 9.43931515194243 10.00647738215997 10.013175230566535 10.004623645502633 9.983544815402606 10.013175230566535 10.013175230566535 10.013175230566535 10.013175230566535 10.013175230566535 10.013175230566535 10.013175230566535 10.013175230566535 10.013175230566535 10.013175230566535 10.013175230566535 10.013175230566535 10.013175230566535 10.013175230566535 10.013175230566535 10.013175230566535
9.75312364011347 9.012740309149793 9.057145817949563 8.52176562410265 9.368765521230523 10.011226847839273 9.485683391123297 9.72799190118442 10.000465623561363 9.978978996357236 9.978993573967262 9.978260256879107 10.013175230566535 10.012349943609832 10.013175230566535 10.01011053663247 10.013175230566535 10.013175230566535 10.013175230566535 10.013175230566535 10.013175230566535 10.013175230566535 10.013175230566535 10.013175230566535 10.013175230566535 10.013175230566535 10.013175230566535 10.013175230566535 10.013175230566535 10.013175230566535 10.013175230566535 10.013175230566535
9.686005918541202 9.187764520583723 9.708783127619277 9.605318287515075 9.916034509036765 9.824400999277065 9.215600169545711 9.528605796299875 9.84670583879259 9.757129083744578 9.621032253403234 9.867085636230934 9.994030443496575 9.961828140444755 9.979673461621653 10.013175230566535 10.013175230566535 10.013175230566535 10.013175230566535 10.013175230566535 10.013175230566535 10.013175230566535 10.013175230566535 10.013175230566535 10.013175230566535 10.013175230566535 10.013175230566535 10.013175230566535 10.013175230566535 10.013175230566535 10.013175230566535 10.013175230566535
9.251147580409981 8.227603828976033 9.452233875763044 9.407899372122195 9.939165535818987 9.940511358107372 9.491212806057018 9.753048347658668 9.986269659242433 10.009310604213864 10.003705662887599 9.996758887141695 10.013175230566535 10.013175230566535 10.013175230566535 10.013165542513304 10.013175230566535 10.013175230566535 10.013175230566535 10.013175230566535 10.013175230566535 10.013175230566535 10.013175230566535 10.013175230566535 10.013175230566535 10.013175230566535 10.013175230566535 10.013175230566535 10.013175230566535 10.013175230566535 10.013175230566535 10.013175230566535
8.453150999283524 7.393038579474547 8.123871428240818 8.195483193393214 9.402079675402307 9.941290372386502 9.78848583047214 9.535208834451563 9.948047290337074 9.985632567841579 9.913524489724331 9.987504650800307 10.012278457655567 10.010367816086688 10.011480835138281 10.005075656487206 10.013175230566535 10.013175230566535 10.013175230566535 10.013175230566535 10.013175230566535 10.013175230566535 10.013175230566535 10.013175230566535 10.013175230566535 10.013175230566535 10.013175230566535 10.013175230566535 10.013175230566535 10.013175230566535 10.013175230566535 10.013175230566535
7.8116487387627656 6.684370625496734 7.817027896843731 7.714989168158986 8.911544433540572 9.215765253025728 8.747647586803202 7.989863475688142 9.552201924387752 9.90262324045252 9.812668559300988 9.848649924921228 9.997845218565649 10.013175230566535 10.005020065383919 9.979784353838387 10.013175230566535 10.013175230566535 10.013175230566535 10.013175230566535 10.013175230566535 10.013175230566535 10.013175230566535 10.013175230566535 10.013175230566535 10.013175230566535 10.013175230566535 10.013175230566535 10.013175230566535 10.013175230566535 10.013175230566535 10.013175230566535
7.969919531091779 7.036836949263691 8.11700279761108 8.104134368332309 9.175600524232488 9.36524268852973 8.923339393246236 8.4721880503877 9.68586067779593 9.895520264840307 9.66708565911939 9.852901461010191 10.011708468088713 10.01302423607908 10.001725889129508 10.00380353837753 10.013175230566535 10.013175230566535 10.013175230566535 10.013175230566535 10.013175230566535 10.013175230566535 10.013175230566535 10.013175230566535 10.013175230566535 10.013175230566535 10.013175230566535 10.013175230566535 10.013175230566535 10.013175230566535 10.013175230566535 10.013175230566535
7.107152956475956 6.425055423648433 7.2171823824698125 7.300041491936717 8.176517985740094 8.34051993961509 8.296478679764052 8.32361671375293 9.348152607400115 9.818344899505261 9.740413974264486 9.838947887449013 10.00442190819919 10.00375697040331 9.998468435989402 10.002388508349737 10.013175230566535 10.013175230566535 10.013175230566535 10.013175230566535 10.013175230566535 10.013175230566535 10.013175230566535 10.013175230566535 10.013175230566535 10.013175230566535 10.013175230566535 10.013175230566535 10.013175230566535 10.013175230566535 10.013175230566535 10.013175230566535
7.603779829390451 7.4650337717116315 8.306913175554971 8.331554570874221 8.989407590558164 8.90263097722363 9.019502637222207 9.407375834875962 9.822309526428832 9.95093983220144 9.9540251079236 9.968754984632879 10.002434546947338 10.013175230566535 10.013175230566535 9.998495956879044 10.013175230566535 10.013175230566535 10.013175230566535 10.013175230566535 10.013175230566535 10.013175230566535 10.013175230566535 10.013175230566535 10.013175230566535 10.013175230566535 10.013175230566535 10.013175230566535 10.013175230566535 10.013175230566535 10.013175230566535 10.013175230566535
