10.0 10.0 10.0 10.0 10.0 10.0 10.0 10.0 10.0 10.0 10.0 10.0 10.0 10.0 10.0 10.0 10.0 9.994278052294263 10.0 9.998649222972842 9.98535284527116 9.929977101480201 9.966018023823398 9.959542337189104 9.760051054348624 9.507120007814732 9.661019330712124 8.987668155135909 8.540111303436602 8.257948086798143 9.195342159018171 9.473290751628813
10.0 10.0 10.0 10.0 10.0 10.0 10.0 10.0 10.0 10.0 10.0 10.0 10.0 10.0 10.0 10.0 10.0 10.0 10.0 10.0 10.0 9.995642409919677 9.998830801157327 9.990042495295866 9.848217181300113 9.707650494842797 9.765242185175792 9.014796525646469 8.2041595761799 7.437324848546436 8.722288243662263 9.319661712224644
10.0 10.0 10.0 10.0 10.0 10.0 10.0 10.0 10.0 10.0 10.0 10.0 10.0 10.0 10.0 10.0 10.0 10.0 10.0 10.0 9.998486592701155 9.95759118593003 9.973531826703608 9.86711866512743 9.475299590383818 9.312931784321677 9.393088114827236 8.203606807461963 7.2148950267463166 6.198146244710266 7.583560175817141 8.517457902297108
10.0 10.0 10.0 10.0 10.0 10.0 10.0 10.0 10.0 10.0 10.0 10.0 10.0 10.0 10.0 10.0 10.0 9.99988406799849 10.0 10.0 9.996136305716805 9.86265754011571 9.942045418583959 9.923405704258522 9.51462161290373 9.320239091055873 9.608956504677309 8.189232013180696 6.837181195830806 6.308327240953296 7.915981550104132 8.643475100157351
10.0 10.0 10.0 10.0 10.0 10.0 10.0 10.0 10.0 10.0 10.0 10.0 10.0 10.0 10.0 10.0 10.0 9.974805922409702 9.991031972157217 9.995791051453974 9.928205861017133 9.181736657643912 9.855867578649168 9.653236388763315 7.857308563454614 8.533461964810884 9.663295459409627 8.094201552846531 6.785970238060072 7.382041272183343 8.728604622573652 8.935090925936843
10.0 10.0 10.0 10.0 10.0 10.0 10.0 10.0 10.0 10.0 10.0 10.0 10.0 10.0 10.0 10.0 10.0 10.0 10.0 10.0 9.99957440574438 9.951319822595071 10.0 9.990348402627083 9.643885936256625 9.839620172285413 9.990060603842478 8.38043183060587 8.020010954785189 8.472109353116286 9.342957659834935 9.451319993526656
10.0 10.0 10.0 10.0 10.0 10.0 10.0 10.0 10.0 10.0 10.0 10.0 10.0 10.0 10.0 10.0 10.0 10.0 10.0 10.0 9.950538261900693 9.784279652187921 9.931156901470567 9.370762592311582 7.898931751818703 9.275350706297496 9.21176974561545 5.419411106231438 6.247214626023961 7.621874611286951 8.89590667461349 9.046914190175432
10.0 10.0 10.0 10.0 10.0 10.0 10.0 10.0 10.0 10.0 10.0 10.0 10.0 10.0 10.0 10.0 10.0 9.972206199888593 9.986559691127468 9.985224098769793 9.597411169267476 9.138184176070379 9.4265659870654 7.364379847806064 5.443620579845449 7.236264808612722 7.891490890367188 5.628414319671601 6.0716583462048375 7.971065402110969 9.315861980243596 9.517010079838673
10.0 10.0 10.0 10.0 10.0 10.0 10.0 10.0 10.0 10.0 10.0 10.0 10.0 10.0 10.0 10.0 9.99982592915807 9.877927966420904 9.996191230487714 9.99118376979617 9.23833091971814 9.264991328108973 9.893578410422808 8.36324189624649 6.82904808275581 9.157818289365126 9.842397874702801 7.917300728313044 8.41781151373724 9.631125057745104 9.932438204144761 9.892819719275414
10.0 10.0 10.0 10.0 10.0 10.0 10.0 10.0 10.0 10.0 10.0 10.0 10.0 10.0 10.0 10.0 9.998913196328433 9.940163202556253 10.0 9.997437418851502 9.433676974724973 9.728565144013276 9.982789916560957 8.458329998280119 7.866689859050746 9.920128535351392 9.936246409052993 7.564615488074019 9.371818496267109 9.928730801339714 9.979554330333283 9.878900245798349
10.0 10.0 10.0 10.0 10.0 10.0 10.0 10.0 10.0 10.0 10.0 10.0 10.0 10.0 10.0 9.99444411355073 9.95447065424437 9.744799926894684 9.882032966050799 9.253219868518995 7.311334948704707 8.38715444683302 8.26205588721829 5.619142264018217 5.930912200924889 8.502439499250633 8.000789662894151 5.405558023903722 8.592137067775289 9.794127336702394 9.974404477528225 9.836590577956931
10.0 10.0 10.0 10.0 10.0 10.0 10.0 10.0 10.0 10.0 10.0 10.0 10.0 9.982270419164832 9.984995983637154 9.954762454764486 9.682922646055568 8.79248596572858 9.299622731630135 7.391698371495603 5.039294341948226 6.472627501456368 7.365517172991079 5.60713635489005 5.852617829513117 8.665350024061372 9.395112464567735 8.239933907841348 9.67162401259044 9.982317689658819 10.0 9.966067871349756
10.0 10.0 10.0 10.0 10.0 10.0 10.0 10.0 10.0 10.0 10.0 10.0 10.0 9.958654502555515 9.998761278974568 9.98159498732841 9.485259945964307 9.216718979833407 9.936182088926017 8.609446736145816 6.643331312294278 8.795418409937056 9.75981518277898 8.212723867315265 8.727335729337304 9.999294299141752 9.992205241042308 9.740244140354454 9.984144350812224 10.0 10.0 9.996529507617435
10.0 10.0 10.0 10.0 10.0 10.0 10.0 10.0 10.0 10.0 10.0 10.0 10.0 9.991804175501363 10.0 9.959208963022272 9.649915329222504 9.739889917261896 9.986916772341447 8.525430467730867 7.4199258371399 9.747230069526335 9.879617491701222 8.439518802999341 9.630328191041198 10.0 9.969076038850279 9.539284210081556 9.991925701889459 10.0 10.0 10.0
10.0 10.0 10.0 10.0 10.0 10.0 10.0 10.0 10.0 9.999719563443545 10.0 10.0 9.973727701777593 9.845980765209623 9.940779225677801 9.087586489762485 7.493816474961596 8.305782078123816 8.16504340358022 5.38395877290243 5.304790037496268 7.598186155555347 6.877956222482839 5.916993953276297 8.289080107698792 9.843688323844058 9.058402280010466 8.817137811391573 9.958137395220357 10.0 10.0 9.99911958498119
10.0 10.0 10.0 9.983339186551577 9.995678597048771 10.0 9.99133252652378 10.0 9.999697870626761 9.835900553154781 9.9444523060598 9.976312297826208 9.622783096083834 8.503000674115896 9.373649788066947 7.831960120467923 4.984908090358508 5.653004114100424 7.484596356788859 5.797545560090194 5.3244647616738865 8.028833953042303 9.28343828376014 8.93002563578961 9.89317821773734 9.9974281744871 9.995660608517472 9.993759200088354 9.995489583916187 10.0 10.0 10.0
9.989543114618987 9.910695708335906 9.959362126122297 9.935965237123478 9.663039487007955 10.0 9.988776676295867 10.0 9.98802291100367 9.755494133404566 9.998597749990592 9.995055982071772 8.655752403196628 9.2161607687396 9.987071210742409 9.278925753706456 6.012964637161687 9.173815705092911 9.94039813459671 8.418489278108687 8.600587944967113 9.997210110593356 9.997244139617635 9.987586199304129 10.0 10.0 10.0 10.0 10.0 10.0 10.0 10.0
10.0 9.994878537646207 10.0 9.993679613865721 9.997051232054256 10.0 10.0 10.0 10.0 9.986889457674327 10.0 9.999350370515405 9.737822255076564 9.89782074772828 10.0 8.671863738274366 7.834117514519018 9.888118232234492 9.962977843304115 8.534845109469332 9.404092175888326 10.0 9.981555109548966 9.988249912800145 10.0 10.0 9.999650750740326 9.994987675062257 10.0 10.0 10.0 10.0
9.998857431363307 9.986841320674413 9.98830802843464 9.808553438808357 9.959500033145831 10.0 9.99590268777113 10.0 9.990116073595342 9.878102192449475 9.986653483507526 9.8727697153125 8.350737407021446 9.276814822790241 9.155106370491662 5.272258452121433 5.732275144593298 8.053664295577352 7.570794624539518 5.9144751078235345 7.960706031190726 9.663225763946103 9.01685641638389 9.664938012494755 9.994510109973508 9.999371631941504 9.993251184896634 9.997858002298303 10.0 10.0 10.0 10.0
9.99698564969867 9.897527005423644 9.897540291370632 9.489397003676066 9.217367556572587 10.0 9.937438107322302 9.998528412096066 9.223816229311483 8.921646358668355 9.73225396841275 8.345712009244767 5.10727557681418 6.925477943609187 8.161296193982087 5.953399015912529 5.330304198263157 8.845358178977246 9.54154422073469 9.104713104226294 9.94577574960221 10.0 10.0 10.0 10.0 10.0 10.0 10.0 10.0 10.0 10.0 10.0
9.977611869536448 9.865212910554963 9.955608204092476 9.739311096137621 9.70443500544927 10.0 10.0 10.0 9.966221123601471 9.949092863724106 10.0 9.959975621676339 8.554931405859687 9.962213925626893 9.998986104394538 8.543729712121763 8.75126880017743 10.0 10.0 9.996171915252699 10.0 10.0 10.0 10.0 10.0 10.0 10.0 10.0 10.0 10.0 10.0 10.0
9.983704707991492 9.94361230170909 9.928084428241018 9.776410461539687 9.921149809109213 10.0 10.0 10.0 9.952062179820246 9.978783778367179 10.0 9.891593174067197 9.154068561979319 9.992568278053133 9.994218780226419 7.478813958584751 9.716483961381115 10.0 10.0 9.979519917211732 10.0 10.0 9.999812198300095 10.0 10.0 10.0 10.0 10.0 10.0 10.0 10.0 10.0
9.908889865386389 9.725537039632082 9.44323645730043 9.174564828470588 9.626733838751706 9.99761479874032 9.993639592319516 9.864199063325566 8.562284730013252 9.58793793840837 9.747802300936842 8.549417880135735 7.229782219154987 9.531168252364628 9.545247959340854 5.646765151329206 9.109715060304033 9.968130272208073 9.956421029661472 9.933642073409526 10.0 10.0 10.0 10.0 10.0 10.0 10.0 10.0 10.0 10.0 10.0 10.0
9.71513583099643 9.392900128290865 9.362993556728625 8.894769956610428 8.093334856875964 9.991489920084652 9.98694176817531 9.939094679717707 7.671215624015695 9.320609120678084 9.90809040724594 9.18415049508161 6.4989233518546 9.762356325471083 9.974104909446948 8.736084943821398 9.594587786427727 10.0 10.0 10.0 10.0 10.0 10.0 10.0 10.0 10.0 10.0 10.0 10.0 10.0 10.0 10.0
9.736365843561185 9.566979460191858 9.786379180905389 9.715188987800756 9.76275465226648 10.0 10.0 9.992541457953394 9.70068881371096 10.0 10.0 9.939748878049924 9.807825083973926 10.0 10.0 9.816575253740536 10.0 10.0 10.0 10.0 10.0 10.0 10.0 10.0 10.0 10.0 10.0 10.0 10.0 10.0 10.0 10.0
9.543966486746326 9.407581573506826 9.540779792092271 9.573888444274344 9.882940261822288 9.998882972634108 10.0 9.964933796489131 9.566591221755079 9.999412885022398 9.999537852745448 9.72634843850504 9.823350947995843 10.0 9.995815307548918 8.854560473881389 9.997317862694453 10.0 10.0 10.0 10.0 10.0 10.0 10.0 10.0 10.0 10.0 10.0 10.0 10.0 10.0 10.0
8.819616948891113 8.392232319043929 8.718078159790233 8.422788898005965 9.353350351360339 9.88724408011959 9.947216050828755 9.49959544118806 8.425557058331732 9.782196935898016 9.829093945575723 9.317932269675108 9.526223401976946 9.986878620143907 9.98898475026142 9.654072828714204 10.0 10.0 10.0 10.0 10.0 10.0 10.0 10.0 10.0 10.0 10.0 10.0 10.0 10.0 10.0 10.0
8.465731180775894 7.8310253199776625 8.125128530287872 7.518831375480277 8.25602265174696 9.577796408015482 9.8602974626003 9.153777993009841 6.665581800374563 8.732920427137499 9.044887959842885 7.553949540948716 7.323282196962048 8.865175792598015 8.897946901448957 7.700418332327506 9.123212586205016 9.95479523961795 9.931745140095057 9.996833894880686 10.0 10.0 10.0 10.0 10.0 10.0 10.0 10.0 10.0 10.0 10.0 10.0
8.035883295364165 7.1189315919754454 7.0085117772327115 6.514117197310077 6.9550065034491055 8.717666706806277 9.426573569206658 8.676197848180058 6.514013714225762 8.884254844156958 9.47563379928556 8.6604284798677 8.177870244171677 9.728567322743938 9.879060951527142 9.241357752909538 9.884270328714548 9.99966848171813 10.0 10.0 10.0 10.0 10.0 10.0 10.0 10.0 10.0 10.0 10.0 10.0 10.0 10.0
8.459764705515 7.655375161879469 7.632539146721586 7.049950031826218 7.18499930136355 8.934362023433506 9.653505488607266 9.318257922176839 7.791764739106469 9.324582554566835 9.83495019718259 9.516460087598087 8.898927584728707 9.947214739989322 9.998812446604978 9.885959280238625 9.961530297846394 10.0 10.0 10.0 10.0 10.0 10.0 10.0 10.0 10.0 10.0 10.0 10.0 10.0 10.0 10.0
7.6214482899620135 7.0861272738739975 7.242554399995958 6.780757956731499 7.152928324805734 8.475832346776286 9.402500930705981 9.272488162141437 8.569946698587122 9.629061708980993 9.894831395631707 9.724772291693123 9.73801673229203 9.985427810028549 9.997471796 9.943464132321688 9.995564750908638 10.0 10.0 10.0 10.0 10.0 10.0 10.0 10.0 10.0 10.0 10.0 10.0 10.0 10.0 10.0
7.898767969623164 7.450918712608781 7.9164393419834544 7.431567236260385 7.98049739150144 8.625593757545206 9.516812023581187 9.611712595160258 9.459838395172275 9.858773535292794 9.975652635109908 9.953942873333176 9.975826149221747 9.993572338060645 10.0 9.99392040135063 10.0 10.0 10.0 10.0 10.0 10.0 10.0 10.0 10.0 10.0 10.0 10.0 10.0 10.0 10.0 10.0
