10.0 10.0 10.0 10.0 10.0 10.0 10.0 10.0 10.0 10.0 10.0 10.0 10.0 10.0 10.0 10.0 9.998526305791069 9.989351233694697 9.998781788326866 9.998817344712602 9.978160840031054 9.771624222044242 9.886692342472152 9.915380272299236 9.591463649098685 9.42646220132356 9.654031365855205 9.113248606456091 9.085176872406473 8.766327986028877 9.338147442332765 9.393238853502162
10.0 10.0 10.0 10.0 10.0 10.0 10.0 10.0 10.0 10.0 10.0 10.0 10.0 10.0 10.0 10.0 10.0 10.0 10.0 10.0 9.999473108015684 9.937501349006412 9.978564619792682 9.907458730513017 9.505210320325485 9.491858064817878 9.644221877120556 8.811949883109143 8.552991785576562 7.790875466117712 8.63151820348637 9.05735895612459
10.0 10.0 10.0 10.0 10.0 10.0 10.0 10.0 10.0 10.0 10.0 10.0 10.0 10.0 10.0 10.0 10.0 10.0 10.0 10.0 9.98043926387184 9.862730770421573 9.959678982823288 9.79683835324263 9.009438881179038 9.148569573860948 9.36427942700873 7.656079009188117 7.199400623870185 6.13547726342333 7.1285712866537745 7.84707566952617
10.0 10.0 10.0 10.0 10.0 10.0 10.0 10.0 10.0 10.0 10.0 10.0 10.0 10.0 10.0 10.0 9.997693428210708 9.985122794845372 9.993360396133676 9.994115144345054 9.713160687448951 9.325987066792862 9.715270771055387 9.217664699323977 7.662307738642505 8.476175044660307 9.006401248332399 6.595974778881506 6.852053142611929 6.635221444815404 7.81168336020112 8.386316817690199
10.0 10.0 10.0 10.0 10.0 10.0 10.0 10.0 10.0 10.0 10.0 10.0 10.0 9.995069867282853 10.0 9.94039009115726 9.075784867681556 9.521540569976917 9.683657878010873 8.658923567350088 7.418917769290751 8.000937732468596 8.18206363109051 5.8694081780704925 5.190770296391467 7.2706104674944205 7.505675482414838 5.031586750227109 6.3713467599927185 7.1067418525455395 8.166226109546413 8.51492070179699
10.0 10.0 10.0 10.0 10.0 10.0 10.0 10.0 10.0 10.0 10.0 10.0 10.0 9.977059732566488 9.996701463448517 9.99947068888215 9.861640109875996 9.031883473173789 9.666401728326285 9.563390440588748 7.670393427786495 6.0123063596060495 8.37385707123619 7.726962214257296 5.523045072952423 6.778351408671549 8.922083064678112 7.962134540407765 7.798171596670284 8.019351767216964 8.373541688029109 8.136557827958587
10.0 10.0 10.0 10.0 10.0 10.0 10.0 10.0 10.0 10.0 10.0 10.0 10.0 9.997061798575077 10.0 10.0 9.943034276576292 9.757550347965203 10.0 9.991188452168377 9.092108239809921 9.172201117850303 9.99874211276404 9.52062713778352 8.095293211189293 9.67143614753193 9.992433768728937 9.376773504210538 9.490995109660442 9.34260051824725 9.285962881649846 8.92572372090371
10.0 10.0 10.0 10.0 10.0 10.0 10.0 10.0 10.0 10.0 10.0 10.0 10.0 9.998506738722078 10.0 10.0 9.399197688098464 9.398209173231939 9.950034256039432 9.720440239148184 7.665380844424539 8.685948244679464 9.768349087847067 8.462395350597928 7.696072016768557 9.561115066584046 9.95305925856681 8.892466856045838 9.802879263135495 9.875250456822632 9.865697906074182 9.673132673081662
10.0 10.0 10.0 10.0 10.0 10.0 10.0 10.0 10.0 10.0 10.0 10.0 9.991764803372542 9.726607079127119 9.942120942061035 9.855808485338544 8.278107046711577 7.407736020795779 8.94320846561681 7.822077684703225 5.27212516176586 6.214916878623557 8.118156515454162 7.190031607335733 6.692542354325938 8.713799004850614 9.70528352085703 9.113661087746173 9.764336353082223 9.950100773003808 9.975759159415055 9.874575809441
10.0 10.0 10.0 10.0 10.0 10.0 10.0 10.0 10.0 10.0 10.0 10.0 9.989121252546369 9.459470157139686 9.879267738302564 9.949856205307672 8.723102701504999 6.058910420217044 9.003828846427613 9.020349190488025 6.687702871035521 6.2975980146321175 9.225419214063347 9.062439132249237 8.374285387391025 9.358138594162714 9.940456134058767 9.813811947550635 9.957311831977792 9.97769077369045 9.976602702268007 9.689810266164473
10.0 10.0 10.0 10.0 10.0 10.0 10.0 10.0 10.0 10.0 10.0 10.0 9.983038656940895 9.661713477394812 9.992491167792164 9.999283795236279 8.677348797474504 8.504805842151576 9.993543513949449 9.786954372499798 8.317359817614832 9.337274989182514 9.999205184850796 9.893726545230665 9.815646487429822 9.976121682874703 10.0 9.884339017901052 9.99981794263165 10.0 9.997939255022308 9.952740426841997
10.0 10.0 10.0 10.0 10.0 10.0 10.0 10.0 10.0 9.985630968121434 10.0 10.0 9.831750854495882 8.83551818263105 9.824757823776622 9.724898413428976 6.303944294613091 7.185213003970309 9.346976372978839 8.461644864929559 7.085154597767175 8.785955271986095 9.884053200168616 9.477329148191034 9.772184386653407 9.985500992702185 10.0 9.872923699398953 9.999887696482418 10.0 10.0 10.0
10.0 10.0 10.0 10.0 10.0 10.0 9.998625293214458 10.0 9.99688459710956 9.616547535051428 9.921479660192368 9.936046261068462 9.184466411137558 7.3748174561307955 8.718725711460685 8.54175599869577 5.853649867626685 5.223914069984238 8.076932404257668 8.073304762415598 6.960144832537505 8.213188859849527 9.784275762101284 9.831868790863576 9.925415313731376 9.975529295265847 10.0 9.999399137358804 10.0 10.0 10.0 10.0
10.0 10.0 10.0 10.0 10.0 10.0 9.984305778991038 10.0 9.998760396491837 9.741772784543546 9.969186437475523 10.0 9.719593823102732 8.239883823177719 9.784416037289086 9.9067788664522 8.015103417094894 7.335099430557182 9.850634347875836 9.782813365142225 9.036882682910372 9.673449478467173 10.0 10.0 10.0 10.0 10.0 10.0 10.0 10.0 10.0 10.0
10.0 10.0 10.0 10.0 9.957498740800329 10.0 9.991343476218766 10.0 9.996059933047933 9.455095416964292 9.979423079718599 10.0 9.258717547604416 8.552182812580718 9.956628603738915 9.944641207911303 8.051232280947188 8.990223374126385 9.990973155151014 9.987088756412522 9.772229850018752 9.958260917832272 10.0 10.0 10.0 10.0 10.0 10.0 10.0 10.0 10.0 10.0
10.0 10.0 9.998519961875044 9.998578350339109 9.277285140495625 9.977837564517948 9.76581871829591 9.99532032142439 9.796220284499377 8.095538016296526 9.47673479201761 9.555773882714938 6.273700961434227 6.0542012109358065 8.542492221627937 8.17162717795242 6.184808899362595 7.844760696139002 9.704642775888333 9.585092184967426 9.559306801095348 9.931000490095546 10.0 10.0 10.0 10.0 10.0 10.0 10.0 10.0 10.0 10.0
9.992608803509992 9.989125215757165 9.998364980550422 10.0 9.811768724374096 9.788401022251522 8.292857075140516 9.597276907287954 9.474916765430121 7.322913130160083 7.150840194884723 8.566398342739815 6.991439764073114 5.096425935233383 6.350342352556854 8.215929791788467 7.298031542521802 6.304173730696489 8.765701974728955 9.72326213072141 9.519557301777343 9.554323837179508 9.944122783651688 10.0 10.0 9.992443361456422 10.0 10.0 10.0 10.0 10.0 10.0
10.0 9.99782298045534 10.0 10.0 9.871019748782969 9.952460365909845 9.610639603705923 10.0 9.96425767890661 8.66528223675477 9.771567931590406 9.998981609705178 8.951302416219644 8.220412912389422 9.871064505741492 9.995510813793953 9.488810886338193 9.837103403682288 9.99943180460628 10.0 10.0 10.0 10.0 10.0 10.0 10.0 10.0 10.0 10.0 10.0 10.0 10.0
10.0 9.997127255505191 9.9922325442263 9.99191409775183 8.990110697540475 9.77319835868915 9.422537615646746 9.999833515553455 9.854185473121964 8.19392203055043 9.737348748965054 9.996512042450808 8.36869780692124 8.676345761978999 9.91879155025599 9.98439341529247 9.72157774129821 9.955554118633223 10.0 10.0 10.0 10.0 10.0 10.0 10.0 10.0 10.0 10.0 10.0 10.0 10.0 10.0
9.981592614023802 9.933426350712606 9.873828155895477 9.744900507036448 6.895890745478325 7.878266911595745 7.5536024399011215 8.711788756981438 6.482431208970928 5.302897551967765 7.393901737286845 8.229789157361902 6.762016914783906 7.292033340370218 9.345372108948043 9.600395199105623 9.59002259162337 9.865896964479706 10.0 10.0 10.0 10.0 10.0 10.0 10.0 10.0 10.0 10.0 10.0 10.0 10.0 10.0
9.982666546052364 9.92745110284784 9.97721678551065 9.966246944102991 9.280333762268686 9.100375986172002 7.688261296890804 9.810315072269816 9.20366851941337 6.648620836085085 8.475828504048359 9.71081112451509 8.866601821367503 7.901292063144139 9.636281986697089 9.990077223370786 9.972872561571842 9.992374599619332 10.0 10.0 10.0 10.0 10.0 10.0 10.0 10.0 10.0 10.0 10.0 10.0 10.0 10.0
9.995825920841622 9.964807831225556 9.97625039487985 9.983622631355528 9.244472073579045 9.501727289528677 9.206376093231455 9.999284405187517 9.942222768465026 8.840060388034576 9.788235123154989 10.0 9.924239672594387 9.74105161911256 9.980238496249926 10.0 10.0 10.0 10.0 10.0 10.0 10.0 10.0 10.0 10.0 10.0 10.0 10.0 10.0 10.0 10.0 10.0
9.960398913267557 9.896604884162372 9.88618715112186 9.9264701723211 7.451590659485354 8.417723890648958 8.737643454993435 9.976373579772762 9.377447294086014 8.565512964275362 9.737324180837092 10.0 9.752486759494342 9.887700204347267 9.99725240801818 10.0 10.0 10.0 10.0 10.0 10.0 10.0 10.0 10.0 10.0 10.0 10.0 10.0 10.0 10.0 10.0 10.0
9.78032062560776 9.483774124141878 9.685585270847229 9.127208512281394 7.112043159980367 5.635172582942545 5.907953627139602 7.864833665118264 7.3913504011138205 6.821847591449471 8.477829099006 9.552866615758683 9.459785765285508 9.634866959030553 9.973546206192513 9.999972935692679 10.0 10.0 10.0 10.0 10.0 10.0 10.0 10.0 10.0 10.0 10.0 10.0 10.0 10.0 10.0 10.0
9.92355744466926 9.8137903906116 9.924657509918765 9.92671368781435 9.300643772793396 8.686337000090695 8.684214528688411 9.958350086280117 9.92350947090171 8.554610916566414 9.857868847388168 10.0 9.994639224178076 9.879059758861187 9.99971850288983 10.0 10.0 10.0 10.0 10.0 10.0 10.0 10.0 10.0 10.0 10.0 10.0 10.0 10.0 10.0 10.0 10.0
9.943673334911379 9.860092063839431 9.931665262349538 9.96832367768364 9.249788278129559 9.435252232635987 9.607797645791846 10.0 10.0 9.82466457103214 9.99418538736016 10.0 10.0 10.0 10.0 10.0 10.0 10.0 10.0 10.0 10.0 10.0 10.0 10.0 10.0 10.0 10.0 10.0 10.0 10.0 10.0 10.0
9.768502717088781 9.506346187807836 9.77125223987691 9.81457123584474 8.369795703275795 7.835553145382604 9.139969380367805 9.9565056689943 9.904793733181767 9.872284015097012 9.986914606809632 10.0 10.0 10.0 10.0 10.0 10.0 10.0 10.0 10.0 10.0 10.0 10.0 10.0 10.0 10.0 10.0 10.0 10.0 10.0 10.0 10.0
9.302041080530135 8.972693380494855 9.64218119802341 9.42154844341812 7.9891544180613385 7.126801245983992 7.231648924676349 9.091403524435014 9.235899901174733 8.482940100377537 9.557935111887492 9.978818975525732 9.966337000022362 9.943299514307151 9.99476530542842 9.999896065949834 10.0 10.0 10.0 10.0 10.0 10.0 10.0 10.0 10.0 10.0 10.0 10.0 10.0 10.0 10.0 10.0
8.191482022210037 7.516509388856055 8.01348033036698 7.527214472099822 6.537964135704471 6.011796674438375 7.758897207516868 9.000174465943887 9.2762322651969 9.655001623769742 9.744736557231237 9.925053052210192 9.982572390894513 9.9890916513608 9.990510576676549 10.0 10.0 10.0 10.0 10.0 10.0 10.0 10.0 10.0 10.0 10.0 10.0 10.0 10.0 10.0 10.0 10.0
8.559040946636875 8.1204934961397 8.907656229492654 8.567535043453297 7.8859535726010686 6.908582920382747 8.397339127938428 9.352728208309944 9.824206288037978 9.898680491799126 9.884639517482784 9.96705155169305 9.999877331980349 9.998482266246569 9.994605793350937 10.0 10.0 10.0 10.0 10.0 10.0 10.0 10.0 10.0 10.0 10.0 10.0 10.0 10.0 10.0 10.0 10.0
7.3188757898512895 7.012377823807177 7.42191902140257 7.300507945547735 7.097109539402095 6.915231633470554 8.240401569667968 8.697970059727453 9.39766754583847 9.858944554752336 9.839047667795963 9.969917294475955 10.0 10.0 9.990239288360106 10.0 10.0 10.0 10.0 10.0 10.0 10.0 10.0 10.0 10.0 10.0 10.0 10.0 10.0 10.0 10.0 10.0
7.941499755234884 7.842438226512988 8.501323882186421 8.28044274612111 8.451860835147535 8.350990971271132 8.885715149776328 9.22829975351145 9.686963016972783 9.870559556074813 9.885387607745347 9.973958028854629 9.971882412348558 9.990025381419093 10.0 9.996553465610658 10.0 10.0 10.0 10.0 10.0 10.0 10.0 10.0 10.0 10.0 10.0 10.0 10.0 10.0 10.0 10.0
