10.013755158184319 10.013755158184319 10.013755158184319 10.013755158184319 10.013755158184319 10.013755158184319 10.013755158184319 10.013755158184319 10.013755158184319 10.013755158184319 10.013755158184319 10.013755158184319 10.013755158184319 10.013755158184319 10.013755158184319 10.012457233761616 10.013755158184319 10.013418879855667 10.010626664735188 10.010799487379654 10.010447520713225 9.899223827389916 9.69506058775232 9.95041243003921 9.950677305908528 9.49671209443769 9.50547720608238 9.84156238044555 9.877555709469862 9.873686209824921 9.914793385252084 9.851451193352492
10.013755158184319 10.013755158184319 10.013755158184319 10.013755158184319 10.013755158184319 10.013755158184319 10.013755158184319 10.013755158184319 10.013755158184319 10.013755158184319 10.013755158184319 10.013755158184319 10.013755158184319 10.013755158184319 10.013755158184319 10.013755158184319 10.013755158184319 10.013755158184319 10.013755158184319 10.013755158184319 10.013755158184319 10.005344041339486 9.952383444775752 10.009540764222157 10.002939698703594 9.703702704999214 9.749121808863329 9.91267664528153 9.875830158106796 9.824852257168645 9.890355281288972 9.87072283747307
10.013755158184319 10.013755158184319 10.013755158184319 10.013755158184319 10.013755158184319 10.013755158184319 10.013755158184319 10.013755158184319 10.013755158184319 10.013755158184319 10.013755158184319 10.013755158184319 10.013755158184319 10.013755158184319 10.013755158184319 10.013755158184319 10.013755158184319 10.013755158184319 10.013755158184319 10.013755158184319 10.013755158184319 9.980639426160481 9.892677118040734 9.980069953107156 9.95655497378156 9.245343085218446 9.491521920575467 9.69460425133236 9.67340190356429 9.515990933480733 9.682720822778561 9.724110614854366
10.013755158184319 10.013755158184319 10.013755158184319 10.013755158184319 10.013755158184319 10.013755158184319 10.013755158184319 10.013755158184319 10.013755158184319 10.013755158184319 10.013755158184319 10.013755158184319 10.013755158184319 10.013755158184319 10.013755158184319 10.013755158184319 10.013755158184319 10.013755158184319 10.010892132464846 10.013397819739811 10.011935732319028 9.771255807990036 9.853950388879527 9.964072909761873 9.90859308453144 8.675776395943073 9.407896045069807 9.683456265028147 9.738194271190093 9.686419702146463 9.790957951276251 9.731954201260692
10.013755158184319 10.013755158184319 10.013755158184319 10.013755158184319 10.013755158184319 10.013755158184319 10.013755158184319 10.013755158184319 10.013755158184319 10.013755158184319 10.013755158184319 10.013755158184319 10.013755158184319 10.011919691041927 9.983097635503803 10.009775683686108 10.013264389643803 9.635451655739947 9.542212068638207 9.94567288841705 9.829981180809245 7.496596367116232 8.622609461124497 9.713113844657174 9.560320923704255 7.735233154180752 9.213254961631481 9.79127221822323 9.830096644802932 9.788584634709114 9.864133164642778 9.759947060225182
10.013755158184319 10.013755158184319 10.013755158184319 10.013755158184319 10.013755158184319 10.013755158184319 10.013755158184319 10.013755158184319 10.013755158184319 10.013755158184319 10.013755158184319 10.013755158184319 10.013755158184319 10.013755158184319 10.00411271504306 9.94512059820744 10.013504027680005 9.91970283381265 9.410883157382537 9.576003154359816 9.397909577232445 7.284436428479363 5.998703335455539 8.01751334830138 8.222045042111004 6.452663900799796 6.971277457372793 9.105711813484707 9.670423102591464 9.66982466941678 9.800069719098584 9.67416951039239
10.013755158184319 10.013755158184319 10.013755158184319 10.013755158184319 10.013755158184319 10.013755158184319 10.013755158184319 10.013755158184319 10.013755158184319 10.013755158184319 10.013755158184319 10.013755158184319 10.013755158184319 10.013755158184319 10.012097089009558 9.953530040521791 10.01198009316452 10.002387224819381 9.857629989365597 9.72771290762557 9.81738447832597 8.956162814996443 6.545622732114945 9.043159541437863 9.524775910565264 8.355387715549343 8.485579685959017 9.286148028769928 9.703919005439804 9.824870578617878 9.899515337561432 9.826191175981599
10.013755158184319 10.013755158184319 10.013755158184319 10.013755158184319 10.013755158184319 10.013755158184319 10.013755158184319 10.013755158184319 10.013755158184319 10.013755158184319 10.013755158184319 10.013755158184319 10.013755158184319 10.013755158184319 9.997865826608459 9.990971802528907 10.013755158184319 9.990491156325445 9.360393108390308 9.875044933722213 9.999087398052673 8.697556138536216 8.393519593738061 9.698754781286793 9.981839568989576 9.571349659049211 9.74209468823698 9.743191330849017 9.99962232647591 9.993351356034097 10.0047729083681 9.986822971794338
10.013755158184319 10.013755158184319 10.013755158184319 10.013755158184319 10.013755158184319 10.013755158184319 10.013755158184319 10.013755158184319 10.013755158184319 10.013755158184319 10.012591427872303 10.013755158184319 10.013755158184319 10.013755158184319 9.528724461049451 9.4215128411385 9.968930935283241 8.987238649351497 7.3495913181820525 8.302767058072453 9.08500886921902 7.119695462524038 7.080227097882335 9.278029922950001 9.889521729315627 9.2203480217732 9.801946420165324 9.900961060127168 10.006355274172734 10.01237818434554 10.013755158184319 10.003514161298927
10.013755158184319 10.013755158184319 10.013755158184319 10.013755158184319 10.013755158184319 10.013755158184319 10.013755158184319 10.013755158184319 10.013755158184319 10.013755158184319 10.01099186903404 10.010832724020705 10.013755158184319 10.010759498823155 9.654714106663002 6.049464936698485 9.25942028889154 8.737510531744238 6.173326531615278 5.863808230746812 7.891714206774767 7.3522570832419785 5.3007062675389855 7.999631477277288 9.650330697832803 9.374803965128496 9.336356734621193 9.780757328359584 10.010536961417959 10.008962884742777 10.013755158184319 9.982998656329551
10.013755158184319 10.013755158184319 10.013755158184319 10.013755158184319 10.013755158184319 10.013755158184319 10.013755158184319 10.013755158184319 10.013755158184319 10.013755158184319 10.013755158184319 10.011298429567603 10.013755158184319 10.013755158184319 9.6382434824027 8.64735913111317 9.606686778938174 9.836102562173608 8.162529804590973 8.62284839917305 9.179254634070807 9.20032282091107 8.23146324237119 9.073649092291747 9.6076176113134 9.915538727204728 9.695236776451187 9.553000239455683 9.98899595432014 10.013755158184319 10.012569850458956 9.98867246766047
10.013755158184319 10.013755158184319 10.013755158184319 10.013755158184319 10.013755158184319 10.013755158184319 10.013755158184319 10.013755158184319 10.013755158184319 10.013755158184319 10.009680103771641 9.842479171504648 10.013755158184319 10.004697768888398 7.886315383412443 8.005109003604478 9.72238584052705 9.229015056344739 7.727870333220466 8.88049840534225 9.87382400397255 9.429282777014794 9.662731303826286 9.919638209161333 10.013755158184319 10.013755158184319 10.008526628111579 9.966584139160098 10.013755158184319 10.013755158184319 10.013755158184319 10.013755158184319
10.013755158184319 10.013755158184319 10.013755158184319 10.013755158184319 10.013755158184319 10.013755158184319 10.013755158184319 10.010221631782438 10.013755158184319 10.013755158184319 9.997762791726563 8.86160650620314 9.85536937807347 9.579488381808064 7.111929079299691 5.240606890962463 7.880984829806434 7.945085488265138 6.19470230786843 7.15317148641073 9.435898876809855 9.280305837217965 9.273951787569533 9.94003039468655 10.013755158184319 10.013755158184319 10.00837625390209 10.009323541503107 10.013755158184319 10.013755158184319 10.013755158184319 10.013755158184319
10.013755158184319 10.013755158184319 10.013755158184319 10.013755158184319 10.013755158184319 10.013755158184319 10.013755158184319 10.013755158184319 10.013755158184319 10.013755158184319 10.011720059263443 9.299912768581041 9.806318055612651 9.883813091151092 8.49802461238464 5.3904144818588895 8.607897346892798 9.210200223829048 7.624641912981926 8.036955897075153 9.386525385017716 9.87837479228186 9.745834441310878 9.908097163565742 10.003230897883965 10.013472922024745 10.007821896545266 10.003418438887392 10.013755158184319 10.013755158184319 10.013755158184319 10.013755158184319
10.013755158184319 10.013755158184319 10.013755158184319 10.013755158184319 10.013755158184319 10.013755158184319 10.013755158184319 10.012643656653502 10.013755158184319 10.013755158184319 10.004307412817973 8.585132744846032 9.93547997537352 10.001692167969255 8.797087315946273 7.5591561672011505 9.16329446093496 9.877377771842808 9.597041933376891 9.47225007009493 9.695121092820601 10.009075699174874 9.98763370987831 9.97592320278067 10.013755158184319 10.013755158184319 10.013755158184319 9.990933920870658 10.013755158184319 10.013755158184319 10.013755158184319 10.013755158184319
10.013755158184319 10.013416230811156 10.00968599948436 10.013755158184319 9.981784902983717 10.013755158184319 9.99688876949915 9.434719996344542 9.980952983074642 9.986063016612936 8.883870963837067 6.304764881158994 8.743052861158855 9.22576413895193 6.690488061897435 6.637161276442865 9.174237627340853 9.728275201582235 9.262390755326276 9.852039120004793 10.006554517664192 10.011459988403715 10.00122904262647 10.013755158184319 10.013755158184319 10.013755158184319 10.013755158184319 10.013755158184319 10.013755158184319 10.013755158184319 10.013755158184319 10.013755158184319
9.992854084815367 9.673429599986667 9.08223031116381 9.539266992596707 9.45082322883233 10.001329402443007 10.010022968223865 9.25553237731641 5.979795009371803 8.44561785892537 8.36683091544137 5.253146104961848 5.0992298303399 7.614077354868412 7.055795971579774 4.595222745479065 7.115011204950335 9.57070017618263 9.44347073987588 9.544097038621532 9.913503308075613 9.999674376770662 9.97301580585857 10.009660639228548 10.013755158184319 10.013755158184319 10.013755158184319 10.013755158184319 10.013755158184319 10.013755158184319 10.013755158184319 10.013755158184319
10.013755158184319 9.994872095890903 10.00821070581365 10.013755158184319 10.008807143131229 10.013755158184319 10.013755158184319 9.993665083497897 9.984279823423662 9.795771140528354 9.980663475906214 8.043285795660692 9.049326769995345 9.30127561081295 9.581701459085192 7.231137429403379 8.934007580472974 9.688184824708369 9.979239512187466 9.899486990737941 9.964534073577523 10.00998034096996 10.01097452782397 10.00846101449745 10.013755158184319 10.013755158184319 10.013755158184319 10.013755158184319 10.013755158184319 10.013755158184319 10.013755158184319 10.013755158184319
10.013755158184319 9.998836784955916 9.979757422485795 10.013755158184319 9.205154093029085 10.013755158184319 10.01101749769586 9.285459818233813 9.718270420048778 10.013755158184319 9.95627553484355 7.515513463037772 9.576058789490393 9.998490353501142 9.901226618614944 9.571726038042657 9.67047486403534 10.013755158184319 10.013755158184319 10.012471589360736 10.013755158184319 10.013755158184319 10.013755158184319 10.013755158184319 10.013755158184319 10.013755158184319 10.013755158184319 10.013755158184319 10.013755158184319 10.013755158184319 10.013755158184319 10.013755158184319
9.999257860474325 9.762700481459117 9.499247566598749 9.624171336388414 6.4512372264877165 9.763196412024291 9.429196854276892 6.595223731980217 6.417629703934282 8.706521474479588 8.269285698916065 6.311828322803222 7.965409183495418 9.942261966444997 9.788889860388938 9.334661495830359 9.944185476955454 10.013755158184319 10.013755158184319 10.013755158184319 10.013755158184319 10.013755158184319 10.013755158184319 10.013755158184319 10.013755158184319 10.013755158184319 10.013755158184319 10.013755158184319 10.013755158184319 10.013755158184319 10.013755158184319 10.013755158184319
9.987811807375063 9.264613862126982 9.238260483897465 9.807703702131674 8.681220948993277 9.915802465357961 10.007571770128886 9.909399755574457 7.715388197796439 9.423718262222472 9.921348142477438 8.460197219156816 8.591729905668744 9.701975933353935 9.989361203469388 8.867267721505725 9.81821977561077 10.00158098706767 10.010527120705436 10.007749899262262 10.011183361623546 10.013755158184319 10.013755158184319 10.013755158184319 10.013755158184319 10.013755158184319 10.013755158184319 10.013755158184319 10.013755158184319 10.013755158184319 10.013755158184319 10.013755158184319
10.004987069305907 9.761872546085888 9.90745793461315 10.000037182509786 8.762368850543183 10.013755158184319 10.013755158184319 9.989478582237462 9.778604990087743 9.95801584512821 10.013755158184319 9.94076717593812 9.626069830204678 9.943035910692739 10.013755158184319 9.967280604678141 9.871157810219216 10.013755158184319 10.013755158184319 10.013755158184319 10.013755158184319 10.013755158184319 10.013755158184319 10.013755158184319 10.013755158184319 10.013755158184319 10.013755158184319 10.013755158184319 10.013755158184319 10.013755158184319 10.013755158184319 10.013755158184319
9.939449608862908 9.672962031263875 9.763826915040118 9.861236154628735 6.636468001611099 10.013755158184319 9.999339259361768 8.900640570223173 9.111931577333111 10.013755158184319 10.01028547388711 9.634178139412393 9.976429863538868 10.013755158184319 10.013755158184319 10.003942814188372 10.013755158184319 10.013755158184319 10.013755158184319 10.013755158184319 10.013755158184319 10.013755158184319 10.013755158184319 10.013755158184319 10.013755158184319 10.013755158184319 10.013755158184319 10.013755158184319 10.013755158184319 10.013755158184319 10.013755158184319 10.013755158184319
9.485408051226017 8.488755722311737 8.323775791727337 8.227000337257868 6.19779158324966 9.480334186795954 9.92621417659189 8.846961582971941 6.492518520400536 9.835087468313757 10.007171675984067 9.489437666116531 9.709896458041092 10.01303507908914 10.013755158184319 9.99074729729559 10.013755158184319 10.013755158184319 10.013755158184319 10.013755158184319 10.013755158184319 10.013755158184319 10.013755158184319 10.013755158184319 10.013755158184319 10.013755158184319 10.013755158184319 10.013755158184319 10.013755158184319 10.013755158184319 10.013755158184319 10.013755158184319
9.637684359653198 8.79654819536122 9.485479399192952 9.712352236227485 8.835465147184044 9.93244297054859 10.00992344892262 10.00752083637244 9.688556158471297 9.822041477131894 10.013755158184319 10.002561720152485 9.824175763515484 10.000498872193129 10.013755158184319 10.003315633913612 10.007126719373863 10.013755158184319 10.013755158184319 10.013755158184319 10.013755158184319 10.013755158184319 10.013755158184319 10.013755158184319 10.013755158184319 10.013755158184319 10.013755158184319 10.013755158184319 10.013755158184319 10.013755158184319 10.013755158184319 10.013755158184319
9.535745547585705 9.287658362220988 9.88772146100166 9.90458646376197 9.030123412472719 10.013755158184319 10.013755158184319 10.013755158184319 10.007002615617889 10.01342510922439 10.013755158184319 10.013755158184319 10.00997664760329 10.013755158184319 10.013755158184319 10.013755158184319 10.013755158184319 10.013755158184319 10.013755158184319 10.013755158184319 10.013755158184319 10.013755158184319 10.013755158184319 10.013755158184319 10.013755158184319 10.013755158184319 10.013755158184319 10.013755158184319 10.013755158184319 10.013755158184319 10.013755158184319 10.013755158184319
8.777422275013063 8.268183103986765 9.325653582288828 9.447353019743078 8.330099630111336 10.003379327294391 10.013755158184319 9.99074404497854 10.00838330938599 10.013755158184319 10.013755158184319 10.013755158184319 10.013755158184319 10.013755158184319 10.013755158184319 10.013755158184319 10.013755158184319 10.013755158184319 10.013755158184319 10.013755158184319 10.013755158184319 10.013755158184319 10.013755158184319 10.013755158184319 10.013755158184319 10.013755158184319 10.013755158184319 10.013755158184319 10.013755158184319 10.013755158184319 10.013755158184319 10.013755158184319
8.487488618465585 7.747118179467627 8.095042091006814 7.84879253396515 5.925715513223334 9.538499259072557 9.9284494797916 9.53013122598972 9.542174878485072 9.996350357711554 9.999003271168046 9.97493225016055 10.00541287705283 10.013755158184319 10.013755158184319 10.010137558032278 10.013755158184319 10.013755158184319 10.013755158184319 10.013755158184319 10.013755158184319 10.013755158184319 10.013755158184319 10.013755158184319 10.013755158184319 10.013755158184319 10.013755158184319 10.013755158184319 10.013755158184319 10.013755158184319 10.013755158184319 10.013755158184319
7.762643400537668 6.879897734216179 7.491842313588779 7.302547932051859 6.590050832116182 8.743714463992628 9.76596868273173 9.662365413697973 8.660360174702067 9.800149199521698 10.007851407862741 10.003354627294938 9.941793425551364 10.013755158184319 10.013755158184319 10.013755158184319 10.013755158184319 10.013755158184319 10.013755158184319 10.013755158184319 10.013755158184319 10.013755158184319 10.013755158184319 10.013755158184319 10.013755158184319 10.013755158184319 10.013755158184319 10.013755158184319 10.013755158184319 10.013755158184319 10.013755158184319 10.013755158184319
8.130767448252767 7.16827908966932 7.76021514433641 7.394164140384908 7.038084558572623 8.555290032218318 9.725784762540139 9.637751039210366 8.771166799604414 9.777422672098542 10.01361825772713 9.984063024956418 9.827020014150383 10.013755158184319 10.013755158184319 10.013755158184319 10.013755158184319 10.013755158184319 10.013755158184319 10.013755158184319 10.013755158184319 10.013755158184319 10.013755158184319 10.013755158184319 10.013755158184319 10.013755158184319 10.013755158184319 10.013755158184319 10.013755158184319 10.013755158184319 10.013755158184319 10.013755158184319
7.663504493877814 6.957202358901996 7.501079448290025 7.09896661109478 7.158148748394122 8.09482767910253 9.262555262680918 9.406272538916006 8.963833493332125 9.454335662706503 9.860528477084973 9.839169794284365 9.564309619281607 9.954540033813842 10.013568556850512 10.00333727391238 10.006957330477587 10.013755158184319 10.013755158184319 10.013755158184319 10.013755158184319 10.013755158184319 10.013755158184319 10.013755158184319 10.013755158184319 10.013755158184319 10.013755158184319 10.013755158184319 10.013755158184319 10.013755158184319 10.013755158184319 10.013755158184319
7.887030639364335 7.395373591752342 8.242419600128141 7.875888517749923 8.54783032037782 8.848287276099695 9.671929559593401 9.919951521975982 9.780273195912669 9.941146871559598 10.001579922165478 10.00677830769713 9.971152959752267 10.013565860561597 10.013755158184319 10.013755158184319 10.013755158184319 10.013755158184319 10.013755158184319 10.013755158184319 10.013755158184319 10.013755158184319 10.013755158184319 10.013755158184319 10.013755158184319 10.013755158184319 10.013755158184319 10.013755158184319 10.013755158184319 10.013755158184319 10.013755158184319 10.013755158184319
