10.071942446043165 10.071942446043165 10.071942446043165 10.071942446043165 10.071942446043165 10.071942446043165 10.071942446043165 10.071942446043165 10.071942446043165 10.071942446043165 10.071942446043165 10.071942446043165 10.071942446043165 10.071942446043165 10.071942446043165 10.071942446043165 10.071942446043165 10.069488001889118 10.071942446043165 10.071942446043165 10.06187773678437 10.00765064812978 10.054364747486098 10.018976907156262 9.747253045697052 9.506249475211993 9.628637069086679 8.88367665050252 8.821944903109841 8.35068799251005 9.38739784683809 9.619418852958836
10.071942446043165 10.071942446043165 10.071942446043165 10.071942446043165 10.071942446043165 10.071942446043165 10.071942446043165 10.071942446043165 10.071942446043165 10.071942446043165 10.071942446043165 10.071942446043165 10.071942446043165 10.071942446043165 10.071942446043165 10.071942446043165 10.071942446043165 10.071942446043165 10.071942446043165 10.071942446043165 10.071942446043165 10.071942446043165 10.065169227381679 10.025018052096577 9.718288392686388 9.590316050628923 9.604751073561648 8.722617476080114 8.334858344751296 7.598251635301545 9.10180829446199 9.493839949193811
10.071942446043165 10.071942446043165 10.071942446043165 10.071942446043165 10.071942446043165 10.071942446043165 10.071942446043165 10.071942446043165 10.071942446043165 10.071942446043165 10.071942446043165 10.071942446043165 10.071942446043165 10.071942446043165 10.071942446043165 10.071942446043165 10.071942446043165 10.071942446043165 10.071942446043165 10.071942446043165 10.06974830060447 10.038873518203792 10.033662810335692 9.9236124507318 9.205597881289433 9.208408069668174 9.298955131452201 8.143642055171544 7.330279004457804 6.5523791797231805 8.212519794750124 9.04217387400392
10.071942446043165 10.071942446043165 10.071942446043165 10.071942446043165 10.071942446043165 10.071942446043165 10.071942446043165 10.071942446043165 10.071942446043165 10.071942446043165 10.071942446043165 10.071942446043165 10.071942446043165 10.071942446043165 10.071942446043165 10.071942446043165 10.071942446043165 10.048196408831647 10.071942446043165 10.054996630580767 9.876178080262465 9.769097492131916 9.948521883721494 9.47400656084955 8.0287068921436 8.676438980604287 9.156391686139893 7.37032343865618 6.89282606515183 6.652351405701926 8.5396793160237 9.04404679372325
10.071942446043165 10.071942446043165 10.071942446043165 10.071942446043165 10.071942446043165 10.071942446043165 10.071942446043165 10.071942446043165 10.071942446043165 10.071942446043165 10.071942446043165 10.071942446043165 10.071942446043165 10.071942446043165 10.071942446043165 10.071942446043165 9.774734558191462 8.72395902807625 9.670511827746964 9.088563244327023 7.2418586595468435 7.384984095909221 8.428442529164842 6.903046631966928 5.303907012573409 6.89676134349908 8.356052898039465 6.062310635389502 6.73238160101732 7.107782456092287 8.80598297047367 9.011448089241417
10.071942446043165 10.071942446043165 10.071942446043165 10.071942446043165 10.071942446043165 10.071942446043165 10.071942446043165 10.071942446043165 10.071942446043165 10.071942446043165 10.071942446043165 10.071942446043165 10.071942446043165 10.071942446043165 10.071942446043165 10.071942446043165 10.071942446043165 9.812418343380072 9.989457850643982 9.991382843153751 9.095642780550934 6.996530145528986 8.231568852716185 8.352185181721419 5.9230998671149715 5.205231766004337 7.972264485700055 8.051549350928092 7.6570428002847954 7.841347767149721 9.046733730418788 8.813362618490341
10.071942446043165 10.071942446043165 10.071942446043165 10.071942446043165 10.071942446043165 10.071942446043165 10.071942446043165 10.071942446043165 10.071942446043165 10.071942446043165 10.071942446043165 10.071942446043165 10.071942446043165 10.071942446043165 10.071942446043165 10.071942446043165 10.071942446043165 10.022481813445607 10.071942446043165 10.071942446043165 9.995735005167035 9.175417969909386 10.071942446043165 10.014495234374568 8.64140459851176 8.9012752117804 10.047462191330151 9.834277708807635 9.443422397733428 9.389226977351365 9.798284328533875 9.542534610198445
10.071942446043165 10.071942446043165 10.071942446043165 10.071942446043165 10.071942446043165 10.071942446043165 10.071942446043165 10.071942446043165 10.071942446043165 10.071942446043165 10.071942446043165 10.071942446043165 10.071942446043165 10.071942446043165 10.071942446043165 10.071942446043165 10.071942446043165 9.284235693825215 10.068991369411842 10.071942446043165 9.342170834716098 8.329837920666437 10.029881341518196 9.71772149581977 8.110985926492834 9.103793860421987 10.03059452973503 9.71421538492417 9.891300088438145 9.905380286439804 10.014563736677827 9.955807901670186
10.071942446043165 10.071942446043165 10.071942446043165 10.071942446043165 10.071942446043165 10.071942446043165 10.071942446043165 10.071942446043165 10.071942446043165 10.071942446043165 10.071942446043165 10.071942446043165 10.071942446043165 10.057373788092487 10.056174320003933 10.071942446043165 9.992833152733855 7.779015691564547 9.277227064651214 9.380305852000813 6.970217551320422 5.40222365759126 8.034508361818869 8.19360178387919 6.574124188130218 7.716776917106742 9.609446326410275 9.44413584338396 9.858292021980303 9.988339080086849 10.071680202281378 10.023285937724342
10.071942446043165 10.071942446043165 10.071942446043165 10.071942446043165 10.071942446043165 10.071942446043165 10.071942446043165 10.071942446043165 10.071942446043165 10.071942446043165 10.071942446043165 10.071942446043165 10.071942446043165 10.065260070527419 10.010650507109531 10.071942446043165 10.039253830363975 8.079805165652063 9.429885588876573 9.898530966783117 8.567317056060137 5.253230178140726 8.763113115380829 9.557025013324077 8.401433562195168 7.380907086411735 9.854243198628064 9.975580816085694 9.97716499022397 10.000020783065697 10.016574028030064 9.764255015973895
10.071942446043165 10.071942446043165 10.071942446043165 10.071942446043165 10.071942446043165 10.071942446043165 10.071942446043165 10.071942446043165 10.071942446043165 10.071942446043165 10.071942446043165 10.071942446043165 10.071942446043165 10.070248662146373 10.036928346659181 10.071942446043165 10.044028476823353 8.467647271672838 10.058128913469853 10.066330037138146 9.583533997359616 7.98048810868302 10.071942446043165 10.065063314203375 9.87677788605228 9.893606763930851 10.071942446043165 10.05515295775182 10.071942446043165 10.071942446043165 10.071942446043165 10.070687079724529
10.071942446043165 10.071942446043165 10.071942446043165 10.071942446043165 10.071942446043165 10.071942446043165 10.071942446043165 10.071942446043165 10.071942446043165 10.071942446043165 10.07037417366679 10.071942446043165 10.071942446043165 9.51451556795197 9.632313041223956 10.07043465104284 9.667706245082067 6.063801758113813 9.080731041046928 9.718296469466576 8.262242960117911 7.404406853740845 9.997099959883808 9.982142196870043 9.722343824870341 10.015304604555256 10.071942446043165 10.038527495863185 10.071942446043165 10.071942446043165 10.071942446043165 10.071942446043165
10.071942446043165 10.071942446043165 10.071942446043165 10.071942446043165 10.071942446043165 10.071942446043165 10.071942446043165 10.071942446043165 10.071942446043165 10.071942446043165 9.935261679841185 10.071942446043165 10.071942446043165 8.951421168793239 8.612908426865955 9.663514176437443 8.70248023938912 5.042981353763135 7.170433956648154 8.760202888874314 7.644233535573866 5.906183379085399 9.477450682868279 9.947012029941604 9.828215506335496 9.910582510016878 10.071942446043165 10.071942446043165 10.071942446043165 10.071942446043165 10.071942446043165 10.071942446043165
10.071942446043165 10.071942446043165 10.071942446043165 10.071942446043165 10.071942446043165 10.071942446043165 10.071942446043165 10.071942446043165 10.071942446043165 10.071942446043165 9.994459220604744 10.071942446043165 10.071942446043165 9.686350184404127 9.333414830287962 10.059444222652699 9.816750899510932 7.408777360242836 9.280358654522484 9.992612052755259 9.612802233914012 8.000248810839404 10.071583528811423 10.071942446043165 10.059452131906845 10.065790238136605 10.071942446043165 10.071942446043165 10.071942446043165 10.071942446043165 10.071942446043165 10.071942446043165
10.071942446043165 10.071942446043165 10.071942446043165 10.071942446043165 10.071942446043165 10.071942446043165 10.06294384933197 10.071942446043165 10.071942446043165 10.071942446043165 9.453896106560887 10.071942446043165 10.066111323142184 9.08041353939038 9.32093194837257 10.071765677818297 9.844635203987774 8.002499465176756 9.942542414592674 10.071942446043165 10.0054995110969 9.797207728599123 10.071942446043165 10.071942446043165 10.071942446043165 10.071942446043165 10.071942446043165 10.071942446043165 10.071942446043165 10.071942446043165 10.071942446043165 10.071942446043165
10.071942446043165 10.071942446043165 10.071942446043165 10.071942446043165 10.060402069377446 10.071942446043165 9.684606494423585 10.071942446043165 10.071942446043165 9.337551990458016 8.230468248524952 9.657715926759247 9.36088200199654 5.381675935977425 7.158557763542459 8.904405080945157 7.802179726843741 5.839880351270959 8.861219501587035 9.888144733501678 9.671505501634925 9.681328540538525 10.071942446043165 10.071942446043165 10.071942446043165 10.071942446043165 10.071942446043165 10.071942446043165 10.071942446043165 10.071942446043165 10.071942446043165 10.071942446043165
10.071942446043165 10.013527990756538 10.051255348350816 9.89037959174043 10.071942446043165 10.064017058286264 9.709630800093793 9.464319693751019 9.83698111648763 9.518753480523626 7.216473840427996 8.873658009791843 9.21176919414672 6.829806248932974 5.112080918553638 7.2253379124605575 7.969285545248919 6.052423403513914 6.548746910734233 8.748669089874003 9.275106113842877 7.283788997461375 9.681169906690446 10.071942446043165 10.071942446043165 10.045378300471018 10.071942446043165 10.071942446043165 10.071942446043165 10.071942446043165 10.071942446043165 10.071942446043165
10.071942446043165 10.071942446043165 10.071942446043165 10.071942446043165 10.071942446043165 10.071942446043165 9.903642460629767 10.052704607098438 10.071942446043165 10.01995101950362 8.79712336336924 10.06953555609893 9.96835525791784 9.066054711918916 8.616752066652369 10.071639301670926 9.899684570239234 9.608483351081992 10.060958244161638 10.071942446043165 10.071942446043165 10.071667815930804 10.071942446043165 10.071942446043165 10.071942446043165 10.071942446043165 10.071942446043165 10.071942446043165 10.071942446043165 10.071942446043165 10.071942446043165 10.071942446043165
10.071942446043165 10.071942446043165 10.071942446043165 10.071942446043165 10.071942446043165 10.071942446043165 8.0856466514585 9.831781801252626 10.071942446043165 9.628329949235976 7.75037285708256 9.969002676858347 9.905335935147551 8.417260864960562 8.832765675146312 10.060736497189696 9.936754435575235 9.887775226608762 10.071942446043165 10.071942446043165 10.071942446043165 10.071942446043165 10.071942446043165 10.071942446043165 10.071942446043165 10.071942446043165 10.071942446043165 10.071942446043165 10.071942446043165 10.071942446043165 10.071942446043165 10.071942446043165
10.071942446043165 9.971058898879711 10.05313176608707 9.840118195157816 9.95830091716481 9.866661766457623 6.091404836998883 8.0038320248263 8.904010902902108 6.357139718599672 5.543495746099171 7.424386192029925 7.918888555657518 6.436821265391612 7.006573518978365 9.464918692667425 9.521344628056196 9.516108313699169 10.067323593142739 10.066298718205367 10.071942446043165 10.071942446043165 10.071942446043165 10.071942446043165 10.071942446043165 10.071942446043165 10.071942446043165 10.071942446043165 10.071942446043165 10.071942446043165 10.071942446043165 10.071942446043165
10.071942446043165 9.937252549227981 10.071942446043165 10.030007686256162 10.071942446043165 10.071942446043165 8.398336352630988 9.096711490635233 10.039786713908661 9.29895125220049 6.7436415116457145 9.542441497249389 9.687746040350886 8.938287754556741 8.04626841147383 9.99291087856274 9.961638375326096 10.021515900431313 10.071942446043165 10.071942446043165 10.071942446043165 10.071942446043165 10.071942446043165 10.071942446043165 10.071942446043165 10.071942446043165 10.071942446043165 10.071942446043165 10.071942446043165 10.071942446043165 10.071942446043165 10.071942446043165
10.071942446043165 10.068001783440238 10.071942446043165 10.071942446043165 10.071942446043165 10.071942446043165 8.530197427128375 9.841216465183786 10.071942446043165 9.791990641592143 8.860638382049858 10.071942446043165 9.935649956021862 9.988924615089468 9.927674330645331 10.071942446043165 10.071942446043165 10.071942446043165 10.071942446043165 10.071942446043165 10.071942446043165 10.071942446043165 10.071942446043165 10.071942446043165 10.071942446043165 10.071942446043165 10.071942446043165 10.071942446043165 10.071942446043165 10.071942446043165 10.071942446043165 10.071942446043165
10.071942446043165 9.912594599418876 10.068358739573846 9.992650015309216 10.042011873105627 9.977988006984713 5.735906614844913 8.990736543278162 9.940356601282936 9.08760824159681 8.136236460260646 9.924005021679216 9.895855985247058 9.91509683184713 9.964978631385202 10.071942446043165 10.071942446043165 10.071942446043165 10.071942446043165 10.071942446043165 10.071942446043165 10.071942446043165 10.071942446043165 10.071942446043165 10.071942446043165 10.071942446043165 10.071942446043165 10.071942446043165 10.071942446043165 10.071942446043165 10.071942446043165 10.071942446043165
9.986745678189832 8.9828676117105 9.923025703043466 9.481218532005705 9.86598112406611 8.718623025586536 6.253749454253546 6.117188993346402 8.379388833780952 7.878114919042533 6.85314619329735 8.908387796897014 9.646394433402687 9.762635366210363 9.847093894607214 10.02685232274513 10.071942446043165 10.071942446043165 10.071942446043165 10.071942446043165 10.071942446043165 10.071942446043165 10.071942446043165 10.071942446043165 10.071942446043165 10.071942446043165 10.071942446043165 10.071942446043165 10.071942446043165 10.071942446043165 10.071942446043165 10.071942446043165
10.060961258315512 9.78758990801998 10.042755825355213 10.06953134977223 10.071942446043165 10.024745169762594 8.757950428872052 9.564047503537498 10.014659060196738 9.664524264274329 9.16457801674876 10.071942446043165 9.987968630883344 10.033514508553733 10.050273649469792 10.071942446043165 10.071942446043165 10.071942446043165 10.071942446043165 10.071942446043165 10.071942446043165 10.071942446043165 10.071942446043165 10.071942446043165 10.071942446043165 10.071942446043165 10.071942446043165 10.071942446043165 10.071942446043165 10.071942446043165 10.071942446043165 10.071942446043165
10.017853026296073 9.86853049975956 10.044416606261295 10.071942446043165 10.071942446043165 10.052487793663262 8.887188178221725 10.021337389178568 10.071942446043165 10.001822207058336 10.008586811387069 10.071942446043165 10.071942446043165 10.071942446043165 10.071942446043165 10.071942446043165 10.071942446043165 10.071942446043165 10.071942446043165 10.071942446043165 10.071942446043165 10.071942446043165 10.071942446043165 10.071942446043165 10.071942446043165 10.071942446043165 10.071942446043165 10.071942446043165 10.071942446043165 10.071942446043165 10.071942446043165 10.071942446043165
9.766940175399688 9.233306015182254 9.965260630164474 9.96528658162151 9.972123439491991 9.179681220049835 7.011428563744446 9.502788041189747 10.034906306838407 9.94012396468626 9.960927518475893 10.071942446043165 10.060089565316392 10.071942446043165 10.071942446043165 10.071942446043165 10.071942446043165 10.071942446043165 10.071942446043165 10.071942446043165 10.071942446043165 10.071942446043165 10.071942446043165 10.071942446043165 10.071942446043165 10.071942446043165 10.071942446043165 10.071942446043165 10.071942446043165 10.071942446043165 10.071942446043165 10.071942446043165
9.324984684674886 8.386896104800128 9.486541461798815 9.423710493669057 9.666094546212515 8.807113018158358 7.6362883740036915 7.590129612953101 9.390708018925991 9.341270120464856 8.60599027023864 9.816709011710632 9.965666979204627 10.031550554831886 9.939002261265015 10.071942446043165 10.071942446043165 10.071942446043165 10.071942446043165 10.071942446043165 10.071942446043165 10.071942446043165 10.071942446043165 10.071942446043165 10.071942446043165 10.071942446043165 10.071942446043165 10.071942446043165 10.071942446043165 10.071942446043165 10.071942446043165 10.071942446043165
7.889396628122578 6.270804855015697 8.118894246289537 7.623139949838336 8.746890432890744 7.794137943076779 7.323062051008397 6.7659969394167785 8.976943394964657 9.768023005683443 9.468455954604678 9.745913096643894 10.026111343066077 10.066898706795069 10.018936413817798 10.048299061511512 10.071942446043165 10.071942446043165 10.071942446043165 10.071942446043165 10.071942446043165 10.071942446043165 10.071942446043165 10.071942446043165 10.071942446043165 10.071942446043165 10.071942446043165 10.071942446043165 10.071942446043165 10.071942446043165 10.071942446043165 10.071942446043165
8.969281097556314 7.377185459764817 9.142074228984464 8.492935776829698 9.020419422502854 7.486240510349048 7.1467187062551165 7.791234784051526 9.485197536302131 9.857099613959592 9.860458829684365 9.904183966869562 10.063946467505728 10.071942446043165 10.067297098118818 10.071942446043165 10.071942446043165 10.071942446043165 10.071942446043165 10.071942446043165 10.071942446043165 10.071942446043165 10.071942446043165 10.071942446043165 10.071942446043165 10.071942446043165 10.071942446043165 10.071942446043165 10.071942446043165 10.071942446043165 10.071942446043165 10.071942446043165
8.22709121790253 7.009500998500228 8.155891524939346 7.8179578780223 8.089327580495006 7.0730142202342146 7.1891829254035375 8.20122594857725 9.35282873644825 9.871338556096951 9.835782212610697 10.017383527661694 10.071942446043165 10.071942446043165 10.067430880968285 10.071942446043165 10.071942446043165 10.071942446043165 10.071942446043165 10.071942446043165 10.071942446043165 10.071942446043165 10.071942446043165 10.071942446043165 10.071942446043165 10.071942446043165 10.071942446043165 10.071942446043165 10.071942446043165 10.071942446043165 10.071942446043165 10.071942446043165
7.830761155753133 7.557956794908844 8.777418778429992 8.654549814707536 9.147348718896318 8.747041296985975 9.148686298463787 9.432302214117582 9.857595713842723 10.02749236047693 10.063035164297494 10.051020663898305 10.071942446043165 10.071942446043165 10.071942446043165 10.071942446043165 10.071942446043165 10.071942446043165 10.071942446043165 10.071942446043165 10.071942446043165 10.071942446043165 10.071942446043165 10.071942446043165 10.071942446043165 10.071942446043165 10.071942446043165 10.071942446043165 10.071942446043165 10.071942446043165 10.071942446043165 10.071942446043165
