10.059171597633137 10.059171597633137 10.059171597633137 10.059171597633137 10.059171597633137 10.059171597633137 10.059171597633137 10.059171597633137 10.059171597633137 10.059171597633137 10.059171597633137 10.059171597633137 10.059171597633137 10.059171597633137 10.059171597633137 10.059171597633137 10.059171597633137 10.059171597633137 10.059171597633137 10.059171597633137 10.059171597633137 10.00378545583141 9.814771348921191 9.93001124829928 9.899166615117634 9.584556316379313 8.95977599546951 8.758614610845736 8.941744378722566 8.532058678763114 9.432331297752564 9.542007817959993
10.059171597633137 10.059171597633137 10.059171597633137 10.059171597633137 10.059171597633137 10.059171597633137 10.059171597633137 10.059171597633137 10.059171597633137 10.059171597633137 10.059171597633137 10.059171597633137 10.059171597633137 10.059171597633137 10.059171597633137 10.059171597633137 10.059171597633137 10.059171597633137 10.059171597633137 10.059171597633137 10.059171597633137 10.059171597633137 10.04157888245472 10.018607909630427 10.021589963288934 9.892392095689685 9.2651512180502 8.550332187656 8.432929251261182 8.114578904440002 9.000382668021553 9.338703455904023
10.059171597633137 10.059171597633137 10.059171597633137 10.059171597633137 10.059171597633137 10.059171597633137 10.059171597633137 10.059171597633137 10.059171597633137 10.059171597633137 10.059171597633137 10.059171597633137 10.059171597633137 10.059171597633137 10.059171597633137 10.059171597633137 10.059171597633137 10.059171597633137 10.059171597633137 10.059171597633137 10.059171597633137 10.05069140369393 9.98794510302558 9.971016280939264 9.901648672975808 9.533389609369198 8.485903505512207 7.735547058624612 7.380673034795981 7.214093751547425 8.087734347741304 8.46480566183106
10.059171597633137 10.059171597633137 10.059171597633137 10.059171597633137 10.059171597633137 10.059171597633137 10.059171597633137 10.059171597633137 10.059171597633137 10.059171597633137 10.059171597633137 10.059171597633137 10.059171597633137 10.059171597633137 10.059171597633137 10.059171597633137 10.059171597633137 10.059171597633137 10.059171597633137 10.059171597633137 10.059171597633137 10.013536381629285 9.961707586475821 9.898133127868505 9.907343294048873 9.53793105898549 8.345462135970223 7.390039067105438 7.457259384045909 7.78848665900478 8.56608871586659 8.704572505802291
10.059171597633137 10.059171597633137 10.059171597633137 10.059171597633137 10.059171597633137 10.059171597633137 10.059171597633137 10.059171597633137 10.059171597633137 10.059171597633137 10.059171597633137 10.059171597633137 10.059171597633137 10.059171597633137 10.059171597633137 10.059171597633137 10.059171597633137 10.059171597633137 10.059171597633137 10.059171597633137 10.058097344709244 10.055947584187308 9.978676011902587 9.539588107257547 9.833816250420432 9.826130778960984 8.602414320983794 7.324077431153362 8.328835088150274 8.826846528246822 9.29853428336585 9.29453540081167
10.059171597633137 10.059171597633137 10.059171597633137 10.059171597633137 10.059171597633137 10.059171597633137 10.059171597633137 10.059171597633137 10.059171597633137 10.059171597633137 10.059171597633137 10.059171597633137 10.059171597633137 10.059171597633137 10.059171597633137 10.059171597633137 10.059171597633137 10.059171597633137 10.059171597633137 10.059171597633137 10.059171597633137 10.045252075660935 9.87190326768541 9.42830097355126 9.990851342213423 9.896954941333401 8.320627690211895 8.57266200769097 9.088389795369809 9.51097238030881 9.7149055839617 9.517587878912739
10.059171597633137 10.059171597633137 10.059171597633137 10.059171597633137 10.059171597633137 10.059171597633137 10.059171597633137 10.059171597633137 10.059171597633137 10.059171597633137 10.059171597633137 10.059171597633137 10.059171597633137 10.059171597633137 10.059171597633137 10.007333741610376 10.059171597633137 10.038605717828574 10.055578205973339 9.783771438146745 9.926984489540482 9.564216338535156 6.853794388660917 7.263640524317544 8.615916656445693 8.04199757038196 5.9440963680915555 7.243808537437172 8.473405476509162 9.212644940143788 9.619976052931609 9.412458298176826
10.059171597633137 10.059171597633137 10.059171597633137 10.059171597633137 10.059171597633137 10.059171597633137 10.059171597633137 10.059171597633137 10.059171597633137 10.059171597633137 10.059171597633137 10.059171597633137 10.059171597633137 10.059171597633137 10.059171597633137 10.053540254813576 10.059171597633137 10.059171597633137 10.059171597633137 9.735047213077243 9.610397089012157 9.816840500642995 8.362072287151493 7.148069830750788 8.525113673784608 8.761065146117048 7.445755730668084 6.926179491649246 8.834267008685199 9.434074525743736 9.777891955821023 9.753253721779902
10.059171597633137 10.059171597633137 10.059171597633137 10.059171597633137 10.059171597633137 10.059171597633137 10.059171597633137 10.059171597633137 10.059171597633137 10.059171597633137 10.059171597633137 10.059171597633137 10.059171597633137 10.059171597633137 10.059171597633137 10.057227548704178 10.059171597633137 10.059171597633137 10.059171597633137 9.992675585304278 10.033436655046625 10.031196733779423 9.55664250534626 8.721939561302037 9.898515940839015 9.855623382097527 9.337754991387445 8.546094367815714 9.72932004384596 9.896731479744355 9.988830117855633 10.008653238734798
10.059171597633137 10.059171597633137 10.059171597633137 10.059171597633137 10.059171597633137 10.059171597633137 10.059171597633137 10.059171597633137 10.059171597633137 10.059171597633137 10.059171597633137 10.059171597633137 10.059171597633137 10.059171597633137 10.059171597633137 9.482398318409375 10.059171597633137 10.058721533626171 10.044614563856426 9.266453332878841 9.83153646903591 9.963940805175064 8.64356644191534 8.439498251845915 9.962438284038033 9.821159528019699 9.20792369234766 9.48712707125095 9.841476241990652 10.010875074372468 10.052374504073759 10.043376232337081
10.059171597633137 10.059171597633137 10.059171597633137 10.059171597633137 10.059171597633137 10.059171597633137 10.059171597633137 10.059171597633137 10.059171597633137 10.059171597633137 10.059171597633137 10.059171597633137 10.059171597633137 10.059171597633137 10.02677000359335 6.833067653808574 9.662306694122998 9.543511854183455 7.551243670850004 5.961553719622609 7.25140772349069 7.54583152558738 5.45318672807723 6.188498331293131 8.563507709604657 9.01548476901358 8.390563243252277 8.767365997330467 9.698111018753465 9.952791321876022 10.04240540635424 10.047831903585816
10.059171597633137 10.059171597633137 10.059171597633137 10.059171597633137 10.059171597633137 10.059171597633137 10.059171597633137 10.059171597633137 10.059171597633137 10.059171597633137 10.059171597633137 10.059171597633137 10.059171597633137 10.059171597633137 10.059171597633137 8.944865765100634 9.809258957989924 10.047016695138051 9.795666066570897 7.959330382238905 8.776477724981769 9.7775723202183 8.856671465331551 8.474593786225961 9.888560160156773 9.890951265213337 9.837345586757044 9.334321669495536 9.88406416951406 10.03756540712825 10.045742036662062 10.058096575747353
10.059171597633137 10.059171597633137 10.059171597633137 10.059171597633137 10.059171597633137 10.059171597633137 10.059171597633137 10.059171597633137 10.059171597633137 10.059171597633137 10.059171597633137 10.059171597633137 10.059171597633137 10.059171597633137 10.059171597633137 8.394721322224012 9.990831122142058 10.059171597633137 9.995271452137384 9.016744638623768 9.838209674083597 10.051028568443046 9.854381455597933 9.885467770092117 10.059171597633137 10.055473258590844 10.047563719589558 9.95274655547447 10.024748457790942 10.059171597633137 10.059171597633137 10.059171597633137
10.059171597633137 10.059171597633137 10.059171597633137 10.059171597633137 10.059171597633137 10.059171597633137 10.059171597633137 10.059171597633137 10.059171597633137 10.059171597633137 10.059171597633137 10.053863925551926 10.053259568403277 10.059171597633137 9.95403989297993 5.788963572287392 9.010126906190916 9.783825209212413 8.831677894725024 7.464675366913603 9.325581899850468 9.917748794683753 9.492905501999159 9.8358680800554 10.059171597633137 10.052588976743072 10.040172588009314 10.043134453769564 10.045737360015213 10.059171597633137 10.059171597633137 10.059171597633137
10.059171597633137 10.059171597633137 10.059171597633137 10.059171597633137 10.059171597633137 10.059171597633137 10.059171597633137 10.059171597633137 10.059171597633137 10.059171597633137 10.059171597633137 10.041552425974839 9.114495844642326 9.753984897394334 9.329189296129 5.46722381386529 6.0911086209636744 7.651839048874842 7.115291792244109 5.428631902935682 6.837420708006482 8.898288061246594 8.723890873629902 9.108673842360803 9.997773578813048 9.987328468924424 10.010311613977795 10.01267224402034 9.97314386658032 10.059171597633137 10.059171597633137 10.057255408977209
10.059171597633137 10.059171597633137 10.059171597633137 10.059171597633137 10.059171597633137 10.059171597633137 10.059171597633137 10.059171597633137 10.059171597633137 10.059171597633137 10.059171597633137 10.056441215618696 9.673412494281635 10.059171597633137 10.059171597633137 7.747368681973426 8.81111103398546 10.058958035104578 9.97587777851896 9.36088463305147 10.010024031777945 10.059171597633137 9.98062876311261 10.054385443950638 10.059171597633137 10.059171597633137 10.059171597633137 10.044701871179157 10.059171597633137 10.059171597633137 10.059171597633137 10.059171597633137
9.950794127440073 10.059171597633137 10.059171597633137 10.027997575572838 10.059171597633137 10.059171597633137 10.059171597633137 10.049155475596425 10.059171597633137 10.059171597633137 10.059171597633137 9.793393862101468 9.44479349012124 10.059171597633137 9.914629277973242 6.952941025611069 9.454376899061016 10.059171597633137 9.999194531698198 9.901288150042957 10.059171597633137 10.059171597633137 10.059171597633137 10.059171597633137 10.059171597633137 10.059171597633137 10.059171597633137 10.059171597633137 10.059171597633137 10.059171597633137 10.059171597633137 10.059171597633137
10.047999805761771 10.059171597633137 9.954971966033202 9.942497095182024 10.059171597633137 10.059171597633137 10.059171597633137 10.01713648856418 9.73336083962765 9.980930570458618 9.6208100392249 6.399868931759682 6.576583274481732 8.574732017227635 7.494151427861355 4.973962127039886 7.396840099305202 9.411707549963365 9.151549513999083 9.187725118070203 9.984369594165162 10.036622684408716 10.035342470360396 10.059171597633137 10.059171597633137 10.059171597633137 10.059171597633137 10.059171597633137 10.059171597633137 10.059171597633137 10.059171597633137 10.059171597633137
10.04547285165251 10.059171597633137 10.059171597633137 10.054885565226934 10.059171597633137 10.059171597633137 10.059171597633137 10.058891273446447 9.811629959807066 9.897559569040702 10.047978281115904 8.901246985229696 6.0537221584304035 8.54639668961015 9.16415124404197 6.554782473214298 6.250396847528792 9.336717796635943 9.814169179168406 9.450206720630618 9.990914141202357 10.059171597633137 10.043321966089943 10.059171597633137 10.059171597633137 10.059171597633137 10.059171597633137 10.059171597633137 10.059171597633137 10.059171597633137 10.059171597633137 10.059171597633137
9.992500129262982 10.047278059974836 10.059171597633137 10.023155430930911 10.059171597633137 10.059171597633137 10.059171597633137 10.048426561384112 9.971943193731049 10.059171597633137 10.059171597633137 9.701113028753605 8.138226811069137 10.059171597633137 10.059171597633137 9.459892725901003 9.841781843819327 10.059171597633137 10.059171597633137 10.059171597633137 10.059171597633137 10.059171597633137 10.059171597633137 10.059171597633137 10.059171597633137 10.059171597633137 10.059171597633137 10.059171597633137 10.059171597633137 10.059171597633137 10.059171597633137 10.059171597633137
9.910252766530355 9.959788033149183 9.83271052303102 9.602763740679094 10.059171597633137 10.059171597633137 10.059171597633137 9.642861849949677 8.831126219003345 10.057318868717799 9.93476554717001 8.52411628760807 7.914105909966564 10.059171597633137 9.911411090014951 9.171967206947487 9.98759076271666 10.059171597633137 10.059171597633137 10.059171597633137 10.059171597633137 10.059171597633137 10.059171597633137 10.059171597633137 10.059171597633137 10.059171597633137 10.059171597633137 10.059171597633137 10.059171597633137 10.059171597633137 10.059171597633137 10.059171597633137
10.020479898501039 9.76608539385911 9.196656498645474 8.308171450315584 9.648445033008041 9.964650820429561 10.013644767296121 8.387865171455667 5.404870507485593 7.868044084846316 7.991158773130613 5.070496158084097 5.14232124035226 8.39414398012178 8.668784090425882 7.59739082400306 9.383568366089673 10.034462234313137 10.010619037894488 10.057449900992099 10.059171597633137 10.059171597633137 10.059171597633137 10.059171597633137 10.059171597633137 10.059171597633137 10.059171597633137 10.059171597633137 10.059171597633137 10.059171597633137 10.059171597633137 10.059171597633137
10.014559316711399 9.840159216115467 9.812463751104742 9.585981724181325 9.481242406496486 10.032409358081232 10.059171597633137 10.039304119011737 7.59144779905813 9.58495308606133 10.059171597633137 9.50895048558337 6.81021599077118 9.951664452087261 10.059171597633137 9.776006463710804 9.643840902169798 10.059171597633137 10.059171597633137 10.059171597633137 10.059171597633137 10.059171597633137 10.059171597633137 10.059171597633137 10.059171597633137 10.059171597633137 10.059171597633137 10.059171597633137 10.059171597633137 10.059171597633137 10.059171597633137 10.059171597633137
9.767922949834668 9.242574786153092 9.652897367548068 8.811292482164156 9.682051995578076 10.059171597633137 10.059171597633137 9.958962548397446 8.243591281511407 10.059171597633137 10.059171597633137 9.822758616134445 9.508149547673533 10.059171597633137 10.059171597633137 10.03981449903161 10.059171597633137 10.059171597633137 10.059171597633137 10.059171597633137 10.059171597633137 10.059171597633137 10.059171597633137 10.059171597633137 10.059171597633137 10.059171597633137 10.059171597633137 10.059171597633137 10.059171597633137 10.059171597633137 10.059171597633137 10.059171597633137
9.484075638064526 8.01044057643227 7.846957947863378 6.061316430523897 7.711158689822454 9.686240266077316 9.826045459458758 8.731128772171818 5.478827013544345 9.55208805016979 9.637236023142501 8.68356542655132 9.182132750293102 10.051253131402522 10.038201128928 9.976466951326083 10.059171597633137 10.059171597633137 10.059171597633137 10.059171597633137 10.059171597633137 10.059171597633137 10.059171597633137 10.059171597633137 10.059171597633137 10.059171597633137 10.059171597633137 10.059171597633137 10.059171597633137 10.059171597633137 10.059171597633137 10.059171597633137
9.264852897821248 7.795929847767077 7.75241546249914 6.67700522983654 5.013505339055692 7.5543133607667325 9.033429077281786 8.711677584177641 4.996320561259058 5.8786281180028 8.298189377167171 7.722337555088597 5.331665145252624 8.676400426928442 9.94337200914308 9.676077570918542 9.805553585342679 10.059171597633137 10.059171597633137 10.059171597633137 10.059171597633137 10.059171597633137 10.059171597633137 10.059171597633137 10.059171597633137 10.059171597633137 10.059171597633137 10.059171597633137 10.059171597633137 10.059171597633137 10.059171597633137 10.059171597633137
8.551005597710077 7.489799946800119 8.289052791512008 7.835149985059169 6.86773193381439 9.924842012389199 10.059171597633137 10.057076345863742 8.604706202389838 10.048118855066935 10.059171597633137 10.059171597633137 10.047448882922602 10.059171597633137 10.059171597633137 10.059171597633137 10.059171597633137 10.059171597633137 10.059171597633137 10.059171597633137 10.059171597633137 10.059171597633137 10.059171597633137 10.059171597633137 10.059171597633137 10.059171597633137 10.059171597633137 10.059171597633137 10.059171597633137 10.059171597633137 10.059171597633137 10.059171597633137
8.466902930177 7.856580234222255 9.042615363541941 8.477603234578831 9.06113113333324 10.057569474167238 10.059171597633137 10.059171597633137 9.9862471313997 10.059171597633137 10.059171597633137 10.059171597633137 10.035926397852387 10.059171597633137 10.059171597633137 10.059171597633137 10.059171597633137 10.059171597633137 10.059171597633137 10.059171597633137 10.059171597633137 10.059171597633137 10.059171597633137 10.059171597633137 10.059171597633137 10.059171597633137 10.059171597633137 10.059171597633137 10.059171597633137 10.059171597633137 10.059171597633137 10.059171597633137
8.087854530867592 7.225647788477624 8.268385815951142 7.2145677627191045 8.752760078700236 9.609568795874674 9.8302750166304 9.469121944550134 9.240955198019034 9.971077643561127 10.034612777076665 9.964717683989624 10.046912534965353 10.059171597633137 10.059171597633137 10.056734529884142 10.059171597633137 10.059171597633137 10.059171597633137 10.059171597633137 10.059171597633137 10.059171597633137 10.059171597633137 10.059171597633137 10.059171597633137 10.059171597633137 10.059171597633137 10.059171597633137 10.059171597633137 10.059171597633137 10.059171597633137 10.059171597633137
8.283627685564143 7.664765745125499 9.132927391506986 7.8048427358457415 9.400170267808782 9.974508274331892 10.039325158890847 9.807547014129032 9.721072245555419 10.056328934829592 10.056807985649366 9.946894055310654 10.059171597633137 10.059171597633137 10.059171597633137 10.059171597633137 10.059171597633137 10.059171597633137 10.059171597633137 10.059171597633137 10.059171597633137 10.059171597633137 10.059171597633137 10.059171597633137 10.059171597633137 10.059171597633137 10.059171597633137 10.059171597633137 10.059171597633137 10.059171597633137 10.059171597633137 10.059171597633137
7.677945510204525 7.217899563962364 8.391459504104018 7.2430856464507105 8.244362340445951 9.746894851121027 10.041961717479742 9.960659586515606 9.524277790112095 10.044946063881866 10.059171597633137 10.04275770242857 10.059171597633137 10.059171597633137 10.059171597633137 10.059171597633137 10.059171597633137 10.059171597633137 10.059171597633137 10.059171597633137 10.059171597633137 10.059171597633137 10.059171597633137 10.059171597633137 10.059171597633137 10.059171597633137 10.059171597633137 10.059171597633137 10.059171597633137 10.059171597633137 10.059171597633137 10.059171597633137
7.76409899152361 7.802802272633178 8.877272484525006 8.19957524319676 8.968439530376672 9.746103338244708 10.008441668747889 10.030214740707613 9.88190946981903 10.054541581608076 10.059171597633137 10.059171597633137 10.059171597633137 10.059171597633137 10.059171597633137 10.059171597633137 10.059171597633137 10.059171597633137 10.059171597633137 10.059171597633137 10.059171597633137 10.059171597633137 10.059171597633137 10.059171597633137 10.059171597633137 10.059171597633137 10.059171597633137 10.059171597633137 10.059171597633137 10.059171597633137 10.059171597633137 10.059171597633137
