10.0 10.0 10.0 10.0 10.0 10.0 10.0 10.0 10.0 10.0 10.0 10.0 10.0 10.0 10.0 10.0 9.998077104141082 10.0 10.0 10.0 9.993724685551094 9.977114432111245 9.897164856098232 9.929754438316944 9.839479861814175 9.688779654012814 9.265404810464071 8.77261565021401 8.885686921823819 8.553869131949474 9.236945270004442 9.382451428850649
10.0 10.0 10.0 10.0 10.0 10.0 10.0 10.0 10.0 10.0 10.0 10.0 10.0 10.0 10.0 10.0 10.0 10.0 10.0 10.0 10.0 10.0 9.990757029515294 9.976877520582244 9.8865746135003 9.832701958327277 9.494499194203843 8.585295554202 8.333183130330065 7.7160854248359465 8.618327701605653 9.110984412665333
10.0 10.0 10.0 10.0 10.0 10.0 10.0 10.0 10.0 10.0 10.0 10.0 10.0 10.0 10.0 10.0 10.0 10.0 10.0 10.0 9.998496476374564 9.97610706356327 9.956160251061863 9.852934941800875 9.678515392605183 9.685686280784976 9.160741710359178 7.478183869971013 6.892873287388146 6.29543800672054 7.396376274355642 8.248051444472392
10.0 10.0 10.0 10.0 10.0 10.0 10.0 10.0 10.0 10.0 10.0 10.0 10.0 10.0 10.0 10.0 10.0 10.0 10.0 10.0 9.985075408453184 9.960835530678699 9.93497508416117 9.571713414705746 9.203593028758425 9.53817625533543 8.747008963819242 6.602352845402757 6.652332839692842 6.826875246309543 8.156030775358037 8.744761117787233
10.0 10.0 10.0 10.0 10.0 10.0 10.0 10.0 10.0 10.0 10.0 10.0 10.0 10.0 10.0 10.0 10.0 9.934849256419577 9.99192791499187 9.991586887992062 9.777310500581361 9.398790676708021 9.696774915044271 8.444832288565804 8.59748357216245 9.239742922954056 8.219330943038086 6.412861060790709 6.804676262460124 7.457235921672476 8.54827131877611 8.679593663741949
10.0 10.0 10.0 10.0 10.0 10.0 10.0 10.0 10.0 10.0 10.0 10.0 10.0 10.0 10.0 9.99495834117262 10.0 9.99925884144676 10.0 9.70713654038202 9.461203264113934 9.538559429394343 7.550267681424676 6.448297601918558 7.261501220837541 8.284902613538389 6.59321978762759 6.10883594935057 6.957476148772756 8.098271795506415 9.053897097125056 8.932173398008626
10.0 10.0 10.0 10.0 10.0 10.0 10.0 10.0 10.0 10.0 10.0 10.0 10.0 10.0 10.0 9.995459241903381 9.727751252790467 9.821055590088204 9.894661898545385 8.368160194680865 6.9508849134441295 8.050545950826288 7.568196571453225 5.323149214292908 6.040282483809747 8.297837801408246 7.584953517183836 5.84687758215728 7.936632134339638 8.890653054959978 9.47232818609033 9.230107423818936
10.0 10.0 10.0 10.0 10.0 10.0 10.0 10.0 10.0 10.0 10.0 10.0 10.0 9.994393210962711 10.0 10.0 9.972286426803732 9.63998092204258 9.886250880202674 9.472230703626495 8.651078400430395 9.129363272646843 9.119810085763934 7.122494726094508 8.23975125319837 9.448987620858471 9.405695958345218 8.06456067840787 9.239082087459883 9.707493743085816 9.891579698809334 9.67589094843256
10.0 10.0 10.0 10.0 10.0 10.0 10.0 10.0 10.0 10.0 10.0 10.0 10.0 9.996053483264854 10.0 9.823304945348378 9.988548336635482 9.790132861851605 9.99808614611079 8.934440741169391 8.836661047871864 9.668567086430665 8.910162119967033 7.593533889002894 9.169709280728048 9.996470188706086 9.524633723461424 9.442152718142985 9.818590510520705 9.937007559372542 9.989184891685507 9.834627939629627
10.0 10.0 10.0 10.0 10.0 10.0 10.0 10.0 10.0 10.0 10.0 10.0 10.0 9.984345493516308 10.0 7.5347777684333535 9.140820837337163 9.428904700542084 8.182054833237697 6.549174894383809 6.728595334775106 8.061874984172599 6.732899409795797 6.416087495697324 8.451482732518773 9.57119526976872 8.864827215575822 9.538441553381228 9.902932894408748 9.970222442304403 9.995945026304632 9.905228526384837
10.0 10.0 10.0 10.0 10.0 10.0 10.0 10.0 10.0 9.999338903641158 10.0 10.0 9.976345776318592 9.773887750266466 9.918819975910115 8.661532542605938 5.86749737275083 7.972745640921464 8.28594316097188 5.866611945516079 5.422827222089837 7.953552786327998 8.291603264986271 7.270250311330618 8.972600793487477 9.903206890535403 9.76683082505751 9.634460816746653 9.957107131258564 9.996203057570884 10.0 9.93736833261519
10.0 10.0 10.0 10.0 10.0 10.0 10.0 10.0 10.0 10.0 10.0 10.0 9.999950087818654 9.853310276676275 9.977282668601504 8.839897786657932 8.61739955686357 9.228394348830083 9.827734954430742 8.089476287741611 8.465992761500674 9.653998405839017 9.892257058926814 9.47883324897973 9.89146630125396 9.999329368781762 9.980807072278408 9.85798638572225 9.99932408619724 10.0 10.0 9.989937519816047
10.0 10.0 10.0 10.0 10.0 10.0 10.0 10.0 10.0 10.0 10.0 10.0 10.0 9.911146998909194 9.999031775566014 7.027722676562001 8.17039932934069 9.413688583866362 8.9007393743966 7.383901804650719 8.76090787990237 9.967830490293682 9.623141021856163 9.71893959778378 9.99860295222688 10.0 9.997302110364364 9.980578945023874 10.0 10.0 10.0 10.0
10.0 10.0 10.0 10.0 10.0 10.0 10.0 10.0 10.0 9.987445067586144 9.997792149685798 9.979499166760382 9.691383610132236 9.33880551651606 9.269164227594457 6.639307840191059 5.597808546744428 7.800329644185776 7.944773240002269 6.49760433713119 7.801007637892618 9.688729146277508 9.704384266358646 9.861327317238914 10.0 10.0 9.997053888542816 9.99328465288314 10.0 10.0 10.0 10.0
10.0 10.0 10.0 10.0 9.973687551850851 9.997850853091895 9.96369099589894 10.0 9.995426812524109 9.756251357207653 9.84470548328191 9.93175824773361 9.315512329389804 8.596848250628609 9.295665003842693 7.41665828450701 5.567776610412791 8.201061423551385 9.179745180565577 7.993913013855983 8.859626421055783 9.750079948250239 9.923570452280067 9.911767021876152 9.988742554239623 10.0 10.0 9.982590578845238 10.0 10.0 10.0 10.0
10.0 10.0 10.0 10.0 9.99651922898125 10.0 9.985080730015873 10.0 10.0 9.908241863356887 9.971385229549705 9.96230368898752 9.725440476757882 9.39239019223362 9.978403605601635 7.70392923532604 8.26530583145847 9.747821688303368 9.997839250584287 9.625066706393358 9.976518287037884 10.0 10.0 10.0 10.0 10.0 10.0 10.0 10.0 10.0 10.0 10.0
9.98129913370583 9.937077080690383 9.980739588751593 9.977856197185966 9.815544821411581 9.997499937590275 9.980587204948854 9.816464800015117 9.333340774568201 9.644168963169092 9.382044490950078 7.11086263564763 7.507223888293906 8.373872793284027 8.093500595436225 6.276183262886333 7.460397278863989 9.544428636158052 9.38069153954901 9.149920785650062 9.88570481216569 9.974970716095228 9.916313921028424 9.997838380997184 10.0 10.0 10.0 10.0 10.0 10.0 10.0 10.0
9.998882042011356 9.994450016573644 9.992995046885344 9.97304417437956 9.659613287931142 9.962369581274574 9.805852346249193 9.999512368752697 9.663579876459105 8.519002071489286 9.508741788725679 8.265867411296917 5.4838678880052525 6.211320794832256 7.954913290856879 6.573948413858501 5.599813138224005 8.596633672574221 9.721491714681896 9.582778914934151 9.98738095520804 10.0 10.0 10.0 10.0 10.0 10.0 10.0 10.0 10.0 10.0 10.0
9.997374143428694 9.9861616580269 9.9927008491462 9.985826851569543 9.872929713183286 9.965450877493783 9.445697177208165 9.99196668923306 9.797882579221216 8.989966907485837 9.494536866328271 9.673204837697988 7.6193273744468195 8.480469411305235 9.750158217668517 9.053745823356396 8.89459079979858 9.670724512929512 9.968095032301887 9.937427554409334 9.984699501287542 9.998238297646427 10.0 10.0 10.0 10.0 10.0 10.0 10.0 10.0 10.0 10.0
9.985201030055036 9.948994341382416 9.980579439721508 9.989607428908787 9.885836276361399 9.993518370980038 9.820292099604728 9.998498782896768 9.491395837970446 9.51537683028604 9.990498782286082 9.473633451528228 8.277400765156084 9.735803405796155 10.0 9.259677880596064 9.953312453436885 10.0 10.0 10.0 10.0 10.0 10.0 10.0 10.0 10.0 10.0 10.0 10.0 10.0 10.0 10.0
9.964354762049384 9.823629150067594 9.734215517333261 9.574137309209762 8.855019885517688 9.644453065410465 9.644501895666538 8.983820783873764 6.7061345386391364 7.632934905666336 8.690267733693485 7.010020189041988 6.464897867960177 8.853205343410611 9.505325010735268 8.784735042288075 9.908351245342947 10.0 10.0 10.0 10.0 10.0 10.0 10.0 10.0 10.0 10.0 10.0 10.0 10.0 10.0 10.0
9.913958452275972 9.598994574032602 9.66318159033541 9.276378121450067 9.05776124835622 9.236343275982033 9.075983373623199 9.691198875765004 7.379231972318211 7.558227148391138 9.265053303366983 8.95633520313462 5.92950700450044 8.732123549462623 9.809823150377301 9.669188960111619 9.749366396667309 9.980513344038876 10.0 10.0 10.0 10.0 10.0 10.0 10.0 10.0 10.0 10.0 10.0 10.0 10.0 10.0
9.871755713831021 9.648237930279215 9.757409221419337 9.672853823982125 9.700757184782725 9.751832821381173 9.081496892151073 9.98350698619436 8.806458177752965 9.22012600561292 9.886302668640603 9.96738466816545 8.758980671092003 9.772852681534081 9.998990052162396 9.963854061398472 9.97368853405497 9.99604686281883 10.0 10.0 10.0 10.0 10.0 10.0 10.0 10.0 10.0 10.0 10.0 10.0 10.0 10.0
9.747112711989473 9.320743289656733 9.29844425347573 9.080445022173551 9.110811727421922 9.587973178644013 9.747773913785245 9.867281523892467 7.690861029171482 9.614241034340775 10.0 9.74424757383825 9.196152346610326 9.996391284968789 10.0 9.938155879378659 10.0 10.0 10.0 10.0 10.0 10.0 10.0 10.0 10.0 10.0 10.0 10.0 10.0 10.0 10.0 10.0
9.355119988172598 8.477178498000711 8.45638420227172 7.599579697637902 7.579289868113097 7.331431862842859 8.938316611803087 8.838235207697032 6.2612583042412915 7.554291623018845 9.355762357929935 9.173041675939444 7.785810713270801 9.916580200666406 9.998498982345446 9.961820154356099 10.0 10.0 10.0 10.0 10.0 10.0 10.0 10.0 10.0 10.0 10.0 10.0 10.0 10.0 10.0 10.0
8.662925162015966 7.863479281601183 8.403761108971118 7.983170176682756 8.744466945097823 8.129870323888195 8.41755125253213 9.437905434568256 8.307074184960054 8.708561915441445 9.496444153493496 9.844214919214258 9.127016758869212 9.817967323012036 9.990829621567302 9.988829557581608 9.998359648573183 10.0 10.0 10.0 10.0 10.0 10.0 10.0 10.0 10.0 10.0 10.0 10.0 10.0 10.0 10.0
8.681922828883042 8.0277306604903 8.790867263251792 8.618320361145082 9.580590198888512 9.622270698060216 9.791426246856352 10.0 9.602636869432649 9.984401021460066 10.0 10.0 9.992938653667665 10.0 10.0 10.0 10.0 10.0 10.0 10.0 10.0 10.0 10.0 10.0 10.0 10.0 10.0 10.0 10.0 10.0 10.0 10.0
8.981901018147862 8.328413371445912 8.833145987335781 8.590366276326515 9.05426647112144 9.776155745555535 9.9067239462604 9.812606810763471 9.269985087159258 9.970333409138725 9.99704481424849 9.903312825344273 9.98394236765981 10.0 10.0 10.0 10.0 10.0 10.0 10.0 10.0 10.0 10.0 10.0 10.0 10.0 10.0 10.0 10.0 10.0 10.0 10.0
8.072722921802903 7.451143844577091 7.558237507245699 7.151923388995946 7.385410294189102 8.118024746158719 9.382416894302233 9.40471832785478 8.288579863006026 9.570232620379945 9.980377003645266 9.897175463664606 9.925881495859562 10.0 10.0 9.975005524079439 10.0 10.0 10.0 10.0 10.0 10.0 10.0 10.0 10.0 10.0 10.0 10.0 10.0 10.0 10.0 10.0
8.710261706476429 8.085019536683387 8.682782772105856 8.346399289711837 8.715087042008784 9.299662919955534 9.780712595677477 9.806203901586834 9.29472535608078 9.90897354556154 9.995271052256378 9.925522882130018 9.985911167702978 10.0 10.0 9.99639737872804 10.0 10.0 10.0 10.0 10.0 10.0 10.0 10.0 10.0 10.0 10.0 10.0 10.0 10.0 10.0 10.0
7.855484958770867 7.14605703006722 7.835549454582073 7.6463924459110375 7.841959569353744 8.363852548724964 9.131352743206783 9.238201151840997 9.093459851725342 9.68155684670647 9.777048793331424 9.539125073956257 9.861856747528034 9.994283814188416 9.989188922143766 9.991675797225271 10.0 10.0 10.0 10.0 10.0 10.0 10.0 10.0 10.0 10.0 10.0 10.0 10.0 10.0 10.0 10.0
8.227717756136157 7.684095428662624 8.581472513680211 8.38747225571317 8.769706990986567 9.184787473774717 9.496179798477835 9.669795910615058 9.731333507902635 9.94464259097257 9.978256321796273 9.986584235320091 10.0 10.0 10.0 10.0 10.0 10.0 10.0 10.0 10.0 10.0 10.0 10.0 10.0 10.0 10.0 10.0 10.0 10.0 10.0 10.0
