10.0 10.0 10.0 10.0 10.0 10.0 10.0 10.0 10.0 10.0 10.0 10.0 10.0 10.0 10.0 10.0 10.0 10.0 10.0 10.0 10.0 9.930134875796108 9.756956844693542 9.891556745490677 9.840870282175517 8.962987195569486 9.106959368643146 9.42390100855802 9.590179524771333 9.501316302400513 9.851234118642171 9.842019835813886
10.0 10.0 10.0 10.0 10.0 10.0 10.0 10.0 10.0 10.0 10.0 10.0 10.0 10.0 10.0 10.0 10.0 10.0 10.0 10.0 10.0 9.981469666483854 9.913579344619958 9.986563700872926 9.909027722974164 8.836097847049098 9.266904225649458 9.553852607492507 9.556494018731376 9.414709432900418 9.772527662719988 9.76292255302491
10.0 10.0 10.0 10.0 10.0 10.0 10.0 10.0 10.0 10.0 10.0 10.0 10.0 10.0 10.0 10.0 10.0 10.0 10.0 10.0 9.990101899288929 9.88719647749007 9.874888486771324 9.960304218977175 9.799362567603843 8.098100571521972 9.104812715039483 9.503597278082117 9.480269264777885 9.298640496008806 9.605678151172622 9.519132595346582
10.0 10.0 10.0 10.0 10.0 10.0 10.0 10.0 10.0 10.0 10.0 10.0 10.0 10.0 10.0 10.0 10.0 9.986470028371603 10.0 10.0 10.0 9.609458908501598 9.361436382671913 9.746605583558544 9.555691185978887 7.432803598321428 8.59401104586439 9.45508037040502 9.725128489885465 9.599109820899928 9.776076583949989 9.574720549583251
10.0 10.0 10.0 10.0 10.0 10.0 10.0 10.0 10.0 10.0 10.0 10.0 10.0 9.996956689797203 9.970780863100416 9.998754940299479 10.0 9.335147170595496 9.083737195242104 9.721861966289348 9.178354436903241 5.695317905879643 7.132389053976258 8.762371486599069 8.170098185690083 6.166992971166726 8.223122918974164 9.615461574174411 9.8004365071142 9.846631719153956 9.909756646406201 9.705184521174113
10.0 10.0 10.0 10.0 10.0 10.0 10.0 10.0 10.0 10.0 10.0 10.0 10.0 10.0 10.0 9.894732618973515 10.0 9.923482477223272 9.240982951154125 9.281768764963596 9.247893369688315 6.744349326658306 5.106413066262204 7.601051361686083 7.894525680525481 5.9068735593249855 6.425831117464257 9.379088452498229 9.829703469331431 9.842570642133214 9.849628820569938 9.645371354984896
10.0 10.0 10.0 10.0 10.0 10.0 10.0 10.0 10.0 10.0 10.0 10.0 10.0 10.0 10.0 9.877779337025531 10.0 10.0 9.715726966011403 9.959513450015239 9.999275762250319 8.829662894699416 6.579707232187784 9.863289161072213 9.973889551491943 8.78888530170471 9.351835422709541 10.0 10.0 10.0 9.984247758866362 9.880730979585037
10.0 10.0 10.0 10.0 10.0 10.0 10.0 10.0 10.0 10.0 10.0 10.0 10.0 10.0 9.996290149289585 9.898667424949013 10.0 9.959185358676823 8.623109223373135 9.673167545703125 9.931595790875438 7.699371034918324 7.643191147752034 9.94346599220261 9.996502605195534 9.421951284239952 9.963409073131388 10.0 10.0 10.0 10.0 9.985260631214103
10.0 10.0 10.0 10.0 10.0 10.0 10.0 10.0 10.0 10.0 10.0 10.0 10.0 10.0 9.308077999178487 8.778231833166227 9.84260769247012 8.161057078060072 5.763896335538592 7.276428512960467 8.178562970309354 5.639247059057225 5.927468991486243 8.987470010856693 9.658616735266808 9.07754150346503 9.872997797488111 10.0 10.0 10.0 10.0 9.973267987182979
10.0 10.0 10.0 10.0 10.0 10.0 10.0 10.0 10.0 10.0 10.0 10.0 10.0 10.0 9.46705212833109 5.560974129972434 9.39716669673519 8.547552736211516 5.663773522358142 6.13031355483927 8.3074430071294 7.342857144948351 5.195876575769145 8.81853603644954 9.928488868546228 9.650061997830157 9.621359658055859 10.0 10.0 10.0 10.0 9.979129396048544
10.0 10.0 10.0 10.0 10.0 10.0 10.0 10.0 10.0 10.0 10.0 10.0 10.0 10.0 9.184756058762545 8.13670487163351 10.0 9.828866238051765 7.618683460838024 9.356339767372196 10.0 9.3800558305478 8.750268373465051 10.0 10.0 10.0 10.0 10.0 10.0 10.0 10.0 10.0
10.0 10.0 10.0 10.0 10.0 10.0 10.0 10.0 10.0 10.0 9.996514805519292 9.938084081424241 10.0 9.962592123700615 6.507172898359844 7.691893494583972 9.587244733016059 8.292994302274701 6.436920619634139 8.909150580695728 9.964566946857127 8.722600677066922 9.668058840926491 10.0 10.0 10.0 10.0 10.0 10.0 10.0 10.0 10.0
10.0 10.0 10.0 10.0 10.0 10.0 10.0 10.0 10.0 10.0 9.841305305099826 8.885737141780417 9.665440694415237 8.984340867457576 5.506663699076004 5.011408352073475 7.530324497703641 6.938017038330534 5.098083521423747 7.295976854444438 9.555780979508334 8.945501454908777 9.383304852931525 10.0 10.0 10.0 10.0 10.0 10.0 10.0 10.0 10.0
10.0 10.0 10.0 10.0 10.0 10.0 10.0 10.0 10.0 10.0 9.956705765950845 9.275287752864754 9.988579609924209 9.97815577078633 7.634661815618447 5.47064553790127 9.589758411821991 9.594242352033282 7.757292957167074 9.232541372064139 10.0 10.0 9.971337178792805 10.0 10.0 10.0 10.0 10.0 10.0 10.0 10.0 10.0
10.0 10.0 10.0 10.0 10.0 10.0 10.0 9.997338698760618 10.0 10.0 9.71579982754251 8.628386960963844 9.997044820846194 9.992168928146455 7.567157950458795 7.772660105608863 10.0 9.999607960582765 9.557386117039623 10.0 10.0 10.0 10.0 10.0 10.0 10.0 10.0 10.0 10.0 10.0 10.0 10.0
10.0 9.999413562579678 9.989857146401977 9.999479640015574 10.0 10.0 9.724984224228834 9.413015454301084 9.903413830073074 9.893076290579895 7.2426021045202855 5.753821564376238 8.594525773162596 8.420383908178632 5.1047738804285725 6.738364424755941 9.567997679766785 9.564150519358705 9.120202836938738 9.998386646437194 10.0 10.0 10.0 10.0 10.0 10.0 10.0 10.0 10.0 10.0 10.0 10.0
9.992335657124668 9.24661028104325 8.997034206588175 9.018487001822312 9.53846911231826 9.994057350527314 9.995706291450505 8.835822502850137 6.6132094726087844 8.796678184465055 7.639474764643627 4.929476417307106 5.391179833624737 7.536564781570671 6.309135232384085 4.641631409773602 7.647788252264617 9.630034544397235 9.356788138059246 9.883741331688224 10.0 10.0 10.0 10.0 10.0 10.0 10.0 10.0 10.0 10.0 10.0 10.0
9.994026859181883 9.900074010442607 9.977577004588696 9.980278579130731 9.997181282811734 10.0 10.0 9.609931698054202 9.976246337531535 10.0 9.535791142897727 7.25999323452873 9.946986982444045 9.998307795327072 9.384345087147302 8.060063131561432 10.0 10.0 10.0 10.0 10.0 10.0 10.0 10.0 10.0 10.0 10.0 10.0 10.0 10.0 10.0 10.0
10.0 9.961118631231681 9.796149275314518 9.981112196032546 10.0 10.0 9.8699218238771 8.720327662500551 9.725066480740367 10.0 9.084542075612374 6.9329531099144965 9.969306836771407 9.997964221696112 9.582382727668037 9.730290123161815 10.0 10.0 10.0 10.0 10.0 10.0 10.0 10.0 10.0 10.0 10.0 10.0 10.0 10.0 10.0 10.0
9.888719950181908 9.155296483863761 8.41155672405118 9.046213477646445 9.791732039420626 9.695396893200222 8.022498461996715 5.262956415087357 6.510770893481134 8.320654186986696 6.721612873826432 5.320859754140329 8.662505453251242 9.734915895299556 9.307271107080942 9.6409969354571 10.0 10.0 10.0 10.0 10.0 10.0 10.0 10.0 10.0 10.0 10.0 10.0 10.0 10.0 10.0 10.0
9.519121931443474 8.14711593864549 8.52187956865308 9.15694824031019 9.924853725441016 9.995350032509918 9.725990112359465 7.955052367263904 8.199865057814666 9.951799804211634 9.29400390248293 7.023098713473705 9.801101809952742 10.0 9.994692684321198 9.321446737669229 10.0 10.0 10.0 10.0 10.0 10.0 10.0 10.0 10.0 10.0 10.0 10.0 10.0 10.0 10.0 10.0
9.830335086096627 9.323850371557462 9.485911369659135 9.787139797348535 9.986282126439153 10.0 9.939229514320111 9.059183679821386 9.854931055191106 10.0 9.972693218384418 9.551029644636198 10.0 10.0 10.0 10.0 10.0 10.0 10.0 10.0 10.0 10.0 10.0 10.0 10.0 10.0 10.0 10.0 10.0 10.0 10.0 10.0
9.788885712932897 9.192609109070025 8.949775024753114 9.31805946546803 9.980392150461304 9.969668162053553 9.322349051803242 7.939926389014676 9.418031493452249 10.0 9.840701058726978 9.432887900971629 10.0 10.0 10.0 10.0 10.0 10.0 10.0 10.0 10.0 10.0 10.0 10.0 10.0 10.0 10.0 10.0 10.0 10.0 10.0 10.0
8.970256081323878 7.4258817159701 7.547509946296771 7.120423682477832 9.052241077268196 9.045093793502835 8.354374334313473 6.902382695579171 7.0908270858580424 9.702260006378049 9.522366196052825 9.182281145771354 9.932471479994938 10.0 10.0 10.0 10.0 10.0 10.0 10.0 10.0 10.0 10.0 10.0 10.0 10.0 10.0 10.0 10.0 10.0 10.0 10.0
9.124991339510895 7.952369159738064 9.234712512371553 8.327504798152212 9.903570651108781 9.973855527320605 9.893465441719226 9.154083703963371 9.869050165225978 10.0 9.984917026525586 9.949277041180343 10.0 10.0 10.0 10.0 10.0 10.0 10.0 10.0 10.0 10.0 10.0 10.0 10.0 10.0 10.0 10.0 10.0 10.0 10.0 10.0
9.6284276807629 9.303396699670198 9.720316110307158 9.121618231264764 10.0 10.0 9.95357875057414 9.935649407686476 10.0 10.0 10.0 10.0 10.0 10.0 10.0 10.0 10.0 10.0 10.0 10.0 10.0 10.0 10.0 10.0 10.0 10.0 10.0 10.0 10.0 10.0 10.0 10.0
9.420177769160565 8.989813617720628 9.369878339560747 8.55096221738728 9.971609561169199 9.947006779114174 9.642004130720338 9.938807792154094 10.0 10.0 10.0 10.0 10.0 10.0 10.0 10.0 10.0 10.0 10.0 10.0 10.0 10.0 10.0 10.0 10.0 10.0 10.0 10.0 10.0 10.0 10.0 10.0
8.70511840629345 7.615195377983609 8.185857240099358 7.914978268161022 9.367536067935543 8.54179432865376 7.734929738510231 7.745938020520698 9.2424365513075 9.821584707517582 9.700790042666013 9.800872783326058 10.0 10.0 10.0 10.0 10.0 10.0 10.0 10.0 10.0 10.0 10.0 10.0 10.0 10.0 10.0 10.0 10.0 10.0 10.0 10.0
6.404397601217495 5.828806413801547 6.918300214224189 6.648576195950949 7.917045706954324 7.608816301708967 8.374319355315038 7.715065263118934 8.446476580200207 9.576342289636772 9.845941216986898 9.58396649540215 9.992057293170632 10.0 10.0 10.0 10.0 10.0 10.0 10.0 10.0 10.0 10.0 10.0 10.0 10.0 10.0 10.0 10.0 10.0 10.0 10.0
7.186821566062569 6.693093763995984 7.931008260777432 7.8247274025394775 9.49412719512008 9.2888325266724 9.538608372781047 9.441348101793235 9.773723650159486 9.969566177425923 9.985735201307698 9.996836373171696 10.0 10.0 10.0 10.0 10.0 10.0 10.0 10.0 10.0 10.0 10.0 10.0 10.0 10.0 10.0 10.0 10.0 10.0 10.0 10.0
6.690765469177697 6.26523989961127 7.41429538483743 7.6087871428413605 8.438211492373561 8.276842441801072 9.120109036582896 9.195502679632762 9.449559823220127 9.905318714346786 9.975731096031408 9.94521107971784 9.997284635261147 10.0 10.0 10.0 10.0 10.0 10.0 10.0 10.0 10.0 10.0 10.0 10.0 10.0 10.0 10.0 10.0 10.0 10.0 10.0
7.554674550581494 7.52507654407725 8.574670588356694 8.31647708368182 9.08614910935696 9.039396809542957 9.660642529242509 9.838234683442568 9.900316166874672 9.985603449574505 9.999182967529348 10.0 10.0 10.0 10.0 10.0 10.0 10.0 10.0 10.0 10.0 10.0 10.0 10.0 10.0 10.0 10.0 10.0 10.0 10.0 10.0 10.0
