10.0 10.0 10.0 10.0 10.0 10.0 10.0 10.0 10.0 10.0 10.0 10.0 10.0 10.0 10.0 10.0 10.0 10.0 10.0 10.0 10.0 9.680423125658567 9.892196527434706 9.988664340099719 9.673728687351133 8.786962022720443 9.64714314624346 9.583634639040529 8.95451332044323 8.319413425478 9.254415614695917 9.34252221814695
10.0 10.0 10.0 10.0 10.0 10.0 10.0 10.0 10.0 10.0 10.0 10.0 10.0 10.0 10.0 10.0 10.0 10.0 10.0 10.0 10.0 9.9705597193293 9.987854081850529 9.985758610054077 9.814403899417455 9.41097492240504 9.801458388989866 9.658977110341164 8.892911054476771 7.732106000386466 9.034035025921618 9.328932871016566
10.0 10.0 10.0 10.0 10.0 10.0 10.0 10.0 10.0 10.0 10.0 10.0 10.0 10.0 10.0 10.0 10.0 10.0 10.0 10.0 10.0 9.893318189596654 9.95066544049312 9.938669218597392 9.367702811760324 8.784402754533222 9.356286380301787 9.066780637091219 7.599279568172855 6.523547245564579 8.020467320787919 8.630572658499682
10.0 10.0 10.0 10.0 10.0 10.0 10.0 10.0 10.0 10.0 10.0 10.0 10.0 10.0 10.0 10.0 10.0 10.0 10.0 10.0 10.0 9.94940846451147 9.99528242069805 9.999647769767034 9.675715652426394 9.262143415981528 9.943631873059372 9.541598195122102 7.53462544025423 7.21211036397034 8.973953736117394 9.276200856129448
10.0 10.0 10.0 10.0 10.0 10.0 10.0 10.0 10.0 10.0 10.0 10.0 10.0 10.0 10.0 10.0 10.0 10.0 10.0 10.0 10.0 9.979850964766678 10.0 10.0 8.194999750593388 8.673746593359633 9.949591413794021 8.902058360525135 7.013761149933383 7.441303156665733 9.114794050271863 9.410772853778235
10.0 10.0 10.0 10.0 10.0 10.0 10.0 10.0 10.0 10.0 10.0 10.0 10.0 10.0 10.0 10.0 10.0 10.0 10.0 10.0 9.646575560155044 8.603994086871888 9.362793279798677 7.60076381737378 4.982385658565591 5.928493654212796 7.632868006745125 5.172640181452959 5.493081610298274 6.873186877690228 8.372517657710596 8.95482028242575
10.0 10.0 10.0 10.0 10.0 10.0 10.0 10.0 10.0 10.0 10.0 10.0 10.0 10.0 10.0 10.0 10.0 9.550998297437522 9.832760730987427 9.865139855195562 8.047975862619358 5.217197285167665 7.188935200153157 7.566786404640127 5.065838035026312 5.123706328480307 8.291565778079189 8.435852072622318 8.194286392586976 8.303157639979942 9.177666331285732 9.232190187063818
10.0 10.0 10.0 10.0 10.0 10.0 10.0 10.0 10.0 10.0 10.0 10.0 10.0 10.0 10.0 10.0 10.0 9.85259665972969 10.0 10.0 9.225121886902391 8.081188684824793 9.97043164454234 9.790591174020681 7.390485291334252 8.843931170324057 10.0 9.906217265578547 9.731050177784802 9.538893516128569 9.901014241266978 9.870696750417633
10.0 10.0 10.0 10.0 10.0 10.0 10.0 10.0 10.0 10.0 10.0 10.0 10.0 10.0 10.0 10.0 10.0 9.888284638259574 10.0 10.0 8.14482793678047 8.114674008241284 9.895097054914398 8.807446761471226 6.758522414081764 9.106711514692078 10.0 8.582519140218205 9.6906454126699 9.835258599402183 9.966637719204131 9.895775658049033
10.0 10.0 10.0 10.0 10.0 10.0 10.0 10.0 10.0 10.0 10.0 10.0 10.0 10.0 10.0 10.0 9.216746717235372 7.96967602229279 9.200463657555368 7.761025386382388 4.958561677543297 5.3844650532216125 7.285229610400516 5.464693241785957 5.03939715442253 7.8096481986153234 9.314356232844318 5.647096382178796 9.804348642306671 9.97850499941005 9.976779051621751 9.896805662859013
10.0 10.0 10.0 10.0 10.0 10.0 10.0 10.0 10.0 10.0 10.0 10.0 10.0 9.763492392217229 9.881420739279049 9.984543027076066 8.821871388758382 5.169038741757955 7.843647996736581 8.040458930616545 5.369037436892485 5.138911838290108 8.348092853171789 8.569455802674385 7.588446514973109 9.353892224371988 10.0 9.971763058529607 10.0 9.995139735332215 10.0 9.980576124868454
10.0 10.0 10.0 10.0 10.0 10.0 10.0 10.0 10.0 10.0 10.0 10.0 10.0 9.869803030977932 10.0 10.0 9.576455759766286 7.2784357353156395 9.981340282324664 9.862123991109637 7.387225593155989 8.500554491864849 10.0 10.0 9.782750126413806 10.0 10.0 9.995247478463542 10.0 10.0 10.0 10.0
10.0 10.0 10.0 10.0 10.0 10.0 10.0 10.0 10.0 10.0 10.0 10.0 10.0 9.844125235464231 10.0 10.0 7.712563129976206 7.641039547903909 9.79633963086661 8.75567604271531 6.431916719011821 8.542231321197908 10.0 9.754359218062977 9.677995636115929 10.0 10.0 9.91316481203892 10.0 10.0 10.0 10.0
10.0 10.0 10.0 10.0 10.0 10.0 10.0 10.0 10.0 10.0 10.0 10.0 9.99639844059617 8.0190530265359 9.27333678647214 8.511056431481308 5.065764392870278 5.144731929194359 7.368122856398238 6.656770799084714 5.12489640362516 7.560810470223212 9.75321626614982 9.653684469993022 9.958330319432175 10.0 10.0 10.0 10.0 10.0 10.0 10.0
10.0 10.0 10.0 10.0 10.0 10.0 10.0 10.0 10.0 9.47597545631573 9.8067659730412 9.952950167185213 9.26851442801087 5.205071609017992 7.964323831780579 8.492325138437446 5.961497509675132 5.051151755095636 8.688830115881792 9.022310213025131 7.793090262920945 9.624883348668206 10.0 10.0 10.0 10.0 10.0 10.0 10.0 10.0 10.0 10.0
10.0 10.0 10.0 10.0 10.0 10.0 10.0 10.0 10.0 9.89469852258042 10.0 10.0 9.967000094695408 7.965256988653189 9.994061621841288 9.995386172387065 7.710463206724179 8.523534126085364 10.0 10.0 9.785120024985638 10.0 10.0 10.0 10.0 10.0 10.0 10.0 10.0 10.0 10.0 10.0
10.0 9.982214567181373 10.0 10.0 10.0 10.0 10.0 10.0 10.0 9.735779316233524 10.0 10.0 9.574006698590697 8.072941664339668 9.974121405740572 9.504141534338016 5.570324085261106 8.625219286958185 9.942844344188297 9.135336529787036 8.643639026656501 9.912923217861778 9.998533733384578 9.878379442503837 9.997289145315651 10.0 10.0 9.853642718510446 10.0 10.0 10.0 10.0
10.0 9.9279602644006 10.0 9.971211048156286 9.65756980173671 10.0 10.0 10.0 9.560446005760246 7.45006593852101 9.298195121698397 8.397464708269247 5.034663874591817 5.242657177139291 7.417249011949679 6.371499006258359 4.963185936332711 7.67217892530938 9.743357116957803 9.668064145929078 9.990659441518936 10.0 10.0 10.0 10.0 10.0 10.0 10.0 10.0 10.0 10.0 10.0
9.982565947172555 9.98307960606297 10.0 9.98163009398468 9.917259151737278 10.0 9.507319918257318 10.0 9.901745950886674 6.103154395451095 9.20158145397547 9.784047981544703 7.735853253864048 5.485464754725847 9.522794540693456 9.779656318668987 8.432097471952844 9.627762950106295 10.0 10.0 10.0 10.0 10.0 10.0 10.0 10.0 10.0 10.0 10.0 10.0 10.0 10.0
9.988889074574177 9.978013004075535 10.0 9.99508618945084 9.914128742217683 10.0 10.0 10.0 10.0 8.56412447094708 10.0 10.0 9.416639902013937 9.123627845428164 10.0 9.986321127688528 9.780238239559061 10.0 10.0 10.0 10.0 10.0 10.0 10.0 10.0 10.0 10.0 10.0 10.0 10.0 10.0 10.0
9.991633717836455 9.881942517355196 9.948565110950367 9.882071465010325 8.996735584686224 10.0 10.0 10.0 9.898773576846127 8.357972639431535 10.0 10.0 7.738494809916022 9.240245163630885 10.0 9.752589802999731 9.1364534562608 10.0 10.0 10.0 10.0 10.0 10.0 10.0 10.0 10.0 10.0 10.0 10.0 10.0 10.0 10.0
9.92945667504957 9.714172875168163 9.557817635249425 9.261408288560231 6.532007955738538 9.378123722977621 9.406943596011363 9.473911961357587 6.236418429978702 5.392303954259769 8.203181323124625 8.00158428204878 5.144187167242229 7.31541839706206 9.635081897663953 9.515216893633472 9.69526407907532 9.995441618169801 10.0 10.0 10.0 10.0 10.0 10.0 10.0 10.0 10.0 10.0 10.0 10.0 10.0 10.0
9.869130209500542 9.853620370950187 9.858456120222781 9.49935169130311 8.526184663330515 9.829115572473741 9.117264840926966 10.0 9.783300620147234 6.663518471594064 9.932517219436566 10.0 9.366357750322754 9.454188896687146 10.0 9.999127381217294 10.0 10.0 10.0 10.0 10.0 10.0 10.0 10.0 10.0 10.0 10.0 10.0 10.0 10.0 10.0 10.0
9.750025809333337 9.55911099421387 9.773044869972042 9.651112708788343 8.67467353379241 10.0 10.0 10.0 9.989546983919395 9.65614215349564 10.0 10.0 9.89505041235743 10.0 10.0 10.0 10.0 10.0 10.0 10.0 10.0 10.0 10.0 10.0 10.0 10.0 10.0 10.0 10.0 10.0 10.0 10.0
9.236013416379352 8.41840539482768 8.974259691801226 9.133481254486167 6.322345317383796 9.946761404026308 9.999480185667082 10.0 9.17741886777098 9.60443038659102 10.0 10.0 9.184925768716532 10.0 10.0 9.968574298057153 10.0 10.0 10.0 10.0 10.0 10.0 10.0 10.0 10.0 10.0 10.0 10.0 10.0 10.0 10.0 10.0
8.637544989850898 7.508368850168598 8.44033715928724 7.48694651734064 5.200337950864848 5.483376125098559 6.627166498743834 8.011233840872453 6.120427371342388 5.2058823035558355 8.531797458328837 9.4034288733592 8.287501579333238 9.760642646562872 10.0 9.972003867904817 10.0 10.0 10.0 10.0 10.0 10.0 10.0 10.0 10.0 10.0 10.0 10.0 10.0 10.0 10.0 10.0
8.692171890327192 7.909657016364397 9.10715464688292 9.163538225248956 8.410785599547303 9.90383743813244 10.0 10.0 10.0 9.995022981728374 10.0 10.0 10.0 10.0 10.0 10.0 10.0 10.0 10.0 10.0 10.0 10.0 10.0 10.0 10.0 10.0 10.0 10.0 10.0 10.0 10.0 10.0
8.883148814368777 8.433049725253083 9.5050652984252 9.227341758288253 9.510164163032984 9.393406081793216 9.616680615458797 9.968888066045777 9.946116429757456 9.720038246436559 9.978125108981732 10.0 9.955706263658836 9.99568668036484 10.0 10.0 10.0 10.0 10.0 10.0 10.0 10.0 10.0 10.0 10.0 10.0 10.0 10.0 10.0 10.0 10.0 10.0
7.83857591121262 7.289962160391903 8.959744833511019 8.535214323454138 7.834691127841415 7.787440081887511 9.120818827087996 9.86886999954429 9.553449408679773 9.59502177577786 9.950154934375467 9.98443064782568 9.898718516035153 9.989882759389118 10.0 10.0 10.0 10.0 10.0 10.0 10.0 10.0 10.0 10.0 10.0 10.0 10.0 10.0 10.0 10.0 10.0 10.0
8.754883454257982 7.998778983063583 9.773216751642604 9.745463429236151 9.032497307955326 8.686158717165661 9.650416552406954 9.994311279987336 9.950504221833443 9.981924391575388 10.0 10.0 10.0 10.0 10.0 10.0 10.0 10.0 10.0 10.0 10.0 10.0 10.0 10.0 10.0 10.0 10.0 10.0 10.0 10.0 10.0 10.0
7.7620966179485675 7.282773400264399 8.969840530963824 9.061981979027463 7.813540840560813 8.528989454593376 9.658722447961136 9.961657295925805 9.830334618006201 9.940211910734673 10.0 10.0 9.99234223524784 10.0 10.0 10.0 10.0 10.0 10.0 10.0 10.0 10.0 10.0 10.0 10.0 10.0 10.0 10.0 10.0 10.0 10.0 10.0
8.209280865751053 7.93578814990041 9.457635844229124 9.786792719640717 8.934829737947632 9.360470003058513 9.743881098495674 9.975109034007456 9.964605242853962 9.904811851642028 10.0 10.0 10.0 10.0 10.0 10.0 10.0 10.0 10.0 10.0 10.0 10.0 10.0 10.0 10.0 10.0 10.0 10.0 10.0 10.0 10.0 10.0
