10.014025245441795 10.014025245441795 10.014025245441795 10.014025245441795 10.014025245441795 10.014025245441795 10.014025245441795 10.014025245441795 10.014025245441795 10.014025245441795 10.014025245441795 10.014025245441795 10.014025245441795 10.014025245441795 10.014025245441795 10.014025245441795 10.014025245441795 10.014025245441795 10.014025245441795 10.014025245441795 9.982939210650517 9.854763816983342 9.942883870491455 9.917052970169795 9.552396552812661 9.193153239680303 9.618724640158543 9.278597767985485 8.903239213229284 8.532827132930267 9.27493278744173 9.382112722815961
10.014025245441795 10.014025245441795 10.014025245441795 10.014025245441795 10.014025245441795 10.014025245441795 10.014025245441795 10.014025245441795 10.014025245441795 10.014025245441795 10.014025245441795 10.014025245441795 10.014025245441795 10.014025245441795 10.014025245441795 10.014025245441795 10.014025245441795 10.014025245441795 10.014025245441795 10.014025245441795 10.013362452552618 9.975888970341416 9.998240784696641 9.950054691384056 9.378430924598117 9.184753989614702 9.53426860563067 8.986011567189752 8.090593977368346 7.603093095992644 8.742069191586722 9.205139566388171
10.014025245441795 10.014025245441795 10.014025245441795 10.014025245441795 10.014025245441795 10.014025245441795 10.014025245441795 10.014025245441795 10.014025245441795 10.014025245441795 10.014025245441795 10.014025245441795 10.014025245441795 10.014025245441795 10.014025245441795 10.014025245441795 10.014025245441795 10.014025245441795 10.014025245441795 10.014025245441795 10.00302189358863 9.934295790778219 9.985438869647213 9.783374305439951 8.222373396392426 8.26638847976926 8.961927017853977 7.686357922596132 6.279266794857993 6.2641137752867495 7.615498268213931 8.4940916705248
10.014025245441795 10.014025245441795 10.014025245441795 10.014025245441795 10.014025245441795 10.014025245441795 10.014025245441795 10.014025245441795 10.014025245441795 10.014025245441795 10.014025245441795 10.014025245441795 10.014025245441795 10.014025245441795 10.014025245441795 10.014025245441795 10.0111212995956 10.01217458042511 10.012023830144058 9.993568541082084 9.622302331919597 8.886465075769387 9.506332743689368 8.040090057956617 5.6263588239142015 6.461372544187866 7.938739428630507 6.076223047144536 6.086894321655651 7.033376615850778 8.289587878168655 8.778073019590302
10.014025245441795 10.014025245441795 10.014025245441795 10.014025245441795 10.014025245441795 10.014025245441795 10.014025245441795 10.014025245441795 10.014025245441795 10.014025245441795 10.014025245441795 10.014025245441795 10.014025245441795 10.008821634085502 10.005909139248157 10.014025245441795 10.010254617869974 8.320715173244638 9.379878887725454 9.65241120324774 7.731674096774519 4.965440953963464 7.1452194202142385 7.689432888901907 5.248612263875362 5.163463897240104 8.368099528574257 8.464030852111614 7.889679824038387 8.337430649204766 9.053617980139073 8.846306392070323
10.014025245441795 10.014025245441795 10.014025245441795 10.014025245441795 10.014025245441795 10.014025245441795 10.014025245441795 10.014025245441795 10.014025245441795 10.014025245441795 10.014025245441795 10.014025245441795 10.014025245441795 10.002720572634567 10.011690923784203 10.014025245441795 10.006242969860415 8.868218618697151 9.973090122241262 10.00246011737901 9.32839680849981 8.07443873859502 9.970429673867159 9.889451009605832 7.935464686576635 9.419998665568976 10.013750936696304 9.777463468148836 9.523030639631301 9.561806468411264 9.775871790257831 9.631329262696594
10.014025245441795 10.014025245441795 10.014025245441795 10.014025245441795 10.014025245441795 10.014025245441795 10.014025245441795 10.014025245441795 10.014025245441795 10.014025245441795 10.014025245441795 10.014025245441795 10.014025245441795 10.014025245441795 10.014025245441795 10.014025245441795 10.012306475003578 9.82597644870141 10.014025245441795 10.013158819020362 8.442385846646177 8.582961285133651 9.988606042123404 9.217540381057935 7.449296137424852 9.624332818220065 10.014025245441795 8.897168330981094 9.421180762238789 9.633756811716836 9.792542791202445 9.622036615797084
10.014025245441795 10.014025245441795 10.014025245441795 10.014025245441795 10.014025245441795 10.014025245441795 10.014025245441795 10.014025245441795 10.014025245441795 10.014025245441795 10.014025245441795 10.014025245441795 10.014025245441795 10.014025245441795 10.014025245441795 10.014025245441795 9.903411982077671 7.973428541352872 9.541245489574 8.466363255059202 5.4378164487162435 5.962911309554671 7.872184763588974 6.711698411052212 5.499691367353755 8.207955675575962 9.79957271994966 7.969268653394894 9.39277697997991 9.686685180587945 9.90455720294458 9.812719225867264
10.014025245441795 10.014025245441795 10.014025245441795 10.014025245441795 10.014025245441795 10.014025245441795 10.014025245441795 10.014025245441795 10.014025245441795 10.014025245441795 10.014025245441795 10.014025245441795 10.014025245441795 9.587928276882241 10.000732771624765 9.997410923350593 8.770749337332344 5.405131339414513 8.26648626636892 8.015158993927 5.235135733941479 5.690333231434513 8.491841533582676 8.34786964292718 7.485572666652816 9.622750369722183 10.013853322167288 9.77734696182081 9.900721648745897 9.944391780294087 9.999917025766646 9.950355410235266
10.014025245441795 10.014025245441795 10.014025245441795 10.014025245441795 10.014025245441795 10.014025245441795 10.014025245441795 10.014025245441795 10.014025245441795 10.014025245441795 10.013558807202994 10.014025245441795 10.012960502794563 8.76750682704838 9.979366493165905 10.009876432031682 9.181420475224163 6.540766139764902 9.894908920930202 9.725253334659373 7.26574744371191 8.500313603634291 10.014025245441795 10.003226378661019 9.746191439911387 10.014025245441795 10.014025245441795 9.95577337894951 9.99576319958333 9.99851226279659 10.008811378043973 9.970744855493395
10.014025245441795 10.014025245441795 10.014025245441795 10.014025245441795 10.014025245441795 10.014025245441795 10.014025245441795 10.014025245441795 10.014025245441795 10.014025245441795 10.014025245441795 10.014025245441795 10.01367662462454 9.60769896705301 10.014025245441795 10.014025245441795 7.800754550222433 7.52593892439798 9.8057481966407 8.745640444078633 6.567380502770203 8.77695912014938 10.006301664669024 9.630606271989533 9.633032710285569 10.014025245441795 10.014025245441795 9.59542820462184 9.962355735145078 9.976870926665583 10.003600794761827 9.97084803463491
10.014025245441795 10.014025245441795 10.014025245441795 10.014025245441795 10.014025245441795 10.014025245441795 10.014025245441795 10.014025245441795 10.014025245441795 10.014025245441795 10.014025245441795 10.014025245441795 9.944603228314822 7.5925355005833906 9.330829242031665 8.343678444188315 4.959958292905535 5.26872968385602 7.347346116864024 6.415918996456113 5.013451043302568 7.620419205940711 9.600319402407834 9.35262233029197 9.860601094275234 10.014025245441795 10.014025245441795 9.972369855703827 10.014025245441795 10.014025245441795 10.014025245441795 9.99842185010717
10.014025245441795 10.014025245441795 10.014025245441795 10.014025245441795 10.011983662652229 10.014025245441795 10.014025245441795 10.014025245441795 10.014025245441795 9.95231021455992 10.005880889537368 10.011326177480457 8.84141782053261 5.2468569590623915 8.310305804917286 8.131033863179917 5.324870638500511 5.317010778050091 8.422974589425136 8.459487598439308 7.455580214483199 9.524276625327348 10.014025245441795 10.014025245441795 10.014025245441795 10.014025245441795 10.014025245441795 10.014025245441795 10.014025245441795 10.014025245441795 10.014025245441795 10.011831854194558
10.014025245441795 10.014025245441795 10.014025245441795 10.014025245441795 9.937412845784813 10.014025245441795 10.014025245441795 10.014025245441795 10.014025245441795 9.988448984219746 10.01317277085429 10.014025245441795 9.404182841086737 7.202020714757849 9.982782065598487 9.939729587911515 7.289739113638207 8.302571102167079 10.014025245441795 10.011320294700687 9.60017826236678 10.014025245441795 10.014025245441795 10.014025245441795 10.014025245441795 10.014025245441795 10.014025245441795 10.014025245441795 10.014025245441795 10.014025245441795 10.014025245441795 10.014025245441795
10.014025245441795 10.014025245441795 10.014025245441795 10.014025245441795 9.97422065460043 10.014025245441795 10.014025245441795 10.014025245441795 10.014025245441795 10.000800980717951 10.014025245441795 10.014025245441795 8.584045824322578 8.054830157672281 9.971837692839133 9.174548764049959 5.606385727756042 8.673104675502556 10.009314883830198 9.457972827884145 9.237475712314742 10.014025245441795 10.014025245441795 10.014025245441795 10.014025245441795 10.014025245441795 10.014025245441795 10.014025245441795 10.014025245441795 10.014025245441795 10.014025245441795 10.010080316699792
10.014025245441795 10.008388248425222 10.003545334870815 9.992082040173042 8.894349368536158 10.014025245441795 10.014025245441795 10.014025245441795 9.453954736624736 9.405175350881619 9.874321061937701 8.582971776088202 4.97451999695843 5.955515500273987 8.021399635730587 5.556002661291268 4.932769849235877 7.908565662458892 9.824027505325871 9.581768415825868 9.95985125076348 10.014025245441795 10.014025245441795 10.014025245441795 10.014025245441795 10.014025245441795 10.014025245441795 10.014025245441795 10.014025245441795 10.014025245441795 10.014025245441795 10.014025245441795
10.014025245441795 9.987027877542143 9.95667985275444 9.947791191011632 5.091507853196546 9.691355066061238 9.190626756195078 9.804845024166431 8.219458237818639 5.054551440616802 7.0840916537597645 8.127022579575598 5.0905952253570845 5.047377872442512 8.564745595985356 9.200121277997107 7.869777122588471 9.42494469037065 10.014025245441795 10.014025245441795 10.014025245441795 10.014025245441795 10.014025245441795 10.014025245441795 10.014025245441795 10.014025245441795 10.014025245441795 10.014025245441795 10.014025245441795 10.014025245441795 10.014025245441795 10.014025245441795
10.014025245441795 10.014025245441795 10.013626157984403 9.99780019508908 8.264986680201638 10.001917584387591 10.014004302324164 10.014025245441795 9.99927690688338 9.799281207595772 10.007265664694136 10.01271451045971 7.776837344368234 9.352445850136956 10.014025245441795 10.011276764301186 9.590704404378855 10.014025245441795 10.014025245441795 10.014025245441795 10.014025245441795 10.014025245441795 10.014025245441795 10.014025245441795 10.014025245441795 10.014025245441795 10.014025245441795 10.014025245441795 10.014025245441795 10.014025245441795 10.014025245441795 10.014025245441795
10.014025245441795 9.988000344703847 9.974835041893442 9.89694792150137 8.38197431501352 10.005070260575327 10.014025245441795 10.014025245441795 9.754634321001571 9.872894040338101 10.014025245441795 10.007414372893217 6.962362009938489 9.7969771676015 10.014025245441795 9.337348524264591 8.83815780308232 10.014025245441795 10.014025245441795 10.014025245441795 10.014025245441795 10.014025245441795 10.014025245441795 10.014025245441795 10.014025245441795 10.014025245441795 10.014025245441795 10.014025245441795 10.014025245441795 10.014025245441795 10.014025245441795 10.014025245441795
10.003526901971824 9.61047914739593 9.246103165654656 8.128220886167897 5.580758526298908 9.845379128924305 9.987513847549227 9.926273097709227 6.116816059232277 8.232844049436997 9.780964162055184 8.873458653928553 5.024515052320221 9.324495187917238 9.994277597243016 8.435897768105459 9.965574343928104 10.014025245441795 10.014025245441795 10.014025245441795 10.014025245441795 10.014025245441795 10.014025245441795 10.014025245441795 10.014025245441795 10.014025245441795 10.014025245441795 10.014025245441795 10.014025245441795 10.014025245441795 10.014025245441795 10.014025245441795
10.010131271860407 9.92708601227613 9.893192600223337 9.172318826118149 5.291618676718644 9.7103426759927 9.9103560212436 9.972555546927518 9.269139665824923 9.340690813428882 9.948843624363077 9.988578084737135 8.072464355864248 9.986810254170399 10.014025245441795 10.014025245441795 10.014025245441795 10.014025245441795 10.014025245441795 10.014025245441795 10.014025245441795 10.014025245441795 10.014025245441795 10.014025245441795 10.014025245441795 10.014025245441795 10.014025245441795 10.014025245441795 10.014025245441795 10.014025245441795 10.014025245441795 10.014025245441795
10.014025245441795 9.959964270605475 9.963620532610458 9.578542433180042 8.383385927482742 9.906906521188374 10.014025245441795 10.014025245441795 9.951951771296535 9.938202039180487 10.014025245441795 10.014025245441795 9.880178191621798 10.014025245441795 10.014025245441795 10.014025245441795 10.014025245441795 10.014025245441795 10.014025245441795 10.014025245441795 10.014025245441795 10.014025245441795 10.014025245441795 10.014025245441795 10.014025245441795 10.014025245441795 10.014025245441795 10.014025245441795 10.014025245441795 10.014025245441795 10.014025245441795 10.014025245441795
9.995927423246862 9.716427453380778 9.677724245280139 8.868388907880213 8.248947706053135 9.931198044474163 10.014025245441795 10.014025245441795 9.561953836241639 9.971620717099437 10.014025245441795 10.014025245441795 9.591194250633112 10.014025245441795 10.014025245441795 9.921095949593123 10.014025245441795 10.014025245441795 10.014025245441795 10.014025245441795 10.014025245441795 10.014025245441795 10.014025245441795 10.014025245441795 10.014025245441795 10.014025245441795 10.014025245441795 10.014025245441795 10.014025245441795 10.014025245441795 10.014025245441795 10.014025245441795
9.766058571615956 9.04262039344672 8.748604296387617 6.897125180934417 5.055379637641157 9.183997530775024 9.903611199893634 9.85836299650271 7.836857430234896 9.589138528086833 10.000732167601177 9.999041371407257 9.250171962306162 10.014025245441795 10.014025245441795 10.008713413242901 10.014025245441795 10.014025245441795 10.014025245441795 10.014025245441795 10.014025245441795 10.014025245441795 10.014025245441795 10.014025245441795 10.014025245441795 10.014025245441795 10.014025245441795 10.014025245441795 10.014025245441795 10.014025245441795 10.014025245441795 10.014025245441795
9.978054087183189 9.83605875044165 9.868924641352319 9.185699448724607 8.421789993166788 9.793092476029164 10.008751853593756 10.014025245441795 9.985721650458663 9.968688212353046 10.014025245441795 10.014025245441795 10.014025245441795 10.014025245441795 10.014025245441795 10.014025245441795 10.014025245441795 10.014025245441795 10.014025245441795 10.014025245441795 10.014025245441795 10.014025245441795 10.014025245441795 10.014025245441795 10.014025245441795 10.014025245441795 10.014025245441795 10.014025245441795 10.014025245441795 10.014025245441795 10.014025245441795 10.014025245441795
9.99193006255463 9.929125629179195 9.964794400636531 9.684353197853985 9.741056681008473 9.989816615815307 10.014025245441795 10.014025245441795 10.014025245441795 10.014025245441795 10.014025245441795 10.014025245441795 10.014025245441795 10.014025245441795 10.014025245441795 10.014025245441795 10.014025245441795 10.014025245441795 10.014025245441795 10.014025245441795 10.014025245441795 10.014025245441795 10.014025245441795 10.014025245441795 10.014025245441795 10.014025245441795 10.014025245441795 10.014025245441795 10.014025245441795 10.014025245441795 10.014025245441795 10.014025245441795
9.773976801670058 9.542757546859685 9.753943426685453 9.215031936670693 9.670250980579635 10.004751275195911 10.014025245441795 10.014025245441795 10.013916448653328 10.014025245441795 10.014025245441795 10.014025245441795 10.014025245441795 10.014025245441795 10.014025245441795 10.014025245441795 10.014025245441795 10.014025245441795 10.014025245441795 10.014025245441795 10.014025245441795 10.014025245441795 10.014025245441795 10.014025245441795 10.014025245441795 10.014025245441795 10.014025245441795 10.014025245441795 10.014025245441795 10.014025245441795 10.014025245441795 10.014025245441795
9.275351754571428 8.635472706462455 8.710002151675939 7.647976003362059 8.38245316712076 9.84929191914385 10.004925598868919 9.895326324169563 8.779740406916467 9.97785595928923 10.012802356935888 9.860593518346363 9.652985885402083 10.014025245441795 10.014025245441795 9.765560749481526 10.014025245441795 10.014025245441795 10.014025245441795 10.014025245441795 10.014025245441795 10.014025245441795 10.014025245441795 10.014025245441795 10.014025245441795 10.014025245441795 10.014025245441795 10.014025245441795 10.014025245441795 10.014025245441795 10.014025245441795 10.014025245441795
8.511719897706927 8.093878088992984 8.19794169798473 6.855926105573645 7.554353044029453 9.292729833778951 9.826136117704733 9.706892300089178 9.126965313264481 9.876895258985567 10.00280276053444 9.933795942467901 9.883064942084317 10.014025245441795 10.014025245441795 9.995219515551828 10.014025245441795 10.014025245441795 10.014025245441795 10.014025245441795 10.014025245441795 10.014025245441795 10.014025245441795 10.014025245441795 10.014025245441795 10.014025245441795 10.014025245441795 10.014025245441795 10.014025245441795 10.014025245441795 10.014025245441795 10.014025245441795
8.591961379529621 8.341231116047362 8.249929094315865 6.907030822299843 6.948719401838406 9.010446544430069 9.961703372718286 9.96366929848797 9.56484951664191 9.914347628165702 10.009756678612643 9.989973454838042 9.943030552547107 10.012792526567267 10.014025245441795 10.00755323203074 10.014025245441795 10.014025245441795 10.014025245441795 10.014025245441795 10.014025245441795 10.014025245441795 10.014025245441795 10.014025245441795 10.014025245441795 10.014025245441795 10.014025245441795 10.014025245441795 10.014025245441795 10.014025245441795 10.014025245441795 10.014025245441795
7.486438105168227 7.389784703481838 7.129301026557556 5.927857756612337 6.191608478364434 7.977970296724184 9.566844393445235 9.738115799684826 8.904920122857524 9.686917469683474 10.007390546064501 9.958713335742871 9.777594603704419 10.008732571664494 10.014025245441795 9.98694501541477 10.014025245441795 10.014025245441795 10.014025245441795 10.014025245441795 10.014025245441795 10.014025245441795 10.014025245441795 10.014025245441795 10.014025245441795 10.014025245441795 10.014025245441795 10.014025245441795 10.014025245441795 10.014025245441795 10.014025245441795 10.014025245441795
8.038855390284665 8.183152659903728 8.318245022296807 7.290759475541814 7.771756397010398 8.539932463427922 9.634758095536698 9.855767649271568 9.695500078946978 9.925209435819298 10.00892129254157 9.971428450424753 9.961803743335759 10.012968892378707 10.014025245441795 9.97090017174651 10.014025245441795 10.014025245441795 10.014025245441795 10.014025245441795 10.014025245441795 10.014025245441795 10.014025245441795 10.014025245441795 10.014025245441795 10.014025245441795 10.014025245441795 10.014025245441795 10.014025245441795 10.014025245441795 10.014025245441795 10.014025245441795
