10.0 10.0 10.0 10.0 10.0 10.0 10.0 10.0 10.0 10.0 10.0 10.0 10.0 10.0 10.0 10.0 10.0 9.994203068659171 10.0 9.993874968469044 9.958182559203733 9.821469541051695 9.95944868042073 9.822596759573683 9.514002214358863 9.701744475254058 9.82882875219462 8.656768010506996 8.968590331477392 8.654485738408104 9.336686967178117 9.530915658563833
10.0 10.0 10.0 10.0 10.0 10.0 10.0 10.0 10.0 10.0 10.0 10.0 10.0 10.0 10.0 10.0 10.0 10.0 10.0 10.0 9.996468625017302 9.981163424511665 9.995184144346963 9.857644408641336 9.423334001294414 9.74321065041733 9.795336265630231 8.67145905663332 8.67852668879933 8.052920884629229 8.958830493551666 9.36357337689342
10.0 10.0 10.0 10.0 10.0 10.0 10.0 10.0 10.0 10.0 10.0 10.0 10.0 10.0 10.0 10.0 10.0 10.0 10.0 10.0 9.990440226374302 9.943304731009578 9.969606459589263 9.612343200529947 8.797159107830348 9.401135240104885 9.511110584333617 8.115544415479139 7.677464637375407 7.162847065976689 8.054611216644185 8.590018033714044
10.0 10.0 10.0 10.0 10.0 10.0 10.0 10.0 10.0 10.0 10.0 10.0 10.0 10.0 10.0 10.0 9.990146450632722 10.0 10.0 9.988755577123754 9.540799108669066 9.691998424920577 9.735409231017666 8.718761050409316 7.8138843105164915 9.085832227895004 9.241010101981969 7.747851669116871 7.87035634586165 7.83305076953224 8.68290753035213 8.979726169560525
10.0 10.0 10.0 10.0 10.0 10.0 10.0 10.0 10.0 10.0 10.0 10.0 10.0 9.996242451513398 9.999215035449126 9.880996219660176 7.980531483533549 9.07922432901895 9.304448167458972 7.5675320920723115 6.481118026348489 7.730823982003868 8.110586744672242 6.705306768507781 6.601945687207949 8.558585670529641 9.259492316370899 7.415385360376264 8.209865147630767 8.397597164099599 8.923188911290298 9.007576961394209
10.0 10.0 10.0 10.0 10.0 10.0 10.0 10.0 10.0 10.0 10.0 10.0 10.0 9.991324776260885 9.998476380664586 9.999107554564814 9.779912186791703 8.709293072615171 9.542859829198944 9.17095169713908 7.0763701348366395 6.234494129433617 8.157448216594341 7.881369569903269 6.533222445603374 7.545166531796761 9.519184697103594 8.85495942551386 8.824216873561404 8.797688251953979 9.100305328970869 8.839563355080129
10.0 10.0 10.0 10.0 10.0 10.0 10.0 10.0 10.0 10.0 10.0 10.0 10.0 9.998006884761365 10.0 10.0 9.887648773581072 9.605724807061785 9.982602775593556 9.976033559375601 8.611570848294154 8.54796623369052 9.804807261474584 9.642959012171426 8.722253901920933 9.466664988982593 9.884321029901276 9.795162575236992 9.67283608617803 9.434890601818053 9.575267774636053 9.170316330998958
10.0 10.0 10.0 10.0 10.0 10.0 10.0 10.0 10.0 10.0 10.0 10.0 10.0 9.99565705985802 10.0 10.0 8.791577355154468 9.044432783174987 9.985892869848263 9.650903901088354 8.074021423183503 9.030435632084744 9.998212552321673 9.778442331799395 9.509432134385063 9.971103532551359 10.0 9.913838575609109 9.948280931118301 9.86253643672543 9.873926101730786 9.762832653522066
10.0 10.0 10.0 10.0 10.0 10.0 10.0 10.0 10.0 10.0 10.0 10.0 10.0 9.437215483624325 9.934979682945674 9.798730458983075 7.46048573122974 6.716459703842772 8.64947327580109 8.19478163353698 6.56418701539134 7.528360350101675 9.468076059883035 9.280731385500085 9.240833540482544 9.962821019156213 9.996988557438556 9.958012623156987 9.983766435424442 9.988151277331992 9.989180418024342 9.948334366181411
10.0 10.0 10.0 10.0 10.0 10.0 10.0 10.0 10.0 10.0 10.0 10.0 10.0 9.116426185716026 9.83839763834147 9.965214060178154 8.402587510865812 5.852991917151548 8.803276135900049 9.231620678057151 7.52367818618322 6.698387751152676 9.570578856252812 9.781298759351209 9.498451982617205 9.719063078227848 9.99166342790568 9.978008248017185 9.96264678001679 9.958630578972535 9.988495974495931 9.792435887137035
10.0 10.0 10.0 10.0 10.0 10.0 10.0 10.0 10.0 10.0 9.999102127749348 10.0 10.0 9.373471705013626 9.946927908141289 9.995800535889053 8.838848273351497 8.10975100103365 9.879177056520211 9.968525873587613 9.564740732571789 9.411415316227062 9.926455928749885 9.993226804622589 9.973825486051984 9.846170063245845 10.0 10.0 10.0 9.988575381983415 10.0 9.982758452953579
10.0 10.0 10.0 10.0 10.0 10.0 10.0 10.0 10.0 9.936222066082497 9.998734311474816 10.0 9.87188908875518 7.6162731122068985 9.75815933344655 9.808474055974614 7.439537970121045 7.570286799084503 9.945395389213298 9.923720244423412 9.389538825130916 9.771815028704667 10.0 10.0 9.997663935351294 9.998357333787709 10.0 10.0 10.0 10.0 10.0 10.0
10.0 10.0 10.0 10.0 10.0 10.0 9.969762018061983 10.0 10.0 9.09128710531929 9.867524110173603 9.983027200291273 9.329110662105675 6.081383436722896 8.277152511851483 9.156972637024795 7.356179810203506 6.015728463161233 9.375120337257172 9.881218664308 9.480994866403782 9.629629432824112 9.998051848738255 10.0 9.998924549484414 9.999751080463993 10.0 10.0 10.0 10.0 10.0 10.0
10.0 10.0 10.0 10.0 10.0 10.0 9.86501214681494 10.0 10.0 9.464355127355992 9.771550023108132 9.994223810595317 9.970227905537369 7.454791438667659 9.136122012231393 9.930878556372862 9.254471421411509 7.6960940946178615 9.698218288960254 9.974153683111625 9.952800227358416 9.659677689009039 9.995433007661193 10.0 10.0 9.995474216135793 10.0 10.0 10.0 10.0 10.0 10.0
10.0 10.0 10.0 10.0 9.917174201383064 10.0 9.893752459541712 10.0 10.0 8.805777294540768 9.874522958675092 10.0 9.940520481193936 7.991664547287011 9.660322104665989 10.0 9.617859377205464 9.582120921129354 9.96926914315056 10.0 10.0 9.882550404086764 10.0 10.0 10.0 10.0 10.0 10.0 10.0 10.0 10.0 10.0
10.0 9.998461335252825 10.0 10.0 9.040436297266735 9.89289776426112 8.785625641286135 9.99796743609175 9.897255339192267 6.3755558084111055 8.677269012135426 9.577114808128675 7.954188273456505 6.372298780098166 8.89780417424893 9.516868560877874 8.524369197537919 9.242198574700659 9.998165655659772 10.0 9.99561428927464 9.991556180783864 10.0 10.0 10.0 10.0 10.0 10.0 10.0 10.0 10.0 10.0
9.917177857700121 9.844902051712642 9.994001910151981 10.0 9.681414351822998 9.717084863122617 5.304246790293402 9.231623211423294 9.297005702709136 5.872970042487601 5.001747188067894 7.844559361455315 7.845304892790137 5.034497784573343 6.199640137104548 8.821853872563382 8.671748117586324 7.100401601206278 9.405730632177159 9.954872558306617 9.948512960974398 9.876115641801606 10.0 10.0 10.0 10.0 10.0 10.0 10.0 10.0 10.0 10.0
9.996067807640818 9.99046211826647 10.0 10.0 9.79288790617255 9.997824584129438 8.206477748635328 9.92275866204149 10.0 8.279799278379187 8.987272903913697 9.777550340249459 9.994033112980867 9.143325376365217 9.03484953065648 9.915003612354319 10.0 9.927565697716119 9.948578279199051 10.0 10.0 9.9930453572007 10.0 10.0 10.0 10.0 10.0 10.0 10.0 10.0 10.0 10.0
9.99708602764673 9.9913189808641 10.0 10.0 8.721119681173747 9.643222496401757 8.358929552793603 9.978690856039115 9.975851938517193 7.575299630156317 9.432364288896487 9.999553338921102 9.881328616678498 9.710563612271441 9.702933514211036 10.0 9.99665743823001 10.0 10.0 10.0 10.0 10.0 10.0 10.0 10.0 10.0 10.0 10.0 10.0 10.0 10.0 10.0
9.731460085014849 9.650763740511822 9.978300221800682 9.93608570029061 7.495627642803177 6.358967276960433 5.297182369211489 8.230473956630298 8.087640446474682 6.106839077153867 7.535365570029313 9.735345810462228 9.579521732472925 9.434540623552637 9.68661589261342 10.0 9.995341189569812 9.993632492733457 10.0 10.0 10.0 10.0 10.0 10.0 10.0 10.0 10.0 10.0 10.0 10.0 10.0 10.0
9.772747674274452 9.291394547216136 9.781460022351805 9.833533479703336 9.622919063592958 8.952529818029136 5.560763683717801 8.718247939925586 9.559186302457004 8.12230056240892 8.522665648187447 9.073905707758621 9.707302100072864 9.663170299885097 9.246745697235909 9.847735022112555 10.0 10.0 10.0 10.0 10.0 10.0 10.0 10.0 10.0 10.0 10.0 10.0 10.0 10.0 10.0 10.0
9.935488991173605 9.72856653588775 9.982297212458233 9.943325562368374 9.593878971188044 9.450057325526394 8.640919962654321 9.464062623128108 10.0 9.882195090512663 9.652252745357513 9.902329293261772 10.0 10.0 9.853615536174678 10.0 10.0 10.0 10.0 10.0 10.0 10.0 10.0 10.0 10.0 10.0 10.0 10.0 10.0 10.0 10.0 10.0
9.788262289624674 9.545110181539593 9.990857984366126 9.922517662165665 8.145535317535607 7.9251395168425045 8.490149996762634 9.666687149318745 9.980089169931796 9.451395924141687 9.902020038061098 10.0 10.0 10.0 10.0 10.0 10.0 10.0 10.0 10.0 10.0 10.0 10.0 10.0 10.0 10.0 10.0 10.0 10.0 10.0 10.0 10.0
8.274309105615757 7.819364879630429 9.461749260323328 9.274214063963823 8.43286434952516 5.991742793259494 5.230793392884121 8.072722801094892 9.42942964490676 8.905048721779838 9.544375524724181 9.922470932004824 10.0 10.0 9.991929017964118 10.0 10.0 10.0 10.0 10.0 10.0 10.0 10.0 10.0 10.0 10.0 10.0 10.0 10.0 10.0 10.0 10.0
9.014005021073459 8.616577030632858 9.611657167150097 9.557797108714727 9.704193215299867 9.422395611910565 8.766451017492757 8.957120676482308 9.904428747917104 9.975781056328131 9.858250270036924 9.743148843996106 10.0 10.0 9.99629838711687 9.996895310715008 10.0 10.0 10.0 10.0 10.0 10.0 10.0 10.0 10.0 10.0 10.0 10.0 10.0 10.0 10.0 10.0
9.384615567908336 9.356724550593823 9.977006509537556 9.874934739360814 9.67134350625332 9.631244103104757 9.960924389595428 9.821138552965618 10.0 10.0 10.0 10.0 10.0 10.0 10.0 10.0 10.0 10.0 10.0 10.0 10.0 10.0 10.0 10.0 10.0 10.0 10.0 10.0 10.0 10.0 10.0 10.0
8.839297042507043 8.804487837249349 9.807937175729329 9.643954036176575 9.419790265026087 9.276536082314067 9.940083806700118 9.9087046483287 10.0 9.992256984187824 10.0 10.0 10.0 10.0 10.0 10.0 10.0 10.0 10.0 10.0 10.0 10.0 10.0 10.0 10.0 10.0 10.0 10.0 10.0 10.0 10.0 10.0
8.05535061580993 7.837357144316113 9.148814027783988 8.93481494013241 7.941371754780997 6.99104998139823 8.806794238352365 9.86945806720455 9.926943920728355 9.87207503786516 9.974525247095539 10.0 9.999513129365946 10.0 10.0 10.0 10.0 10.0 10.0 10.0 10.0 10.0 10.0 10.0 10.0 10.0 10.0 10.0 10.0 10.0 10.0 10.0
6.971144415829751 6.242834416057404 7.9813884335622625 7.997772075486871 7.910921784838934 6.71096644929807 7.334565431641235 8.920603688053498 9.719456147597567 9.884172762832334 9.9194368676973 9.991733772517202 10.0 10.0 10.0 10.0 10.0 10.0 10.0 10.0 10.0 10.0 10.0 10.0 10.0 10.0 10.0 10.0 10.0 10.0 10.0 10.0
7.463514316811997 7.0557912853364275 8.787510928746794 8.657401688038913 8.50046796986926 7.686334018892201 8.060781773946522 9.331884521916972 9.907888776643945 9.94256078713826 9.970339185720572 10.0 10.0 10.0 10.0 10.0 10.0 10.0 10.0 10.0 10.0 10.0 10.0 10.0 10.0 10.0 10.0 10.0 10.0 10.0 10.0 10.0
7.421364400592874 6.766438487340565 7.886512018727131 7.48108347282248 7.537062288276142 7.305727681573869 7.7593055375573226 8.388745121521476 9.327412508661697 9.708318845007321 9.400496320937748 9.917445295628056 9.99926917656162 10.0 9.99772551001756 10.0 10.0 10.0 10.0 10.0 10.0 10.0 10.0 10.0 10.0 10.0 10.0 10.0 10.0 10.0 10.0 10.0
7.895423098419757 7.165746499449387 8.221732558954848 7.858139645432438 8.563164327907051 8.532593729188653 8.91655996117213 9.045057203490373 9.537268193589448 9.895538668387283 9.933762668524961 9.925285068344891 9.998863749102012 10.0 10.0 10.0 10.0 10.0 10.0 10.0 10.0 10.0 10.0 10.0 10.0 10.0 10.0 10.0 10.0 10.0 10.0 10.0
