10.0 10.0 10.0 10.0 10.0 10.0 10.0 10.0 10.0 10.0 10.0 10.0 10.0 10.0 10.0 10.0 10.0 9.998371116555107 10.0 10.0 9.975358224434945 9.883239531517315 9.902059806402905 9.733102663280611 9.512432557998627 9.200277125933624 8.750939421847729 8.339371399084804 8.440355703015639 8.341377038795232 9.244890394739608 9.46034720235793
10.0 10.0 10.0 10.0 10.0 10.0 10.0 10.0 10.0 10.0 10.0 10.0 10.0 10.0 10.0 10.0 10.0 10.0 10.0 10.0 10.0 9.996372892601102 9.997627641177273 9.96654145741952 9.783544138636971 9.39960321045534 8.811209205148543 8.191579318046724 7.9296923512743795 7.5172408623107305 8.822495322692285 9.400386944412405
10.0 10.0 10.0 10.0 10.0 10.0 10.0 10.0 10.0 10.0 10.0 10.0 10.0 10.0 10.0 10.0 10.0 10.0 10.0 10.0 10.0 9.992689748660009 9.995869101377737 9.948389262988453 9.704271923651362 8.839929416988932 7.85523134872673 7.329990904712828 6.863243365700585 6.343310610116967 7.757904673327702 8.637497995916572
10.0 10.0 10.0 10.0 10.0 10.0 10.0 10.0 10.0 10.0 10.0 10.0 10.0 10.0 10.0 10.0 10.0 10.0 10.0 10.0 10.0 9.965547177576388 9.923815689682657 9.772140770725938 9.444963563677666 7.869457741842341 6.473838806301558 6.82275675717325 7.143036316713472 7.351605232017603 8.61107195818788 8.951724721345903
10.0 10.0 10.0 10.0 10.0 10.0 10.0 10.0 10.0 10.0 10.0 10.0 10.0 10.0 10.0 10.0 10.0 10.0 10.0 10.0 9.99743139908179 9.804702688317391 9.696181386195738 9.632004147479106 8.637662797227621 5.9291494989934 5.427803393111885 6.294404167925644 6.572743452453013 7.364229780575818 8.660284092810375 8.874606491688088
10.0 10.0 10.0 10.0 10.0 10.0 10.0 10.0 10.0 10.0 10.0 10.0 10.0 10.0 10.0 10.0 10.0 10.0 10.0 10.0 10.0 9.962145376075643 8.489785980208834 9.429200916387522 9.789189160153839 7.807134139260974 5.299264433251563 8.114230962459322 9.123476449308171 9.38322834457173 9.644708065952504 9.523000190182522
10.0 10.0 10.0 10.0 10.0 10.0 10.0 10.0 10.0 10.0 10.0 10.0 10.0 10.0 10.0 10.0 10.0 10.0 10.0 10.0 10.0 9.98253960290725 9.39761703675139 9.986412871799288 9.995733060214539 8.264337193863268 7.554637966910169 9.822100106434474 9.891514359563997 9.846836367721533 9.912760208478423 9.827864031303186
10.0 10.0 10.0 10.0 10.0 10.0 10.0 10.0 10.0 10.0 10.0 10.0 10.0 10.0 10.0 10.0 10.0 10.0 10.0 10.0 10.0 9.245316490559576 7.880363302586938 9.178541331792701 9.091348423024854 5.704931208469462 6.497655943190485 9.015973711556898 9.667597763837419 9.771044300447763 9.890050380921537 9.768406382707665
10.0 10.0 10.0 10.0 10.0 10.0 10.0 10.0 10.0 10.0 10.0 10.0 10.0 10.0 10.0 9.993330904860477 10.0 9.997187642010468 9.85906009273554 9.58757616399636 9.610271578862529 7.368079556728712 5.164573948195716 6.714406908945468 7.339177870348412 5.1009113393844165 5.229474549874138 8.247681270807561 9.714595489153531 9.86379290863864 9.934133123420738 9.893317242231536
10.0 10.0 10.0 10.0 10.0 10.0 10.0 10.0 10.0 10.0 10.0 10.0 10.0 10.0 10.0 9.84010642978261 9.999795079388086 9.99097592145464 9.625978957694663 9.493877803235174 9.938879030637777 8.573820110301545 5.4058679370013385 8.418633544673064 9.635682608794463 7.5213518270020785 6.64120729014982 9.769566735832036 9.981514833725265 9.970956403579734 9.993741841942239 9.935227748246172
10.0 10.0 10.0 10.0 10.0 10.0 10.0 10.0 10.0 10.0 10.0 10.0 10.0 10.0 10.0 9.963186548052036 10.0 9.993235332735473 9.56920677070483 9.951830091338026 10.0 8.258814917637581 7.317717894850389 9.811698369412273 9.990302490751638 7.6234455337868825 9.321697437247181 9.960352822395524 9.99267202451935 9.99832366488083 9.99330831493269 9.968060369735966
10.0 10.0 10.0 10.0 10.0 10.0 10.0 10.0 10.0 10.0 10.0 10.0 10.0 10.0 9.99777703890755 9.773521174449257 10.0 9.464292717045847 7.153555887406252 8.20783455226277 8.75400575673145 5.4636978945768195 5.780858363980951 8.605593116473178 9.219801124754738 6.360223108724134 9.186686852024806 9.932837267151536 9.996212387701041 9.999461243797628 9.997440614200928 9.951826631576964
10.0 10.0 10.0 10.0 10.0 10.0 10.0 10.0 10.0 10.0 10.0 10.0 10.0 9.996141759233005 9.544789277203417 8.635207724999747 9.518950111281285 8.071213079514385 5.221818365702278 6.11585327994207 7.585257407134771 5.9020076643061365 5.007083661987613 8.264353405067732 9.659677690634382 8.209369934724732 9.559773500705216 9.955827536962733 10.0 10.0 10.0 10.0
10.0 10.0 10.0 10.0 10.0 10.0 10.0 10.0 10.0 10.0 10.0 10.0 10.0 9.99886721467435 9.649082880932877 8.963800338472709 9.991650635602102 9.658862304659326 7.0636854703179 8.388112524490673 9.899849538479767 8.498513168164422 7.384364180202026 9.92019632978232 10.0 9.933918161939216 9.99038832448468 9.999068273456524 10.0 10.0 10.0 10.0
10.0 10.0 10.0 10.0 10.0 10.0 10.0 10.0 10.0 10.0 10.0 10.0 10.0 9.991532868813518 8.430937506580523 9.280906963330487 9.999926416410108 9.409416484902149 7.3589648612698415 9.464886109917519 9.983734995755677 8.207287459219964 9.333319163653764 9.961715413277357 10.0 9.833113933956596 9.961005997575361 10.0 10.0 10.0 10.0 9.997962112879692
10.0 10.0 10.0 10.0 10.0 10.0 10.0 10.0 10.0 9.998816549324085 9.839485213904128 9.901518499938796 9.982589316736597 9.239271841699768 5.348691933992754 6.85189610959199 8.212703887183997 5.763622492293313 5.01329758486467 7.69457712972993 8.602039187518782 5.712167479640034 8.745588603266937 9.92053009147844 9.987860515913084 9.748680977140753 9.99510785221722 10.0 10.0 10.0 10.0 9.996951059482756
9.999685668329978 9.985899040920684 9.997421376783521 9.965982563687943 9.989527695482806 10.0 10.0 9.921322195550266 9.939603867740432 9.984286401287955 9.675002764180705 8.23590532979529 8.919976868989982 8.958930054885087 5.864575862245147 4.609258222502585 6.853516887769884 7.401476848984917 5.445045735247628 5.938717863517495 8.488284960240367 8.902568256646893 6.753709463570902 9.781478450555374 10.0 10.0 9.998184574382227 10.0 10.0 10.0 10.0 10.0
10.0 9.998622831030165 10.0 10.0 10.0 10.0 10.0 10.0 10.0 10.0 9.958127241789988 9.444871503620586 10.0 9.982507778442328 7.5244945712026885 7.2927933565968655 9.977864582776876 9.88140967038352 8.956522122106783 9.935551481875523 10.0 9.993924832869912 9.99244812219976 10.0 10.0 10.0 10.0 10.0 10.0 10.0 10.0 10.0
10.0 10.0 9.999625390985278 10.0 10.0 10.0 9.993570742994091 9.919459736228795 10.0 9.998604786030588 9.204707110354803 8.829203408712315 9.996222255783575 9.870288426377556 6.2203318764206275 8.22652365867778 9.992557085510922 9.66653470770927 9.514656020712874 9.967864523589906 9.997142906410726 9.965270793977403 9.974292089731764 10.0 10.0 10.0 10.0 10.0 10.0 10.0 10.0 10.0
9.977130651417227 9.94420773357254 9.966809593376908 9.832677290222513 9.981175622599036 10.0 9.274975417948278 7.542266947064966 9.146401362835322 8.767817997014047 5.5609131297996415 5.388265450360833 7.674438342519519 7.220155330089761 5.00378186250937 6.369412151464171 9.428769044350833 9.316210761530169 9.38654363487739 9.923008233749563 9.994077050646865 9.976288171323965 9.995424030908985 10.0 10.0 10.0 10.0 10.0 10.0 10.0 10.0 10.0
9.937402556083876 9.837009253762321 9.93987699440596 9.573225549560188 9.96416211015695 10.0 9.907463086891452 9.047185859473807 9.641839682568312 9.956183007624809 8.973260401195207 5.912803280980491 9.337548861876941 9.768917749802007 7.838867517707487 6.169893122132034 9.978569224187629 9.959599912284954 9.985565964473814 10.0 10.0 10.0 10.0 10.0 10.0 10.0 10.0 10.0 10.0 10.0 10.0 10.0
9.99660859899656 9.965402338294219 9.9907684934901 9.934843560970794 9.995393186499427 10.0 9.964033623097931 9.505651008022136 10.0 10.0 9.773362041550678 8.510169218958358 10.0 9.994775535064585 9.622860150596747 9.153282874451596 10.0 9.998606753770428 9.99892257993368 10.0 10.0 10.0 10.0 10.0 10.0 10.0 10.0 10.0 10.0 10.0 10.0 10.0
9.963441749706757 9.839210963278692 9.882102586304377 9.628671625743191 9.92322976723671 10.0 9.606035647619127 7.809642166957414 9.760302107801499 9.934774979984736 8.349475809257786 7.8956985884362565 9.937171277850423 9.90948229419483 9.066395631219075 9.730918066589432 10.0 9.982708426836616 9.999101743880953 10.0 10.0 10.0 10.0 10.0 10.0 10.0 10.0 10.0 10.0 10.0 10.0 10.0
9.707948904314144 9.143890567555516 9.477551847385614 7.727332411530603 9.482578533416602 9.690475580604478 8.555313243852734 5.309233279961989 7.353796118102987 8.68563048799833 7.057611435073066 5.445370909804531 9.25608261100807 9.743098142127158 9.491162868508182 8.944567602092365 9.998785057049497 9.997651466232021 10.0 10.0 10.0 10.0 10.0 10.0 10.0 10.0 10.0 10.0 10.0 10.0 10.0 10.0
9.756844076632293 9.523587155537484 9.846751871718723 9.17852261896148 9.916978415701664 10.0 9.830409773483648 8.764768971807333 9.89608897332886 9.99825506672552 9.742266947730366 8.873088336329367 9.998345100238176 9.997065161452923 9.97158969693165 9.792822363136043 10.0 10.0 10.0 10.0 10.0 10.0 10.0 10.0 10.0 10.0 10.0 10.0 10.0 10.0 10.0 10.0
9.622858456120555 9.52256403149226 9.85651456921582 9.602231592649737 9.940509068023381 10.0 9.911872561926673 9.38298181262773 9.994268039285137 10.0 9.952111322476982 9.926615137254007 10.0 10.0 9.995079916357657 10.0 10.0 10.0 10.0 10.0 10.0 10.0 10.0 10.0 10.0 10.0 10.0 10.0 10.0 10.0 10.0 10.0
9.102126247748979 8.567392373832153 9.343444928357886 8.62607983920637 9.604147290957963 9.851935815971958 9.203847523468502 7.701817965545736 9.647256072305897 9.955551048414534 9.782509486740166 9.720020201210742 9.986341352362663 9.999934852905339 9.994885388656321 9.99323757598269 10.0 10.0 10.0 10.0 10.0 10.0 10.0 10.0 10.0 10.0 10.0 10.0 10.0 10.0 10.0 10.0
8.21618845679316 7.525838151547855 8.390260314157869 6.938827379966235 9.13352452296143 9.34196786074552 7.99673274776223 6.687593919155968 8.759958748880312 9.3603183289113 8.558746828021107 8.697980379667976 9.917002316410153 9.90437954409599 9.829833586619406 9.863096126588845 10.0 10.0 10.0 10.0 10.0 10.0 10.0 10.0 10.0 10.0 10.0 10.0 10.0 10.0 10.0 10.0
7.923711159721625 6.937645034300905 7.819583065886465 6.610370531136557 8.36023831396267 8.666450860388967 8.03281251632931 6.812191561615956 8.261448568881011 9.339885949098173 9.042286344380475 8.543972913484849 9.764689734064156 9.90447505249 9.905607644819828 9.54026520669571 10.0 10.0 10.0 10.0 10.0 10.0 10.0 10.0 10.0 10.0 10.0 10.0 10.0 10.0 10.0 10.0
8.248092442413972 7.310779543464002 8.428234576290473 7.4570014438419605 8.83925061714023 8.940156006662312 8.512663825229016 8.055282117557026 8.94657243539248 9.726003958928025 9.617937597314166 9.39329096383227 9.900449128744535 9.98782570459103 9.990613846111776 9.781896198480633 10.0 10.0 10.0 10.0 10.0 10.0 10.0 10.0 10.0 10.0 10.0 10.0 10.0 10.0 10.0 10.0
7.714420363929921 6.8154987242099905 7.706237608003115 7.289076592648041 8.203572338213052 8.313451181433518 8.38456968487075 8.262087047615251 8.875794462746674 9.682771728372172 9.774951298284192 9.449413338458445 9.797784454020844 9.973014457464163 9.973565374653907 9.70269257922369 9.996846600687922 10.0 10.0 10.0 10.0 10.0 10.0 10.0 10.0 10.0 10.0 10.0 10.0 10.0 10.0 10.0
7.970989079659813 7.257724115230066 8.2335264812966 8.003910242531912 9.029225303942095 9.26616804420416 9.459780861135402 9.32462317374948 9.573635711090589 9.906381648614483 9.955242319421515 9.825888625948807 9.937157241205615 9.991773758377631 9.996707501382629 9.922675480212439 10.0 10.0 10.0 10.0 10.0 10.0 10.0 10.0 10.0 10.0 10.0 10.0 10.0 10.0 10.0 10.0
