10.021413276231263 10.021413276231263 10.021413276231263 10.021413276231263 10.021413276231263 10.021413276231263 10.021413276231263 10.021413276231263 10.021413276231263 10.021413276231263 10.021413276231263 10.021413276231263 10.021413276231263 10.021413276231263 10.021413276231263 10.021413276231263 10.021413276231263 10.021413276231263 10.021413276231263 10.021413276231263 10.021413276231263 10.020314372611894 9.924279125650969 9.978271015539821 9.878136067678607 9.647819263411844 9.182682934565552 8.531367692455081 8.650461960069652 8.349795624126715 9.296299892937594 9.470222781859732
10.021413276231263 10.021413276231263 10.021413276231263 10.021413276231263 10.021413276231263 10.021413276231263 10.021413276231263 10.021413276231263 10.021413276231263 10.021413276231263 10.021413276231263 10.021413276231263 10.021413276231263 10.021413276231263 10.021413276231263 10.021413276231263 10.021413276231263 10.021413276231263 10.021413276231263 10.021413276231263 10.021413276231263 10.021413276231263 10.009504759939139 10.017887014432922 9.968616712729476 9.809490891882135 9.481008070926999 8.712390207387529 8.319259307337594 7.559066803616649 8.81941328611784 9.363253043925125
10.021413276231263 10.021413276231263 10.021413276231263 10.021413276231263 10.021413276231263 10.021413276231263 10.021413276231263 10.021413276231263 10.021413276231263 10.021413276231263 10.021413276231263 10.021413276231263 10.021413276231263 10.021413276231263 10.021413276231263 10.021413276231263 10.021413276231263 10.021413276231263 10.021413276231263 10.021413276231263 10.021413276231263 10.021413276231263 10.014605485415187 10.014731291352062 9.92490668172215 9.722984558073938 9.229218107461248 7.974696270076458 7.12042812981578 6.228892770384778 7.667225869080511 8.552551735869084
10.021413276231263 10.021413276231263 10.021413276231263 10.021413276231263 10.021413276231263 10.021413276231263 10.021413276231263 10.021413276231263 10.021413276231263 10.021413276231263 10.021413276231263 10.021413276231263 10.021413276231263 10.021413276231263 10.021413276231263 10.021413276231263 10.021413276231263 10.021413276231263 10.021413276231263 10.021413276231263 10.021413276231263 10.020496973252401 10.019618038305078 10.006540275509348 9.87249492699699 9.9038806225385 9.332602632535583 7.334202813952346 6.461387288998304 6.6513642587851125 8.302245109892537 8.93896989190556
10.021413276231263 10.021413276231263 10.021413276231263 10.021413276231263 10.021413276231263 10.021413276231263 10.021413276231263 10.021413276231263 10.021413276231263 10.021413276231263 10.021413276231263 10.021413276231263 10.021413276231263 10.021413276231263 10.021413276231263 10.021413276231263 10.021413276231263 10.021413276231263 10.016355942342871 10.018949161614321 9.977078826696804 9.886080935472215 9.906304030690398 9.630629480180245 9.125946644699019 9.221135157677397 8.267978304120412 6.259855337086598 6.453971707375675 7.390170948842569 8.888934065105792 9.179184853199095
10.021413276231263 10.021413276231263 10.021413276231263 10.021413276231263 10.021413276231263 10.021413276231263 10.021413276231263 10.021413276231263 10.021413276231263 10.021413276231263 10.021413276231263 10.021413276231263 10.021413276231263 10.021413276231263 10.021413276231263 10.021413276231263 10.021413276231263 10.021413276231263 10.021413276231263 10.021413276231263 10.021413276231263 10.021413276231263 10.010074628390349 9.886625278896947 9.956799845124038 10.017647326190282 9.576198264706116 7.909822787697772 8.636961179708152 9.15549982880993 9.728002425888924 9.745490866136144
10.021413276231263 10.021413276231263 10.021413276231263 10.021413276231263 10.021413276231263 10.021413276231263 10.021413276231263 10.021413276231263 10.021413276231263 10.021413276231263 10.021413276231263 10.021413276231263 10.021413276231263 10.021413276231263 10.021413276231263 10.021413276231263 10.021413276231263 10.021413276231263 10.021413276231263 10.021413276231263 10.021413276231263 10.021413276231263 9.890709285992749 9.387559418417789 9.436646879197749 9.879294495780897 8.358270514672688 6.9166338722483625 8.121995192798066 8.961429790687946 9.602036652382465 9.586334552529197
10.021413276231263 10.021413276231263 10.021413276231263 10.021413276231263 10.021413276231263 10.021413276231263 10.021413276231263 10.021413276231263 10.021413276231263 10.021413276231263 10.021413276231263 10.021413276231263 10.021413276231263 10.021413276231263 10.021413276231263 10.015586160151658 10.021413276231263 10.021413276231263 10.019777125166897 10.014478009212976 9.896676594274041 9.86098053748875 9.136760279443497 7.751426161201591 7.706723548913731 8.400417786991953 6.582491121250908 5.339816312604327 6.559308570112276 8.344216168170929 9.501499047213773 9.690442926381946
10.021413276231263 10.021413276231263 10.021413276231263 10.021413276231263 10.021413276231263 10.021413276231263 10.021413276231263 10.021413276231263 10.021413276231263 10.021413276231263 10.021413276231263 10.021413276231263 10.021413276231263 10.021413276231263 10.021413276231263 10.017028401207636 10.021413276231263 10.021413276231263 10.021413276231263 9.928412009623672 9.547531904865227 9.873916576889494 9.420540486130745 7.896332615689698 8.13719128607848 9.485650508107359 8.31512819266898 6.238082168349998 7.9061251871627585 9.43041613340889 9.880084912020251 9.883069597704214
10.021413276231263 10.021413276231263 10.021413276231263 10.021413276231263 10.021413276231263 10.021413276231263 10.021413276231263 10.021413276231263 10.021413276231263 10.021413276231263 10.021413276231263 10.021413276231263 10.021413276231263 10.021413276231263 10.021413276231263 10.017190668936436 10.021413276231263 10.021413276231263 10.021413276231263 9.953687459178765 9.848387359326493 10.020038939126772 9.654608182847113 8.547963657839675 9.333293317714114 10.01670094115723 8.81549263409775 7.616707593842467 9.356479898369665 9.921140018847744 9.999963198463968 9.965934273992943
10.021413276231263 10.021413276231263 10.021413276231263 10.021413276231263 10.021413276231263 10.021413276231263 10.021413276231263 10.021413276231263 10.021413276231263 10.021413276231263 10.021413276231263 10.021413276231263 10.021413276231263 10.021413276231263 10.021413276231263 9.932161767531294 10.021413276231263 10.021413276231263 10.003305344580141 9.103397166773696 8.868092345579216 9.482744013568354 7.925494198470999 6.511151662654284 8.116963497352264 9.07655942826612 6.2374124284619334 6.8926158551672385 8.993757442188288 9.869840135416888 9.986780932867292 9.903230123604361
10.021413276231263 10.021413276231263 10.021413276231263 10.021413276231263 10.021413276231263 10.021413276231263 10.021413276231263 10.021413276231263 10.021413276231263 10.021413276231263 10.021413276231263 10.021413276231263 10.021413276231263 10.021413276231263 10.021413276231263 9.702968481469327 9.817723498863922 9.727384045946943 9.347147828765584 7.6516772642978585 6.8994098325977475 8.042196651337953 6.914211223872365 5.097463297303658 6.697937172391035 8.53294928523292 7.4376715739371395 7.14718011939088 9.033779021811213 9.92040845875287 10.007473294756007 9.9823331910276
10.021413276231263 10.021413276231263 10.021413276231263 10.021413276231263 10.021413276231263 10.021413276231263 10.021413276231263 10.021413276231263 10.021413276231263 10.021413276231263 10.021413276231263 10.021413276231263 10.021413276231263 10.021413276231263 10.021413276231263 9.901847768423838 9.695745006949474 9.94926501533636 9.880015259982327 8.411725344432424 7.9456946401410145 9.60342732979011 9.1051085187865 7.388335926552915 9.033212512813586 9.968311416513368 9.264075254091583 8.437500229530118 9.826809491880981 10.01873053199064 10.021413276231263 10.021077013314859
10.021413276231263 10.021413276231263 10.021413276231263 10.021413276231263 10.021413276231263 10.021413276231263 10.021413276231263 10.021413276231263 10.021413276231263 10.021413276231263 10.021413276231263 10.021413276231263 10.021413276231263 10.021413276231263 10.021413276231263 9.570077530874144 9.870459770907578 10.021413276231263 9.983491017388832 8.528649749077935 8.911778488533034 9.985984459332272 9.303830199882077 8.36365210727104 9.831053994665666 10.02134833102279 9.290258719240644 9.455200919809114 10.001522813409474 10.021413276231263 10.021413276231263 10.019384295925342
10.021413276231263 10.021413276231263 10.021413276231263 10.021413276231263 10.021413276231263 10.021413276231263 10.021413276231263 10.021413276231263 10.021413276231263 10.021413276231263 10.021413276231263 10.016748407636848 10.021413276231263 10.021413276231263 10.01293291356287 8.21415010013804 8.484648161862621 9.321192670966845 8.326275269527603 5.853657718882801 7.0252924251728865 8.408255824500344 6.05226955657323 6.520506285992428 8.829752629064346 9.500670834958596 7.976661172298328 9.270747470596694 10.001048602861033 10.021413276231263 10.021413276231263 10.007470630177439
10.021413276231263 10.021413276231263 10.021413276231263 10.021413276231263 10.019719157921163 10.021413276231263 10.021413276231263 10.021413276231263 10.021413276231263 10.021413276231263 10.021413276231263 9.997998330651596 9.759543320600722 9.645328383560962 9.658276813489765 7.831732056297321 6.066931816310933 7.410798689805768 7.610022903967801 5.253530389776528 5.295956414740534 7.917876978942009 8.144291881152894 7.52688073629997 8.926808660894341 9.84200313373732 9.635011160993997 8.88585382760998 9.955622808821428 10.021413276231263 10.021413276231263 10.021413276231263
10.021413276231263 10.021413276231263 10.021413276231263 10.013048688873 9.98847855402555 10.021413276231263 10.021413276231263 10.021413276231263 10.021413276231263 10.013576542461543 10.021413276231263 10.015736091344836 9.558292672127545 9.915730712776503 10.021413276231263 8.956524429043789 7.439866405978845 9.837527953852208 9.897137044165895 7.902296560655537 8.958058446972366 10.018014505426061 9.809857617005722 9.526466741401048 10.020964640568392 10.021413276231263 10.018126777150632 9.883646982958465 10.021413276231263 10.021413276231263 10.021413276231263 10.021413276231263
10.021413276231263 10.021413276231263 10.021413276231263 10.021413276231263 10.021413276231263 10.021413276231263 10.021413276231263 10.021413276231263 10.021413276231263 10.021413276231263 10.021413276231263 9.98350950131206 9.776984212699807 10.021413276231263 10.018710762786622 7.772616762692636 8.661544614992396 10.00696563011873 9.844180572832926 8.266558833908535 9.637580001838208 10.021413276231263 9.804822036928183 9.881846293717679 10.021413276231263 10.021413276231263 10.00855546549824 10.021413276231263 10.021413276231263 10.021413276231263 10.021413276231263 10.021413276231263
10.021413276231263 10.021413276231263 10.001893228662306 9.97126212061331 10.013322676580767 10.021413276231263 10.021413276231263 9.989317812778365 9.865866885397006 9.999032976473698 9.913309342690106 8.91852663205225 8.12513849623363 9.282586664623908 8.826480222702772 5.081536853931909 6.565207078959229 8.544635477729392 7.3588600909384265 6.218184694217003 8.354517169031771 9.287720805794422 8.380985899713803 9.304262439120528 10.007465337414297 10.010964304628414 9.922231304692506 10.021413276231263 10.021413276231263 10.021413276231263 10.021413276231263 10.021413276231263
10.021413276231263 10.016737584941335 10.021413276231263 9.968054027795914 9.932138722565194 10.021413276231263 10.021413276231263 10.018259344822402 9.537814380285257 9.636461108963257 9.957096681849855 8.870498618886577 5.640490837246455 7.684419440425605 8.436885091344669 6.003817906329587 5.088075244078917 8.379340347006094 8.940131922755294 8.07712652325965 9.145270450781162 9.86952689030288 9.942287982341135 9.939629357417749 10.021413276231263 10.021413276231263 10.021413276231263 10.021413276231263 10.021413276231263 10.021413276231263 10.021413276231263 10.021413276231263
10.021413276231263 10.021413276231263 10.01948552661333 9.990206098503306 10.004002914531345 10.021413276231263 10.021413276231263 10.021413276231263 9.80427801945386 10.021296426316889 10.021413276231263 9.89408054863059 8.010085025198125 10.015579231407816 10.019230130812854 8.36997205053195 9.036455898361757 10.021147529362946 10.016928068651175 9.736706575372466 10.012217655216594 10.021413276231263 10.021413276231263 10.021413276231263 10.021413276231263 10.021413276231263 10.021413276231263 10.021413276231263 10.021413276231263 10.021413276231263 10.021413276231263 10.021413276231263
10.019890251796392 10.01256127754407 9.974895680006084 9.90967764569053 9.995566477339201 10.021413276231263 10.021413276231263 10.019206162513655 9.38444643568901 10.021413276231263 10.021413276231263 9.504601980003143 8.173673892359814 10.021292630292246 10.000517167445347 6.996190507739556 9.574082287734026 10.021413276231263 10.003631344170735 9.856464917478275 10.021413276231263 10.021413276231263 10.018610695798921 10.021413276231263 10.021413276231263 10.021413276231263 10.021413276231263 10.021413276231263 10.021413276231263 10.021413276231263 10.021413276231263 10.021413276231263
9.97998493029 9.79072548416281 9.644093575572231 9.130614453587244 9.553109033239553 9.961768375017591 9.97129862183508 9.19457931528142 7.2816336243309845 9.066653102519282 8.875051866766336 5.933973170247263 5.669777214141943 8.569014517456187 8.287143781635459 5.842245081990064 8.56006411696291 9.810620740383207 9.726211918799239 9.722786046595441 9.95260554364579 10.017455973864347 10.013310517820111 10.021413276231263 10.021413276231263 10.021413276231263 10.021413276231263 10.021413276231263 10.021413276231263 10.021413276231263 10.021413276231263 10.021413276231263
9.918805306137566 9.640605762753308 9.783024268873021 9.292179103285529 9.398441688230603 9.98065268892407 10.020924319456075 9.955530828524916 7.538102997472511 9.309313096978622 9.92815535446085 8.890161305570198 5.504062919533644 9.636321132516018 9.934251011952714 8.757520673581634 9.20138165301562 10.001423440904787 10.018099728728524 10.01260062794516 10.021413276231263 10.021413276231263 10.021413276231263 10.021413276231263 10.021413276231263 10.021413276231263 10.021413276231263 10.021413276231263 10.021413276231263 10.021413276231263 10.021413276231263 10.021413276231263
9.779245718229598 9.715824485642807 9.87144699195695 9.634054897457013 9.814829015515448 10.019940004774115 10.021413276231263 10.021413276231263 8.881380906693227 10.021413276231263 10.021413276231263 9.919842032491472 8.869690559979452 10.021413276231263 10.021413276231263 9.651136317284184 9.96706269133721 10.021413276231263 10.021413276231263 10.021413276231263 10.021413276231263 10.021413276231263 10.021413276231263 10.021413276231263 10.021413276231263 10.021413276231263 10.021413276231263 10.021413276231263 10.021413276231263 10.021413276231263 10.021413276231263 10.021413276231263
9.30639536176219 9.15663586966702 9.438696937843051 8.812205806348887 9.218522035870336 9.919746921952994 10.009144479529253 9.684253639294157 8.103815876283118 9.966017336543688 9.958394344971431 8.815053950757347 8.982947738183018 10.021413276231263 9.996600045660239 8.026450516031604 10.006093409601148 10.021413276231263 10.020753068181506 10.017451545776625 10.021413276231263 10.021413276231263 10.021413276231263 10.021413276231263 10.021413276231263 10.021413276231263 10.021413276231263 10.021413276231263 10.021413276231263 10.021413276231263 10.021413276231263 10.021413276231263
8.20056676156853 7.387078312610036 7.740855964587239 7.196266685877684 8.020024607857327 9.087757952765106 9.770856227414093 8.366569883664754 5.68232543781638 8.887411315124702 9.209855705855809 7.726588230271803 7.944063348595803 9.688668558322355 9.792084371525691 9.333031769908276 9.970749316973802 10.021413276231263 10.021413276231263 10.021413276231263 10.021413276231263 10.021413276231263 10.021413276231263 10.021413276231263 10.021413276231263 10.021413276231263 10.021413276231263 10.021413276231263 10.021413276231263 10.021413276231263 10.021413276231263 10.021413276231263
8.243653387998625 7.124327588305369 7.3260129142466734 6.75864374125179 7.227763304806902 7.4422079230919715 8.789658931338021 8.621157636794102 5.187683307645643 6.146779598349462 8.353000031524939 7.866687974948232 5.736296586245108 8.561591734556234 9.635379563636072 9.23398559538326 9.338694090593998 10.001377817447517 10.001588486105145 10.017247077577357 10.021413276231263 10.021413276231263 10.021413276231263 10.021413276231263 10.021413276231263 10.021413276231263 10.021413276231263 10.021413276231263 10.021413276231263 10.021413276231263 10.021413276231263 10.021413276231263
8.349676094952159 7.813833098622943 8.658218810097367 8.46299487434164 8.794081236315616 9.762845523319465 9.972525709533604 9.930879086817447 8.79881243591393 9.792225500273902 9.971245726742586 9.920106214831725 9.328313305429582 9.99426743130183 10.021413276231263 10.006656191772077 10.006492102996024 10.021413276231263 10.021413276231263 10.021413276231263 10.021413276231263 10.021413276231263 10.021413276231263 10.021413276231263 10.021413276231263 10.021413276231263 10.021413276231263 10.021413276231263 10.021413276231263 10.021413276231263 10.021413276231263 10.021413276231263
8.557930678790335 8.196964522626983 9.135239698763167 9.01541053085234 9.466947915800398 9.770316102248048 9.980081844080646 9.989744243476915 9.832311103291953 9.931223981151795 10.021413276231263 10.021413276231263 9.924412136653194 10.01983688256042 10.021413276231263 10.021413276231263 10.020544617987884 10.021413276231263 10.021413276231263 10.021413276231263 10.021413276231263 10.021413276231263 10.021413276231263 10.021413276231263 10.021413276231263 10.021413276231263 10.021413276231263 10.021413276231263 10.021413276231263 10.021413276231263 10.021413276231263 10.021413276231263
7.819329991768933 7.578902529242969 8.050742437936442 7.933546807177043 8.609557593547382 9.256842770952428 9.871020671793392 9.690363648023006 8.964967650532877 9.824809761572155 10.003340181521626 9.929427936478875 9.950944414293458 10.021413276231263 10.021413276231263 9.98752369829169 10.019608940873093 10.021413276231263 10.021413276231263 10.021413276231263 10.021413276231263 10.021413276231263 10.021413276231263 10.021413276231263 10.021413276231263 10.021413276231263 10.021413276231263 10.021413276231263 10.021413276231263 10.021413276231263 10.021413276231263 10.021413276231263
8.16420082582022 8.095580500408495 8.91398781059519 8.795926639333254 9.406414546151272 9.828210994002825 9.99662111193624 9.95677723266237 9.728110323076354 10.000049580326966 10.018811344014237 9.97895066727241 9.988586372113923 10.021413276231263 10.021413276231263 9.98524850968588 10.021413276231263 10.021413276231263 10.021413276231263 10.021413276231263 10.021413276231263 10.021413276231263 10.021413276231263 10.021413276231263 10.021413276231263 10.021413276231263 10.021413276231263 10.021413276231263 10.021413276231263 10.021413276231263 10.021413276231263 10.021413276231263
