10.030211480362539 10.030211480362539 10.030211480362539 10.030211480362539 10.030211480362539 10.030211480362539 10.030211480362539 10.030211480362539 10.030211480362539 10.030211480362539 10.030211480362539 10.030211480362539 10.030211480362539 10.030211480362539 10.030211480362539 10.030211480362539 10.022452525427799 10.030211480362539 10.030211480362539 10.030211480362539 10.01145327748163 10.024019057228788 10.013599259364648 9.929523944064178 9.898629523944315 9.996948378217462 9.765754582823536 8.85970080657505 8.916788548805512 8.791589953154096 9.592351553300729 9.686244615473871
10.030211480362539 10.030211480362539 10.030211480362539 10.030211480362539 10.030211480362539 10.030211480362539 10.030211480362539 10.030211480362539 10.030211480362539 10.030211480362539 10.030211480362539 10.030211480362539 10.030211480362539 10.030211480362539 10.030211480362539 10.030211480362539 10.030211480362539 10.030211480362539 10.030211480362539 10.030211480362539 10.030211480362539 10.030211480362539 10.024814402566777 9.960398245028951 9.947198095237734 10.014960151340665 9.836657779508645 8.501240040289883 8.521299849634522 7.861153034204282 8.966894518567143 9.334962334843349
10.030211480362539 10.030211480362539 10.030211480362539 10.030211480362539 10.030211480362539 10.030211480362539 10.030211480362539 10.030211480362539 10.030211480362539 10.030211480362539 10.030211480362539 10.030211480362539 10.030211480362539 10.030211480362539 10.030211480362539 10.030211480362539 10.030211480362539 10.030211480362539 10.030211480362539 10.030211480362539 10.030211480362539 10.030211480362539 10.030211480362539 9.913791196668198 9.779312613441794 9.938755790375161 9.513626672553144 7.383055698679499 7.226240293174446 6.385036480843258 7.519910195761687 8.204134324100249
10.030211480362539 10.030211480362539 10.030211480362539 10.030211480362539 10.030211480362539 10.030211480362539 10.030211480362539 10.030211480362539 10.030211480362539 10.030211480362539 10.030211480362539 10.030211480362539 10.030211480362539 10.030211480362539 10.030211480362539 10.030211480362539 10.030211480362539 10.030211480362539 10.030211480362539 10.030211480362539 9.999573154385134 10.002592495722165 9.981777946017893 8.671678845162738 8.765951649209208 9.596655525443309 8.745667493567783 6.6289553813983355 6.442821769351843 6.9964848163708595 8.001544755923929 8.331182568995953
10.030211480362539 10.030211480362539 10.030211480362539 10.030211480362539 10.030211480362539 10.030211480362539 10.030211480362539 10.030211480362539 10.030211480362539 10.030211480362539 10.030211480362539 10.030211480362539 10.030211480362539 10.030211480362539 10.030211480362539 10.024040276343966 10.030211480362539 10.030211480362539 10.02688345335136 9.019998736312601 8.843075171669067 9.237898835608153 6.399581803056951 4.993581101215156 6.372039965992087 7.545357602752302 5.070967249751816 5.371056533365093 5.722531775457282 7.30843290412054 8.254162808548218 8.321936908390692
10.030211480362539 10.030211480362539 10.030211480362539 10.030211480362539 10.030211480362539 10.030211480362539 10.030211480362539 10.030211480362539 10.030211480362539 10.030211480362539 10.030211480362539 10.030211480362539 10.030211480362539 10.030211480362539 10.030211480362539 10.030211480362539 9.73878270614493 9.49948695945584 9.859577773753635 8.079156536669387 5.638833809116032 6.916724529500436 7.5511373352117745 5.170427270556212 5.280231735079935 8.254912214373356 8.585246619027856 6.659830211414081 8.108685383242838 9.201413974325208 9.294233608875867 8.867216851904919
10.030211480362539 10.030211480362539 10.030211480362539 10.030211480362539 10.030211480362539 10.030211480362539 10.030211480362539 10.030211480362539 10.030211480362539 10.030211480362539 10.030211480362539 10.030211480362539 10.030211480362539 10.030211480362539 10.030211480362539 10.030211480362539 9.68602055417419 10.028501422963188 10.030211480362539 9.461833611321557 8.429610921989534 9.987200053794085 9.88365558846797 7.695834955552019 9.000098730156484 10.030211480362539 10.026167829210113 9.101051630846051 9.60543945931721 9.875242938366467 9.730239399760306 9.165354672844158
10.030211480362539 10.030211480362539 10.030211480362539 10.030211480362539 10.030211480362539 10.030211480362539 10.030211480362539 10.030211480362539 10.030211480362539 10.030211480362539 10.030211480362539 10.030211480362539 10.030211480362539 10.030211480362539 10.030211480362539 10.030211480362539 9.963325705426495 10.030211480362539 10.030211480362539 8.410208872974218 8.266930025243397 9.926410562224012 9.011526705451189 6.984517307525998 9.155066712627306 10.027688508879251 9.836270895399991 9.748029542435388 9.800267200409216 9.94167696561522 9.935215968630237 9.625832950362224
10.030211480362539 10.030211480362539 10.030211480362539 10.030211480362539 10.030211480362539 10.030211480362539 10.030211480362539 10.030211480362539 10.030211480362539 10.030211480362539 10.030211480362539 10.030211480362539 10.030211480362539 10.030211480362539 10.030211480362539 9.234361649622008 8.336169769660303 9.277310926978325 8.38884197592651 5.343946877256784 5.450202619531838 7.487743964877637 6.581754789989701 5.224487579430394 7.811535134810251 9.743097803542932 9.383675638019481 9.84697800614277 9.881431258889622 10.023840994039732 10.025998200721908 9.89403635253447
10.030211480362539 10.030211480362539 10.030211480362539 10.030211480362539 10.030211480362539 10.030211480362539 10.030211480362539 10.030211480362539 10.030211480362539 10.030211480362539 10.030211480362539 10.030211480362539 9.924153383043693 9.667388829206581 9.992576272676466 8.705821290164899 5.253893628712761 7.260163506924563 7.957846722666038 5.419440341982295 5.135973551742868 8.067905688960181 8.516425074773263 7.519425888902273 9.31868381665645 10.030211480362539 10.030211480362539 9.975955260201447 10.022900717854833 10.030211480362539 10.030211480362539 9.887913216849316
10.030211480362539 10.030211480362539 10.030211480362539 10.030211480362539 10.030211480362539 10.030211480362539 10.030211480362539 10.030211480362539 10.030211480362539 10.030211480362539 10.030211480362539 10.030211480362539 9.675475626167056 10.028032925725798 10.030211480362539 9.27628386279327 7.208272120824408 9.899961614038162 9.88964200991838 7.4368670707620605 8.38316884212025 10.030211480362539 9.980560417593592 9.729620978240849 10.030211480362539 10.030211480362539 10.030211480362539 10.030211480362539 10.030211480362539 10.030211480362539 10.030211480362539 10.011485676811656
10.030211480362539 10.030211480362539 10.030211480362539 10.030211480362539 10.030211480362539 10.030211480362539 10.030211480362539 10.030211480362539 10.030211480362539 10.030211480362539 10.030211480362539 10.030211480362539 9.876986118070292 10.030211480362539 10.030211480362539 7.063592436098277 7.706558434496611 9.773863980154527 8.922244813869511 6.5008170856979035 8.447080841325572 10.014999165010277 9.550582998162739 9.594596299247215 10.02854558185868 10.030211480362539 10.030211480362539 10.030211480362539 10.030211480362539 10.030211480362539 10.030211480362539 10.023536745160275
10.030211480362539 10.030211480362539 10.030211480362539 10.030211480362539 10.030211480362539 10.030211480362539 10.030211480362539 10.030211480362539 10.030211480362539 10.030211480362539 10.030211480362539 10.021504045688886 8.129897412571715 9.371616940191705 8.597233801782602 4.976190067165773 5.129631515584018 7.301500910330987 6.6759542505467975 5.006031255106038 7.365494342689315 9.618618731514442 9.325579444529227 9.871032339427396 10.030211480362539 10.030211480362539 10.030211480362539 10.030211480362539 10.030211480362539 10.030211480362539 10.030211480362539 10.030211480362539
10.030211480362539 10.030211480362539 10.030211480362539 10.030211480362539 10.021897944674452 10.030211480362539 10.030211480362539 10.030211480362539 10.020183463337698 10.01944263447129 10.03010248121519 9.614057904864623 6.212720814375081 8.664546585366038 8.759092111845519 5.979477483599234 5.2788774808055505 8.555660682352354 8.85628344255045 7.6073658831073026 9.490970578490238 10.030211480362539 10.030211480362539 10.030211480362539 10.030211480362539 10.030211480362539 10.030211480362539 10.030211480362539 10.030211480362539 10.030211480362539 10.030211480362539 10.030211480362539
10.030211480362539 10.030211480362539 10.030211480362539 10.030211480362539 10.02708933279156 10.030211480362539 10.030211480362539 10.030211480362539 10.005383925779524 10.030211480362539 10.030211480362539 9.893577208951074 7.69440868130452 10.004989279147326 9.998084770768875 7.40118963041868 8.204755942255193 10.030211480362539 10.029169055803282 9.630721249525031 10.027633197735973 10.030211480362539 10.030211480362539 10.030211480362539 10.030211480362539 10.030211480362539 10.030211480362539 10.030211480362539 10.030211480362539 10.030211480362539 10.030211480362539 10.030211480362539
10.030211480362539 10.030211480362539 10.030211480362539 10.030211480362539 10.030211480362539 10.030211480362539 10.030211480362539 10.030211480362539 10.024900890338014 10.030211480362539 10.030211480362539 9.418530805223185 7.792142130448289 9.979436202140478 9.475493396197827 5.10572285222239 8.384491950838207 10.02386821871882 9.804163095417497 9.261768315513045 10.019009995636633 10.030211480362539 10.012328330898953 10.030211480362539 10.030211480362539 10.030211480362539 10.030211480362539 10.030211480362539 10.030211480362539 10.030211480362539 10.030211480362539 10.030211480362539
10.00422591077799 9.940139408757183 9.943495082683361 9.770088998111675 9.759828149436869 10.030211480362539 10.026737564511887 9.10154821234327 8.757038865179991 9.533821093522537 7.887169918157371 4.895390532878451 5.2235680162974845 7.455327479722572 5.6544259898190425 4.513852901632711 7.499262246251045 9.459786715937625 9.097920321057318 9.90551877207177 10.030211480362539 10.030211480362539 10.030211480362539 10.030211480362539 10.030211480362539 10.030211480362539 10.030211480362539 10.030211480362539 10.030211480362539 10.030211480362539 10.030211480362539 10.030211480362539
9.966653931307572 9.964878272880838 9.929556603161624 9.315129991739795 9.558248961274366 10.00878581078515 10.030211480362539 9.745301363543483 7.9540484235411775 9.224425165282563 9.610191194898823 7.344533941323253 5.547750910003539 9.442743138937345 9.725774559245062 8.210462580055587 9.351219272619277 10.030211480362539 10.030211480362539 10.030211480362539 10.030211480362539 10.030211480362539 10.030211480362539 10.030211480362539 10.030211480362539 10.030211480362539 10.030211480362539 10.030211480362539 10.030211480362539 10.030211480362539 10.030211480362539 10.030211480362539
10.006414597078205 10.010005303220547 9.996583955504198 9.748899497116847 9.979230753058538 10.02811138737463 10.030211480362539 10.026867607812113 9.843052874575081 10.030211480362539 10.030211480362539 8.840762610213625 8.719403370627598 10.030211480362539 10.030211480362539 9.242392998289764 10.020920750468846 10.030211480362539 10.030211480362539 10.030211480362539 10.030211480362539 10.030211480362539 10.030211480362539 10.030211480362539 10.030211480362539 10.030211480362539 10.030211480362539 10.030211480362539 10.030211480362539 10.030211480362539 10.030211480362539 10.030211480362539
9.997890143704074 9.996126858759055 9.974326484769007 9.639081114690455 9.805073852896234 10.014734507836865 10.030211480362539 9.877245326228694 9.372934631700629 9.984222252340299 10.00267658337624 7.704111142650289 8.950461712611002 10.027825199823571 10.023638897048887 8.25165355912875 10.027260859817856 10.030211480362539 10.030211480362539 10.030211480362539 10.030211480362539 10.030211480362539 10.030211480362539 10.030211480362539 10.030211480362539 10.030211480362539 10.030211480362539 10.030211480362539 10.030211480362539 10.030211480362539 10.030211480362539 10.030211480362539
9.84391472432411 9.484119711925356 9.43881440743443 8.513687175129395 9.032963028653818 9.674084474746042 9.954425903489673 8.256012879524324 6.778036798140304 8.768242217128385 9.004521884968794 5.974131906781648 7.582151374927488 9.591257360716568 9.844442699314213 9.68631014868762 10.001633003579055 10.030211480362539 10.030211480362539 10.030211480362539 10.030211480362539 10.030211480362539 10.030211480362539 10.030211480362539 10.030211480362539 10.030211480362539 10.030211480362539 10.030211480362539 10.030211480362539 10.030211480362539 10.030211480362539 10.030211480362539
9.8475611620198 9.541366440024355 9.809936036486427 8.78140656355879 9.300537795879203 9.939079638115919 10.024555373769186 9.887203482050339 8.616556521668608 9.978717460970344 10.030211480362539 8.863896598266809 9.584505217164518 10.030211480362539 10.030211480362539 10.030211480362539 10.030211480362539 10.030211480362539 10.030211480362539 10.030211480362539 10.030211480362539 10.030211480362539 10.030211480362539 10.030211480362539 10.030211480362539 10.030211480362539 10.030211480362539 10.030211480362539 10.030211480362539 10.030211480362539 10.030211480362539 10.030211480362539
9.94679712466253 9.777749299246029 9.96073822317509 9.561353296049116 9.767862906050606 9.995043100131095 10.030211480362539 10.019817568302754 9.66008021393202 10.030211480362539 10.030211480362539 9.775737030568319 10.0253145433604 10.030211480362539 10.030211480362539 10.030211480362539 10.030211480362539 10.030211480362539 10.030211480362539 10.030211480362539 10.030211480362539 10.030211480362539 10.030211480362539 10.030211480362539 10.030211480362539 10.030211480362539 10.030211480362539 10.030211480362539 10.030211480362539 10.030211480362539 10.030211480362539 10.030211480362539
9.833887078276108 9.411673160301516 9.733369491876605 8.990857722768217 9.068986577703363 9.772915487513492 9.874863658909485 9.378804757505176 8.89059118916251 9.816951770202511 9.909503706426378 9.061725620315523 9.962280461586758 10.030211480362539 10.030211480362539 10.030211480362539 10.030211480362539 10.030211480362539 10.030211480362539 10.030211480362539 10.030211480362539 10.030211480362539 10.030211480362539 10.030211480362539 10.030211480362539 10.030211480362539 10.030211480362539 10.030211480362539 10.030211480362539 10.030211480362539 10.030211480362539 10.030211480362539
9.393736209432337 8.458333159912558 8.780084967727438 7.503186343974763 8.603299325650008 9.47424066831369 9.975554215590696 9.319798608778404 8.37182229116304 9.90175940341938 10.02349479758985 9.446761024612043 9.973486244582427 10.030211480362539 10.030211480362539 10.030211480362539 10.030211480362539 10.030211480362539 10.030211480362539 10.030211480362539 10.030211480362539 10.030211480362539 10.030211480362539 10.030211480362539 10.030211480362539 10.030211480362539 10.030211480362539 10.030211480362539 10.030211480362539 10.030211480362539 10.030211480362539 10.030211480362539
9.588942869252948 9.13916866308397 9.717917508018218 9.034674691952626 9.619988974127043 9.982414778336851 10.030211480362539 10.021750839146538 9.848013648992952 10.030211480362539 10.030211480362539 10.027951573187513 10.030211480362539 10.030211480362539 10.030211480362539 10.030211480362539 10.030211480362539 10.030211480362539 10.030211480362539 10.030211480362539 10.030211480362539 10.030211480362539 10.030211480362539 10.030211480362539 10.030211480362539 10.030211480362539 10.030211480362539 10.030211480362539 10.030211480362539 10.030211480362539 10.030211480362539 10.030211480362539
9.663305571550142 9.435556955397967 9.798931187694729 9.687203366523649 9.814718159996819 10.027180266416869 10.030211480362539 10.027685832432498 9.981401654808872 10.030211480362539 10.030211480362539 10.030211480362539 10.030211480362539 10.030211480362539 10.030211480362539 10.030211480362539 10.030211480362539 10.030211480362539 10.030211480362539 10.030211480362539 10.030211480362539 10.030211480362539 10.030211480362539 10.030211480362539 10.030211480362539 10.030211480362539 10.030211480362539 10.030211480362539 10.030211480362539 10.030211480362539 10.030211480362539 10.030211480362539
9.341815527160824 9.020771161502559 9.400302066596657 9.093582414133351 9.428676329489733 9.778512789914041 9.902781387185401 9.757180476004798 9.708612597502835 9.993504834971644 10.026240001241598 9.961581972326389 10.030211480362539 10.030211480362539 10.030211480362539 10.030211480362539 10.030211480362539 10.030211480362539 10.030211480362539 10.030211480362539 10.030211480362539 10.030211480362539 10.030211480362539 10.030211480362539 10.030211480362539 10.030211480362539 10.030211480362539 10.030211480362539 10.030211480362539 10.030211480362539 10.030211480362539 10.030211480362539
8.533228436227676 7.943582521233343 8.160698625252108 7.930445048855526 8.643399693946803 9.3990067094049 9.706716200152458 9.042499688896633 9.147262174251242 9.8844873263501 9.945203563389468 9.597289519496304 10.014550965929256 10.030211480362539 10.030211480362539 10.030211480362539 10.030211480362539 10.030211480362539 10.030211480362539 10.030211480362539 10.030211480362539 10.030211480362539 10.030211480362539 10.030211480362539 10.030211480362539 10.030211480362539 10.030211480362539 10.030211480362539 10.030211480362539 10.030211480362539 10.030211480362539 10.030211480362539
8.845212110677593 8.37979332584431 8.855711489760523 8.48278060498207 8.992665573640785 9.966469235966978 9.994407927184609 9.760162281209917 9.99325484598713 10.030211480362539 10.030211480362539 9.937402831467384 10.030211480362539 10.030211480362539 10.030211480362539 10.030211480362539 10.030211480362539 10.030211480362539 10.030211480362539 10.030211480362539 10.030211480362539 10.030211480362539 10.030211480362539 10.030211480362539 10.030211480362539 10.030211480362539 10.030211480362539 10.030211480362539 10.030211480362539 10.030211480362539 10.030211480362539 10.030211480362539
8.307290371041173 7.589576076639956 7.894390974642952 7.278295632264846 8.239594453766218 9.350165568101827 9.52621826618202 9.129468771594258 9.286925888645968 9.943221455114383 9.974808927189846 9.787841946305033 10.026763860983637 10.030211480362539 10.030211480362539 10.030211480362539 10.030211480362539 10.030211480362539 10.030211480362539 10.030211480362539 10.030211480362539 10.030211480362539 10.030211480362539 10.030211480362539 10.030211480362539 10.030211480362539 10.030211480362539 10.030211480362539 10.030211480362539 10.030211480362539 10.030211480362539 10.030211480362539
8.402084101488475 8.32328419794728 8.66764989746291 8.279867147995807 9.078519540164042 9.832953603996701 9.922266260583745 9.844423366891375 9.930466825800453 10.023380162676379 10.02111900316867 10.007492589267782 10.030211480362539 10.030211480362539 10.030211480362539 10.030211480362539 10.030211480362539 10.030211480362539 10.030211480362539 10.030211480362539 10.030211480362539 10.030211480362539 10.030211480362539 10.030211480362539 10.030211480362539 10.030211480362539 10.030211480362539 10.030211480362539 10.030211480362539 10.030211480362539 10.030211480362539 10.030211480362539
