10.016638935108153 10.016638935108153 10.016638935108153 10.016638935108153 10.016638935108153 10.016638935108153 10.016638935108153 10.016638935108153 10.016638935108153 10.016638935108153 10.016638935108153 10.016638935108153 10.016638935108153 10.016638935108153 10.016638935108153 10.016638935108153 10.016638935108153 10.016638935108153 10.016638935108153 10.016638935108153 10.014048696647231 9.904503269419358 9.993756034118014 9.996154593166727 9.751978675248257 9.384920067456125 9.78199141249405 9.502581455720101 8.956972971734684 8.764080140961287 9.354291815152422 9.50483817738847
10.016638935108153 10.016638935108153 10.016638935108153 10.016638935108153 10.016638935108153 10.016638935108153 10.016638935108153 10.016638935108153 10.016638935108153 10.016638935108153 10.016638935108153 10.016638935108153 10.016638935108153 10.016638935108153 10.016638935108153 10.016638935108153 10.016638935108153 10.016638935108153 10.016638935108153 10.016638935108153 10.016638935108153 10.01265044187647 10.016638935108153 10.006096658598215 9.923195063560607 9.751547012738433 9.920500586990928 9.724448786751685 8.887866711448659 8.114285468360043 8.791387728015195 9.208379822825709
10.016638935108153 10.016638935108153 10.016638935108153 10.016638935108153 10.016638935108153 10.016638935108153 10.016638935108153 10.016638935108153 10.016638935108153 10.016638935108153 10.016638935108153 10.016638935108153 10.016638935108153 10.016638935108153 10.016638935108153 10.016638935108153 10.016638935108153 10.016638935108153 10.016638935108153 10.016638935108153 10.016638935108153 9.983417064198804 9.98987332426195 9.977223190621679 9.685262635972908 9.41832017143657 9.711232909018722 9.371402781271737 7.909605388900688 6.749716952657497 7.589933034440279 8.265368214732186
10.016638935108153 10.016638935108153 10.016638935108153 10.016638935108153 10.016638935108153 10.016638935108153 10.016638935108153 10.016638935108153 10.016638935108153 10.016638935108153 10.016638935108153 10.016638935108153 10.016638935108153 10.016638935108153 10.016638935108153 10.016638935108153 10.016638935108153 10.016638935108153 10.016638935108153 10.016638935108153 10.016638935108153 9.989530770469067 10.016638935108153 10.016638935108153 9.76892850370117 9.57793687840885 10.00051772881984 9.543047724869767 7.634684707661663 6.95694729640761 8.214422431240099 8.75539553576159
10.016638935108153 10.016638935108153 10.016638935108153 10.016638935108153 10.016638935108153 10.016638935108153 10.016638935108153 10.016638935108153 10.016638935108153 10.016638935108153 10.016638935108153 10.016638935108153 10.016638935108153 10.016638935108153 10.016638935108153 10.016638935108153 10.016638935108153 10.016638935108153 10.016638935108153 10.016638935108153 10.016638935108153 9.980759450042912 10.016638935108153 10.016638935108153 8.421250084418476 9.00664247088666 9.990591325238322 9.100428567721389 7.146805860123056 7.100515572668881 8.450032382002886 8.835175205875238
10.016638935108153 10.016638935108153 10.016638935108153 10.016638935108153 10.016638935108153 10.016638935108153 10.016638935108153 10.016638935108153 10.016638935108153 10.016638935108153 10.016638935108153 10.016638935108153 10.016638935108153 10.016638935108153 10.016638935108153 10.016638935108153 10.016638935108153 10.016638935108153 10.016638935108153 10.016638935108153 9.74654593718824 8.838547754829422 9.53536067256552 7.711732964589562 5.139991089840677 6.273490098660953 7.860627486411281 5.191505596655631 5.4096886679444065 6.359263966948593 7.978756810468291 8.574441241373849
10.016638935108153 10.016638935108153 10.016638935108153 10.016638935108153 10.016638935108153 10.016638935108153 10.016638935108153 10.016638935108153 10.016638935108153 10.016638935108153 10.016638935108153 10.016638935108153 10.016638935108153 10.016638935108153 10.016638935108153 10.016638935108153 10.016638935108153 9.520959859100893 9.862473657244857 9.895484046958398 8.117209383953236 5.307673751635134 7.317986801861617 7.6105366115101845 5.093485803899168 5.185430826730263 8.36531441129857 8.42167369820672 7.935023146786813 7.6582756899819255 8.850353333300326 8.69300556263634
10.016638935108153 10.016638935108153 10.016638935108153 10.016638935108153 10.016638935108153 10.016638935108153 10.016638935108153 10.016638935108153 10.016638935108153 10.016638935108153 10.016638935108153 10.016638935108153 10.016638935108153 10.016638935108153 10.016638935108153 10.016638935108153 10.016638935108153 9.898838607232237 10.016638935108153 10.016638935108153 9.341943078143556 8.275458803713294 9.994648377659706 9.839717169506086 7.498336474221894 9.033266096630754 10.016638935108153 9.873784289231137 9.684705491100967 9.328533326712764 9.792970738858067 9.697902875449888
10.016638935108153 10.016638935108153 10.016638935108153 10.016638935108153 10.016638935108153 10.016638935108153 10.016638935108153 10.016638935108153 10.016638935108153 10.016638935108153 10.016638935108153 10.016638935108153 10.016638935108153 10.016638935108153 10.016638935108153 10.016638935108153 10.016638935108153 9.920712498520443 10.016638935108153 10.016638935108153 8.242569841687832 8.2593336752589 9.942352413486438 8.832351474807403 6.853351817246709 9.240738813063539 10.016219083677525 8.522186356894212 9.619651368761767 9.822241208073883 9.973772564517212 9.852975567518353
10.016638935108153 10.016638935108153 10.016638935108153 10.016638935108153 10.016638935108153 10.016638935108153 10.016638935108153 10.016638935108153 10.016638935108153 10.016638935108153 10.016638935108153 10.016638935108153 10.016638935108153 10.016638935108153 10.016638935108153 10.016638935108153 9.21181597860944 8.0524547372747 9.279020191370012 7.804912570211582 5.021509221342082 5.481980188355492 7.279330329334272 5.449541408302656 5.071037176906542 7.85127917806054 9.38220922769208 5.617672400167315 9.671433531539302 9.924725380785583 9.998664217679488 9.913819311608794
10.016638935108153 10.016638935108153 10.016638935108153 10.016638935108153 10.016638935108153 10.016638935108153 10.016638935108153 10.016638935108153 10.016638935108153 10.016638935108153 10.016638935108153 10.016638935108153 10.016638935108153 9.826901555786385 9.95263647447361 10.007083185802397 8.856755258446865 5.190911277212469 7.929116985096255 8.129538739249586 5.414907543974857 5.165869439117954 8.3671722447667 8.563697378354934 7.588126012096045 9.305393302095586 10.016638935108153 9.953140433612548 9.997188290844058 10.000275455531208 10.013734758376968 9.96379402975552
10.016638935108153 10.016638935108153 10.016638935108153 10.016638935108153 10.016638935108153 10.016638935108153 10.016638935108153 10.016638935108153 10.016638935108153 10.016638935108153 10.016638935108153 10.016638935108153 10.016638935108153 9.903904328171505 10.016638935108153 10.016638935108153 9.54442727154411 7.385590384279617 9.988317028407849 9.885482208616665 7.412993013380168 8.562518612759812 10.016638935108153 10.014933326635237 9.782454750047483 10.016638935108153 10.016638935108153 10.000013999312117 10.00935009934026 10.016638935108153 10.016638935108153 10.01268485901316
10.016638935108153 10.016638935108153 10.016638935108153 10.016638935108153 10.016638935108153 10.016638935108153 10.016638935108153 10.016638935108153 10.016638935108153 10.016638935108153 10.016638935108153 10.016638935108153 10.016638935108153 9.872549729502945 10.016638935108153 10.016638935108153 7.7099701412028745 7.715576724984106 9.805267696414466 8.756005837098188 6.407212628677493 8.538021072015656 10.014637381949488 9.717330337615223 9.670068408944935 10.016638935108153 10.016638935108153 9.911024269020269 10.008781570568008 10.016638935108153 10.016638935108153 10.012721725422145
10.016638935108153 10.016638935108153 10.016638935108153 10.016638935108153 10.016638935108153 10.016638935108153 10.016638935108153 10.016638935108153 10.016638935108153 10.016638935108153 10.016638935108153 10.016638935108153 10.010927959840064 8.027611519493156 9.312194574685321 8.52585019369681 5.0737926873317925 5.160990177180851 7.391729721209433 6.648700857812143 5.062675981417703 7.5079815758757675 9.700810774150154 9.621961772991336 9.959752020392484 10.016638935108153 10.016638935108153 10.01634000467236 10.016638935108153 10.016638935108153 10.016638935108153 10.016638935108153
10.016638935108153 10.016638935108153 10.016638935108153 10.016638935108153 10.0152101145223 10.016638935108153 10.010413950182615 10.016638935108153 10.016638935108153 9.626831481604027 9.796194810101968 9.966098999556957 9.292906780413023 5.310539011830718 8.095600779778005 8.552962404252144 5.996926831091184 5.101237951436795 8.752634662079792 9.030600139363695 7.756657606870161 9.625850644454493 10.016638935108153 10.016638935108153 10.016638935108153 10.016638935108153 10.016638935108153 10.016638935108153 10.016638935108153 10.016638935108153 10.016638935108153 10.016638935108153
10.016638935108153 10.016638935108153 10.016638935108153 10.016638935108153 10.013282718573674 10.016638935108153 10.016638935108153 10.016638935108153 10.016638935108153 9.93071415087161 10.016638935108153 10.016638935108153 9.975716450641643 8.037928960486527 10.01227421380952 10.009267509969616 7.6781333851788345 8.590057244939338 10.016638935108153 10.01564392834296 9.710183177603732 10.016638935108153 10.016638935108153 10.016638935108153 10.016638935108153 10.016638935108153 10.016638935108153 10.016638935108153 10.016638935108153 10.016638935108153 10.016638935108153 10.016638935108153
10.016638935108153 10.016638935108153 10.016638935108153 10.016638935108153 10.013993407436697 10.016638935108153 10.016638935108153 10.016638935108153 10.015686899296298 9.819433625984797 10.016638935108153 10.010215495484989 9.48972202678417 8.039400783215173 9.97215698489679 9.304890857492758 5.515140947144692 8.556591418109416 9.899124760738909 9.021987393779874 8.500379829128423 9.880482996590993 9.988581805179539 9.814566284668508 10.00417798502457 10.016638935108153 10.016638935108153 9.877292621413396 10.016638935108153 10.016638935108153 10.016638935108153 10.016638935108153
10.016638935108153 10.007381310746636 9.993781233104732 9.979983610953596 9.594809819340249 10.01385584340485 10.015422588357731 10.016638935108153 9.709995962740617 8.012897285865195 9.42839755623118 8.44371536341352 5.045408982057127 5.263308641171848 7.3968422343341835 6.153506660013552 4.966515315928525 7.583973013944113 9.725963041254142 9.662942767095117 9.936400282026108 10.016638935108153 10.016638935108153 10.016638935108153 10.016638935108153 10.016638935108153 10.016638935108153 10.016638935108153 10.016638935108153 10.016638935108153 10.016638935108153 10.016638935108153
10.016638935108153 10.016638935108153 10.014886946863294 10.009663176097705 9.68388628704128 10.000437606548376 9.593116347779096 10.015197190256448 9.935431585671415 6.923663299078397 9.305352692489759 9.814335415767543 7.745933065511414 5.483989567375817 9.534333543437304 9.795095761791448 8.388408977800882 9.61744753547805 10.016638935108153 10.016638935108153 10.016638935108153 10.016638935108153 10.016638935108153 10.016638935108153 10.016638935108153 10.016638935108153 10.016638935108153 10.016638935108153 10.016638935108153 10.016638935108153 10.016638935108153 10.016638935108153
10.016638935108153 10.016638935108153 10.016638935108153 10.010069986053898 9.88295908974045 10.01486001583164 10.014983670122234 10.016638935108153 10.016638935108153 8.98721917637222 10.016638935108153 10.016638935108153 9.20722567054129 9.128342606207909 10.016638935108153 10.007342168189258 9.722888211465833 10.016638935108153 10.016638935108153 10.016638935108153 10.016638935108153 10.016638935108153 10.016638935108153 10.016638935108153 10.016638935108153 10.016638935108153 10.016638935108153 10.016638935108153 10.016638935108153 10.016638935108153 10.016638935108153 10.016638935108153
10.008845080957075 9.981539306740673 9.919496766590958 9.902869969048833 9.102714600857544 10.003113983184805 10.016638935108153 10.016638935108153 9.902259822874333 8.750730238514587 10.008121143630365 9.996002044893334 7.355190218706401 9.127501960634593 10.005887102553322 9.499167561173165 9.09721673946883 10.008259394596301 10.016638935108153 10.016638935108153 10.016638935108153 10.016638935108153 10.016638935108153 10.016638935108153 10.016638935108153 10.016638935108153 10.016638935108153 10.016638935108153 10.016638935108153 10.016638935108153 10.016638935108153 10.016638935108153
9.990174162821688 9.736404468878435 9.496407405330173 9.547382544530857 7.341993573696305 9.411572866391845 9.531798934242378 9.638620996813739 6.838713387909427 5.5292451904721345 8.05942547837472 8.052241812901354 5.100651900497728 6.867978379468022 9.416758650329967 9.220589719695383 9.533943198309236 10.004806301830948 10.016638935108153 10.016638935108153 10.016638935108153 10.016638935108153 10.016638935108153 10.016638935108153 10.016638935108153 10.016638935108153 10.016638935108153 10.016638935108153 10.016638935108153 10.016638935108153 10.016638935108153 10.016638935108153
9.988015880660654 9.771315240025702 9.814237251224434 9.832717202188157 8.373621799870438 9.793576285009125 9.433801385459406 10.016638935108153 9.85932373161159 7.268753970902948 9.976521964031596 10.016156525098967 9.141526792940164 9.540487535621118 10.016638935108153 10.016638935108153 10.016638935108153 10.016638935108153 10.016638935108153 10.016638935108153 10.016638935108153 10.016638935108153 10.016638935108153 10.016638935108153 10.016638935108153 10.016638935108153 10.016638935108153 10.016638935108153 10.016638935108153 10.016638935108153 10.016638935108153 10.016638935108153
9.928184620913225 9.665086038793808 9.853678769279215 9.823229434548542 8.894462521384138 9.910976813833777 10.016638935108153 10.016638935108153 9.99160682773106 9.63257343584648 10.016638935108153 10.016638935108153 9.77085236571555 10.016638935108153 10.016638935108153 10.016638935108153 10.016496914376216 10.016638935108153 10.016638935108153 10.016638935108153 10.016638935108153 10.016638935108153 10.016638935108153 10.016638935108153 10.016638935108153 10.016638935108153 10.016638935108153 10.016638935108153 10.016638935108153 10.016638935108153 10.016638935108153 10.016638935108153
9.709573757973615 8.871189356179386 9.22677983979442 9.255728638152641 7.233860568720206 9.573290762008186 9.936343508898863 9.939510425425683 8.897606114269763 9.345282242120057 9.913150545116267 9.913178679479229 8.526901563807892 9.959066567934435 10.016638935108153 9.921556609343224 10.005927971697972 10.016638935108153 10.016638935108153 10.016638935108153 10.016638935108153 10.016638935108153 10.016638935108153 10.016638935108153 10.016638935108153 10.016638935108153 10.016638935108153 10.016638935108153 10.016638935108153 10.016638935108153 10.016638935108153 10.016638935108153
9.112760438300857 8.076268426474314 8.629790328474828 8.061692409184129 5.862074736889429 5.679087801595213 7.288611982820575 8.484728951465915 6.625535475299402 5.441095887748628 8.824601606923064 9.50076235548914 8.33814690094659 9.701445670436865 10.016638935108153 9.951794923141673 10.016638935108153 10.016638935108153 10.016638935108153 10.016638935108153 10.016638935108153 10.016638935108153 10.016638935108153 10.016638935108153 10.016638935108153 10.016638935108153 10.016638935108153 10.016638935108153 10.016638935108153 10.016638935108153 10.016638935108153 10.016638935108153
9.291728066407753 8.605822866201033 9.44751945472183 9.461169304025095 8.735062100810746 9.657484648616135 9.997876309309145 10.016638935108153 10.006243497986427 9.930229241343739 10.016638935108153 10.016638935108153 10.016638935108153 10.016638935108153 10.016638935108153 10.016638935108153 10.016638935108153 10.016638935108153 10.016638935108153 10.016638935108153 10.016638935108153 10.016638935108153 10.016638935108153 10.016638935108153 10.016638935108153 10.016638935108153 10.016638935108153 10.016638935108153 10.016638935108153 10.016638935108153 10.016638935108153 10.016638935108153
9.382522412963702 8.900792578110861 9.615775364224211 9.637829080038978 9.196197790632677 9.784404446911104 9.971670435825263 10.000165520213912 9.931894550220333 9.930692585065614 10.014913348946642 10.016638935108153 9.994805185903761 10.016626038932934 10.016638935108153 10.011674109265458 10.016638935108153 10.016638935108153 10.016638935108153 10.016638935108153 10.016638935108153 10.016638935108153 10.016638935108153 10.016638935108153 10.016638935108153 10.016638935108153 10.016638935108153 10.016638935108153 10.016638935108153 10.016638935108153 10.016638935108153 10.016638935108153
8.612126974781287 8.175707933532385 8.816326892606389 8.620203785956766 7.783599010073698 8.630431499842132 9.608444128659295 9.8324683764705 9.348947647360074 9.426543109250034 9.878406325379473 9.929888249663927 9.670359741970525 9.973693752817939 10.016638935108153 10.001375540593308 10.014786951744625 10.016638935108153 10.016638935108153 10.016638935108153 10.016638935108153 10.016638935108153 10.016638935108153 10.016638935108153 10.016638935108153 10.016638935108153 10.016638935108153 10.016638935108153 10.016638935108153 10.016638935108153 10.016638935108153 10.016638935108153
8.817862841786905 8.218385378019306 9.22818245763136 8.841039958341677 7.975358870706171 8.963029078200588 9.83368059340826 10.00857195972729 9.844025327948126 9.900599339380529 10.016638935108153 10.016386731639916 9.981334495406418 10.016638935108153 10.016638935108153 10.015126594215912 10.016638935108153 10.016638935108153 10.016638935108153 10.016638935108153 10.016638935108153 10.016638935108153 10.016638935108153 10.016638935108153 10.016638935108153 10.016638935108153 10.016638935108153 10.016638935108153 10.016638935108153 10.016638935108153 10.016638935108153 10.016638935108153
7.945273512313482 7.408056600041 8.077247128937932 7.784140623723339 6.9408937413429515 8.219545131976023 9.593286051233534 9.805777847735406 9.208141774548327 9.601213252934032 9.976934802210124 9.979288427964477 9.81930743463633 10.0056302973803 10.016638935108153 10.011270435097689 10.016638935108153 10.016638935108153 10.016638935108153 10.016638935108153 10.016638935108153 10.016638935108153 10.016638935108153 10.016638935108153 10.016638935108153 10.016638935108153 10.016638935108153 10.016638935108153 10.016638935108153 10.016638935108153 10.016638935108153 10.016638935108153
8.247076350621125 8.013435911325152 8.69866700637814 8.109357599879656 7.880012486575368 8.89870460086301 9.71569555821621 9.92171863727807 9.741271686729558 9.96161722644583 10.01522050877481 10.006838419025177 9.97888066195117 10.016638935108153 10.016638935108153 10.008555402290506 10.016638935108153 10.016638935108153 10.016638935108153 10.016638935108153 10.016638935108153 10.016638935108153 10.016638935108153 10.016638935108153 10.016638935108153 10.016638935108153 10.016638935108153 10.016638935108153 10.016638935108153 10.016638935108153 10.016638935108153 10.016638935108153
