10.063694267515924 10.063694267515924 10.063694267515924 10.063694267515924 10.063694267515924 10.063694267515924 10.063694267515924 10.063694267515924 10.063694267515924 10.063694267515924 10.063694267515924 10.063694267515924 10.063694267515924 10.063694267515924 10.063694267515924 10.063694267515924 10.063694267515924 10.063694267515924 10.063694267515924 10.063694267515924 10.063694267515924 10.005602032089879 10.051910485694297 10.059045497104892 9.958228010619777 9.243621736802883 9.306212220769075 9.523019274311832 9.206590191875272 8.571098452932244 9.491974547884457 9.598179935038875
10.063694267515924 10.063694267515924 10.063694267515924 10.063694267515924 10.063694267515924 10.063694267515924 10.063694267515924 10.063694267515924 10.063694267515924 10.063694267515924 10.063694267515924 10.063694267515924 10.063694267515924 10.063694267515924 10.063694267515924 10.063694267515924 10.063694267515924 10.063694267515924 10.063694267515924 10.063694267515924 10.063694267515924 10.063694267515924 10.051686827581824 10.058676537462842 10.017800763162215 9.390383276342094 8.652909734702835 9.296195208398304 9.005770676481923 8.062115273356252 9.088169453494162 9.433935633942324
10.063694267515924 10.063694267515924 10.063694267515924 10.063694267515924 10.063694267515924 10.063694267515924 10.063694267515924 10.063694267515924 10.063694267515924 10.063694267515924 10.063694267515924 10.063694267515924 10.063694267515924 10.063694267515924 10.063694267515924 10.063694267515924 10.063694267515924 10.063694267515924 10.063694267515924 10.063694267515924 10.063694267515924 10.032215143456192 9.942100836933752 9.818922857983539 9.390893721062618 7.942445212313698 6.650747615717311 7.502794052047983 7.263983244178407 6.9034780538959675 7.848712680765986 8.50332367167597
10.063694267515924 10.063694267515924 10.063694267515924 10.063694267515924 10.063694267515924 10.063694267515924 10.063694267515924 10.063694267515924 10.063694267515924 10.063694267515924 10.063694267515924 10.063694267515924 10.063694267515924 10.063694267515924 10.063694267515924 10.063694267515924 10.063694267515924 10.063694267515924 10.063694267515924 10.063694267515924 10.063694267515924 10.063694267515924 9.739746700030581 9.666830180840858 9.718959143400891 7.93161426145019 5.462105713126714 7.194993494405547 7.72157736796657 7.913862023017324 8.861765568941445 8.999720355313583
10.063694267515924 10.063694267515924 10.063694267515924 10.063694267515924 10.063694267515924 10.063694267515924 10.063694267515924 10.063694267515924 10.063694267515924 10.063694267515924 10.063694267515924 10.063694267515924 10.063694267515924 10.063694267515924 10.063694267515924 9.890742505047331 10.063694267515924 10.063694267515924 10.060129276053443 9.845176026602974 10.018502688898627 9.917749915518236 5.51093886190263 8.351527760808356 9.840881508967298 8.605678882742911 5.165968112581746 9.264120812150507 9.691894703009647 9.395175306001452 9.573983509285503 9.37793949807005
10.063694267515924 10.063694267515924 10.063694267515924 10.063694267515924 10.063694267515924 10.063694267515924 10.063694267515924 10.063694267515924 10.063694267515924 10.063694267515924 10.063694267515924 10.063694267515924 10.063694267515924 10.063694267515924 10.063694267515924 10.063694267515924 10.063694267515924 10.063694267515924 10.063694267515924 10.063694267515924 10.063694267515924 10.063694267515924 9.377658091356361 10.063694267515924 10.063694267515924 8.43233919131114 7.998539263877443 10.042968719047664 10.063694267515924 9.707625384829115 9.792456144193423 9.669941188590517
10.063694267515924 10.063694267515924 10.063694267515924 10.063694267515924 10.063694267515924 10.063694267515924 10.063694267515924 10.063694267515924 10.063694267515924 10.063694267515924 10.063694267515924 10.063694267515924 10.063694267515924 10.063694267515924 10.063694267515924 10.063694267515924 10.063694267515924 10.063694267515924 10.063694267515924 10.063694267515924 10.063694267515924 9.464084874209455 7.925040156766529 9.337814690057266 9.206302547286272 5.202613462260062 6.3858207350739 9.170947800356712 9.766970784622735 9.311823941354422 9.55030345482461 9.15857499839416
10.063694267515924 10.063694267515924 10.063694267515924 10.063694267515924 10.063694267515924 10.063694267515924 10.063694267515924 10.063694267515924 10.063694267515924 10.063694267515924 10.063694267515924 10.063694267515924 10.063694267515924 10.063694267515924 10.063694267515924 10.05835275690074 10.063694267515924 10.063694267515924 9.999354194076913 9.722025261955634 9.822843721631495 7.617656789620166 5.088955522964976 6.856336170150054 7.543050547628513 5.18393073779957 5.191957993082756 8.517010585555703 9.857378051814145 9.645007488758544 9.848991508345089 9.702963061049303
10.063694267515924 10.063694267515924 10.063694267515924 10.063694267515924 10.063694267515924 10.063694267515924 10.063694267515924 10.063694267515924 10.063694267515924 10.063694267515924 10.063694267515924 10.063694267515924 10.063694267515924 10.063694267515924 10.063694267515924 9.864618480949565 10.063694267515924 10.063694267515924 9.619038552023037 9.703793129850952 10.059853998741742 8.54654828351262 5.404013142813154 8.804614184050575 9.855528511975646 7.6526060328501035 7.750112987467294 10.063694267515924 10.063694267515924 10.040155096245261 10.040855443348029 10.024569403436589
10.063694267515924 10.063694267515924 10.063694267515924 10.063694267515924 10.063694267515924 10.063694267515924 10.063694267515924 10.063694267515924 10.063694267515924 10.063694267515924 10.063694267515924 10.063694267515924 10.063694267515924 10.063694267515924 10.063694267515924 10.052088882155878 10.063694267515924 10.063694267515924 9.743496414422589 10.05771698869245 10.063694267515924 8.368801724834587 7.288914200139826 9.957941160841077 10.050391218184588 7.225271382070178 9.618614042456857 10.063694267515924 10.063694267515924 10.056790080412112 10.047233678536246 9.97630100691348
10.063694267515924 10.063694267515924 10.063694267515924 10.063694267515924 10.063694267515924 10.063694267515924 10.063694267515924 10.063694267515924 10.063694267515924 10.063694267515924 10.063694267515924 10.063694267515924 10.063694267515924 10.063694267515924 10.063694267515924 9.929479245864577 10.063694267515924 9.729338677267233 7.576770270116513 8.58593509742357 8.583794682458675 5.166832959516257 5.4662488876073505 8.25935128097529 8.321082069227819 5.288776144755617 8.90096494285867 10.032364501025043 10.059364412254169 10.030517484807778 10.053404779039878 9.943312646830316
10.063694267515924 10.063694267515924 10.063694267515924 10.063694267515924 10.063694267515924 10.063694267515924 10.063694267515924 10.063694267515924 10.063694267515924 10.063694267515924 10.063694267515924 10.063694267515924 10.063694267515924 10.063694267515924 10.01228602484914 8.466207426294591 9.739099163300098 7.763910905185116 5.064729882032317 6.3874245432387635 7.363310525482228 5.340412438444126 4.985702524297094 8.218985729551168 9.324847161693212 8.138500291763322 9.790830165366671 10.063694267515924 10.063694267515924 10.063694267515924 10.063694267515924 10.063694267515924
10.063694267515924 10.063694267515924 10.063694267515924 10.063694267515924 10.063694267515924 10.063694267515924 10.063694267515924 10.063694267515924 10.063694267515924 10.063694267515924 10.063694267515924 10.063694267515924 10.063694267515924 10.063694267515924 9.761542228408194 8.956209868538954 10.063694267515924 9.04839203825161 6.637032774927153 8.730198246543424 9.913036444311112 8.06890220878071 7.76279417288024 10.063694267515924 10.063694267515924 9.935516588461132 10.063694267515924 10.063694267515924 10.063694267515924 10.063694267515924 10.063694267515924 10.063694267515924
10.063694267515924 10.063694267515924 10.063694267515924 10.063694267515924 10.063694267515924 10.063694267515924 10.063694267515924 10.063694267515924 10.063694267515924 10.063694267515924 10.063694267515924 10.063694267515924 10.063694267515924 10.063694267515924 9.819996864126798 9.959385530748298 10.063694267515924 8.800941632668188 7.413604539171212 9.834445489648656 10.036791762544993 7.88428386910437 9.290867532828432 10.063694267515924 10.063694267515924 9.867702517558588 10.063694267515924 10.063694267515924 10.063694267515924 10.063694267515924 10.063694267515924 10.063694267515924
10.063694267515924 10.063694267515924 10.063694267515924 10.063694267515924 10.063694267515924 10.063694267515924 10.063694267515924 10.063694267515924 10.063694267515924 10.063694267515924 10.062322083301563 10.063694267515924 10.063694267515924 9.675565367925644 7.628296449524204 8.636555833633745 8.64060214512587 5.175587856989462 5.199182662770348 7.7365675296847884 7.445676401329188 5.202257471290569 8.111614034757448 9.949140806704442 9.92520152443784 9.624158455100577 10.063694267515924 10.063694267515924 10.063694267515924 10.063694267515924 10.063694267515924 10.063694267515924
10.063694267515924 10.063694267515924 10.063694267515924 10.063694267515924 10.063694267515924 10.063694267515924 10.063694267515924 10.063694267515924 10.063694267515924 10.063694267515924 9.590582439458275 9.05821663507114 9.776642381151701 8.535473945414214 5.0113646361673965 5.395315233096651 7.699576840975204 6.065487676881824 5.073088325861314 7.680406452917772 9.639808950228367 8.903082370662442 9.186468847213154 10.063694267515924 10.063694267515924 10.063694267515924 10.063694267515924 10.063694267515924 10.063694267515924 10.063694267515924 10.063694267515924 10.063694267515924
10.063694267515924 10.063694267515924 10.054296302037612 10.063694267515924 10.063694267515924 10.063694267515924 10.063694267515924 9.969495161485607 10.063694267515924 10.063694267515924 9.588492244599788 9.503669349609474 10.03323174058459 9.948302826567513 6.362351389956817 9.36809037210379 10.063694267515924 8.73355770567512 8.623236877958307 10.063694267515924 10.063694267515924 10.038802575738142 10.063694267515924 10.063694267515924 10.063694267515924 10.063694267515924 10.063694267515924 10.063694267515924 10.063694267515924 10.063694267515924 10.063694267515924 10.063694267515924
10.063694267515924 10.063694267515924 10.063694267515924 10.063694267515924 10.063694267515924 10.063694267515924 10.063694267515924 10.063694267515924 10.063694267515924 10.063694267515924 9.448012988243942 10.049998205068793 10.063694267515924 9.7263970006401 7.398587107114889 10.049434802749207 10.063694267515924 8.268509380135379 9.418581789655855 10.063694267515924 10.063694267515924 9.99704252420175 10.063694267515924 10.063694267515924 10.063694267515924 10.063694267515924 10.063694267515924 10.063694267515924 10.063694267515924 10.063694267515924 10.063694267515924 10.063694267515924
10.063694267515924 10.063694267515924 10.063694267515924 10.063694267515924 10.063694267515924 10.063694267515924 9.70592231948215 10.063694267515924 10.063694267515924 9.549192482997434 6.530884189786651 9.121455670216276 9.106065396611813 5.52097914401025 5.124135626629222 8.095614604662707 8.068085071043896 5.277641303096866 8.095698114382873 9.94381586112889 9.974518796296476 9.8612503341552 10.063694267515924 10.063694267515924 10.063694267515924 10.063694267515924 10.063694267515924 10.063694267515924 10.063694267515924 10.063694267515924 10.063694267515924 10.063694267515924
10.05063676202014 10.039357483319824 10.002512641896331 10.029336569458653 10.063694267515924 10.063694267515924 8.86659315114546 8.550815383576085 9.932128656714124 9.572354948843648 5.197069789661737 7.553090950645323 9.554312584300531 8.22808208626768 5.022444830744584 9.616980297784766 10.063694267515924 9.522658654471186 10.063694267515924 10.063694267515924 10.063694267515924 10.063694267515924 10.063694267515924 10.063694267515924 10.063694267515924 10.063694267515924 10.063694267515924 10.063694267515924 10.063694267515924 10.063694267515924 10.063694267515924 10.063694267515924
10.063694267515924 10.058309807740644 10.063694267515924 10.063694267515924 10.063694267515924 10.063694267515924 9.700928509895046 10.046456828890728 10.063694267515924 10.063694267515924 8.137753747913425 10.039473607755815 10.063694267515924 9.990226692027727 8.46408213560935 10.063694267515924 10.063694267515924 10.040684233565214 10.063694267515924 10.063694267515924 10.063694267515924 10.063694267515924 10.063694267515924 10.063694267515924 10.063694267515924 10.063694267515924 10.063694267515924 10.063694267515924 10.063694267515924 10.063694267515924 10.063694267515924 10.063694267515924
10.063694267515924 10.063694267515924 10.063694267515924 10.063694267515924 10.063694267515924 10.063694267515924 9.012045113902111 10.062342879339884 10.063694267515924 10.030467369702894 7.994667630455246 10.063694267515924 10.063694267515924 9.4326892468547 9.372675158168434 10.063694267515924 10.063694267515924 9.802263611197816 10.063694267515924 10.063694267515924 10.063694267515924 10.063694267515924 10.063694267515924 10.063694267515924 10.063694267515924 10.063694267515924 10.063694267515924 10.063694267515924 10.063694267515924 10.063694267515924 10.063694267515924 10.063694267515924
9.97347551129865 9.825154944507567 10.017708254199375 10.046239959514189 9.936797073088268 10.05852003801836 5.34171016818533 9.64229163188638 9.856056146333065 7.7954233694796065 5.288470940200821 9.019847327634006 9.2159960975196 7.410423923783115 7.970384810567713 9.86184505732568 9.962463150179689 9.829090073574056 10.063694267515924 10.063694267515924 10.063694267515924 10.063694267515924 10.063694267515924 10.063694267515924 10.063694267515924 10.063694267515924 10.063694267515924 10.063694267515924 10.063694267515924 10.063694267515924 10.063694267515924 10.063694267515924
9.871382791621619 9.669401044382422 9.908091826642865 9.903925829583004 10.063694267515924 10.063694267515924 7.294618231051531 9.091249932143674 10.063694267515924 9.979723320825467 7.07745739863103 9.991749805940803 10.063694267515924 10.02635079934547 9.733006213921785 10.063694267515924 10.063694267515924 10.063694267515924 10.063694267515924 10.063694267515924 10.063694267515924 10.063694267515924 10.063694267515924 10.063694267515924 10.063694267515924 10.063694267515924 10.063694267515924 10.063694267515924 10.063694267515924 10.063694267515924 10.063694267515924 10.063694267515924
10.043437362438045 10.030877366117116 10.063694267515924 10.063694267515924 10.063694267515924 10.063694267515924 8.724800414681347 10.063694267515924 10.063694267515924 10.063694267515924 9.702049177606705 10.063694267515924 10.063694267515924 10.062090155459874 10.063694267515924 10.063694267515924 10.063694267515924 10.063694267515924 10.063694267515924 10.063694267515924 10.063694267515924 10.063694267515924 10.063694267515924 10.063694267515924 10.063694267515924 10.063694267515924 10.063694267515924 10.063694267515924 10.063694267515924 10.063694267515924 10.063694267515924 10.063694267515924
9.851158993551477 9.787980944605463 10.023163077707535 10.046118574620833 9.928134093941866 10.061244369964903 7.406570302816231 10.063694267515924 10.063694267515924 9.598968232615958 9.680880484061936 10.063694267515924 10.063694267515924 9.697038464045901 10.063694267515924 10.063694267515924 10.063694267515924 10.063694267515924 10.063694267515924 10.063694267515924 10.063694267515924 10.063694267515924 10.063694267515924 10.063694267515924 10.063694267515924 10.063694267515924 10.063694267515924 10.063694267515924 10.063694267515924 10.063694267515924 10.063694267515924 10.063694267515924
8.555684836605792 8.377334517047926 9.511090290471472 9.754094516162857 9.7831477791728 9.911803190496606 5.696687704771772 10.028326413127033 10.063694267515924 9.946957606287231 9.54747827075566 10.063694267515924 10.063694267515924 10.06193025483431 10.063694267515924 10.063694267515924 10.063694267515924 10.063694267515924 10.063694267515924 10.063694267515924 10.063694267515924 10.063694267515924 10.063694267515924 10.063694267515924 10.063694267515924 10.063694267515924 10.063694267515924 10.063694267515924 10.063694267515924 10.063694267515924 10.063694267515924 10.063694267515924
7.256393126231341 7.132119489469883 7.9427974318659675 8.1715119206244 9.084645367776167 7.875980587150539 4.602903366350131 5.201996347045285 7.999358748559533 7.6479966176542336 5.5805975238180965 8.42526309273206 9.882574195467608 9.764987268256567 9.330739729817367 10.063694267515924 10.063694267515924 10.063694267515924 10.063694267515924 10.063694267515924 10.063694267515924 10.063694267515924 10.063694267515924 10.063694267515924 10.063694267515924 10.063694267515924 10.063694267515924 10.063694267515924 10.063694267515924 10.063694267515924 10.063694267515924 10.063694267515924
8.897631829413898 8.84437780377506 9.61747573457777 9.482938946072641 9.90271757805706 9.88774942287082 9.086010832130833 9.503257423072624 10.00985905594372 10.05325375611271 9.954162478466907 10.063694267515924 10.063694267515924 10.063694267515924 10.063694267515924 10.063694267515924 10.063694267515924 10.063694267515924 10.063694267515924 10.063694267515924 10.063694267515924 10.063694267515924 10.063694267515924 10.063694267515924 10.063694267515924 10.063694267515924 10.063694267515924 10.063694267515924 10.063694267515924 10.063694267515924 10.063694267515924 10.063694267515924
9.264242877962381 9.471113863428922 9.816720810570331 9.4576615510447 9.832948306670417 9.740391013181085 9.588586148602811 9.690666266117088 9.999399560108724 9.996689599113767 9.965255374799774 10.037155485325009 10.063694267515924 10.063694267515924 10.059562829858269 10.063694267515924 10.063694267515924 10.063694267515924 10.063694267515924 10.063694267515924 10.063694267515924 10.063694267515924 10.063694267515924 10.063694267515924 10.063694267515924 10.063694267515924 10.063694267515924 10.063694267515924 10.063694267515924 10.063694267515924 10.063694267515924 10.063694267515924
8.423519294822936 8.817540226914565 9.275317758398328 9.116401672625386 9.615030206339592 9.63850272824413 9.407694968747798 9.52914958234824 9.94034952082641 9.996719046636812 9.955245470600818 10.044019324431 10.063694267515924 10.063694267515924 10.063694267515924 10.063694267515924 10.063694267515924 10.063694267515924 10.063694267515924 10.063694267515924 10.063694267515924 10.063694267515924 10.063694267515924 10.063694267515924 10.063694267515924 10.063694267515924 10.063694267515924 10.063694267515924 10.063694267515924 10.063694267515924 10.063694267515924 10.063694267515924
7.698032024009314 8.491999715975291 9.235424454014135 9.322263434544631 9.79961348836714 9.833736190648093 9.464390538082332 9.975259777150772 10.063694267515924 10.06083195173276 10.054506047544768 10.063694267515924 10.063694267515924 10.063694267515924 10.063694267515924 10.063694267515924 10.063694267515924 10.063694267515924 10.063694267515924 10.063694267515924 10.063694267515924 10.063694267515924 10.063694267515924 10.063694267515924 10.063694267515924 10.063694267515924 10.063694267515924 10.063694267515924 10.063694267515924 10.063694267515924 10.063694267515924 10.063694267515924
