10.0 10.0 10.0 10.0 10.0 10.0 10.0 10.0 10.0 10.0 10.0 10.0 10.0 10.0 10.0 9.99496947673681 10.0 9.997464146636236 9.998974185782115 9.991314105899354 9.979452018787555 9.920254963791926 9.83346859555987 9.84366918393139 9.73599875352807 9.597695715309603 9.160014334968082 8.659406424174353 8.53059026643243 8.224958947671546 9.292030592086736 9.566327865788741
10.0 10.0 10.0 10.0 10.0 10.0 10.0 10.0 10.0 10.0 10.0 10.0 10.0 10.0 10.0 10.0 10.0 10.0 10.0 10.0 9.998554554977387 9.99366289631044 9.957826669648874 9.904110772302825 9.822834052191569 9.72870828750354 9.322143453451131 8.528053043636252 7.917271923323551 7.360188914306474 8.74491537710541 9.373149860759954
10.0 10.0 10.0 10.0 10.0 10.0 10.0 10.0 10.0 10.0 10.0 10.0 10.0 10.0 10.0 10.0 10.0 10.0 10.0 9.989243914427353 9.991304451192052 9.970243029873714 9.908435377622185 9.620096766818353 9.559638921467549 9.50876764531333 8.91359226216874 7.646664265536889 6.722531494797033 6.231349563301447 7.590199332686701 8.477670322395602
10.0 10.0 10.0 10.0 10.0 10.0 10.0 10.0 10.0 10.0 10.0 10.0 10.0 10.0 10.0 9.994942117894366 10.0 9.997879347441891 9.99255969991517 9.88728753540037 9.793585843223148 9.81239514497517 9.400611504329747 8.882137904673225 8.831957041902932 9.024985254661447 8.054630478750841 6.6744981682898565 6.090991023044905 6.623520239051064 8.12967118872274 8.71417339478249
10.0 10.0 10.0 10.0 10.0 10.0 10.0 10.0 10.0 10.0 10.0 10.0 10.0 9.99809479591464 10.0 9.998997265554046 9.667515138968554 9.71786981726542 9.885505546746645 9.56478262547532 8.964183056473594 9.07285476157405 9.321929199977562 8.748663497037224 8.461384341572725 8.988138075855145 8.112376627537877 6.027421474088982 6.019142815939091 7.11999832211882 8.275399814097325 8.573162987523027
10.0 10.0 10.0 10.0 10.0 10.0 10.0 10.0 10.0 10.0 10.0 10.0 10.0 10.0 10.0 10.0 9.762202183685611 9.97838535626984 9.994384811407103 9.830984453319852 9.514333541104554 9.880363619106916 9.902246112538103 9.138244201175562 8.992671657486504 9.827683441784535 9.29244532337368 7.356006017395662 7.4387167636342495 8.899284841475113 9.460168968036703 9.30756773100906
10.0 10.0 10.0 10.0 10.0 10.0 10.0 10.0 10.0 10.0 10.0 10.0 10.0 10.0 10.0 9.997620562046775 9.969288026319928 10.0 10.0 9.76505800476313 9.721303246348825 9.99671629382241 9.892457222189963 9.255022412686518 9.648331067784383 9.997273748113413 9.389644451147698 7.934753769748834 8.631762538081583 9.766232126724743 9.859328789057244 9.715707354890085
10.0 10.0 10.0 10.0 10.0 10.0 10.0 10.0 10.0 10.0 10.0 10.0 10.0 10.0 10.0 9.872059421695784 9.702849126052293 9.932365128545449 9.790604330010188 9.163527945385686 9.087034750012387 9.525319296765426 9.073549741258464 7.696000610438222 8.240770014747406 9.356885298413703 7.724801893755588 6.546509083477122 7.795879641951486 9.42347221880886 9.829264583125925 9.695507978568063
10.0 10.0 10.0 10.0 10.0 10.0 10.0 10.0 10.0 10.0 10.0 10.0 9.993089816784341 9.996921160237227 9.997015766456412 9.763823448275568 9.140701451968445 9.606277539328765 9.572498795461897 8.844498755215927 8.414808740570852 9.046597908389229 8.31016161625677 6.198387686468305 6.556698417980673 8.00935468572525 7.30243952171373 6.278719363258468 7.579337007322712 9.39440782958008 9.834212793985774 9.715913809548924
10.0 10.0 10.0 10.0 10.0 10.0 10.0 10.0 10.0 10.0 10.0 10.0 9.876620167245493 9.99513118033101 10.0 9.846361507872782 9.131631263146978 9.911658146879107 9.930313559802078 9.071618596750234 8.5451612131894 9.625170507054204 9.338104872936382 7.5852315793998555 8.001920557552793 9.631870685204772 9.02091421923898 7.420883052574856 9.096411377093649 9.935926479024074 9.963170781252941 9.841304262831523
10.0 10.0 10.0 10.0 10.0 10.0 10.0 10.0 10.0 10.0 10.0 10.0 9.959410861208568 10.0 10.0 9.481395185076817 9.515460640291744 9.981856599870845 9.870938396088707 9.108871389502461 9.371469662629785 9.971092075018282 9.356994166535875 8.038510079793694 9.054420648928073 9.987418214542911 9.02623978059271 8.048958242475862 9.717671201968628 9.992598377583137 9.995540155343829 9.957447573706885
10.0 10.0 10.0 10.0 10.0 10.0 10.0 10.0 10.0 10.0 10.0 9.991537260271972 9.643667442030088 9.900826543774 9.776476817986724 8.927386565765623 8.946168199491858 9.456378758675534 9.151180912199115 7.301341843431021 7.531060281683235 8.80234060020067 7.362756916967485 6.320811940855475 7.8530887249194805 9.198905627961203 7.9149329998825735 7.799974846226187 9.661298850059996 9.98648489386677 9.995108614615521 9.96559948383576
10.0 10.0 10.0 10.0 10.0 10.0 10.0 10.0 9.997379088795807 9.996415564131322 9.999035584253534 9.83232870465227 9.174834590914068 9.633954308331006 9.62651873529963 8.666194188793925 8.199343133177777 8.983117339406396 8.551129939062802 6.205986478579928 6.127568685231063 7.772331084055016 7.4154673636359405 6.391598547110546 7.767522342393943 9.412424393949397 9.079498967991688 8.821576596679213 9.892746127386772 9.99496710976696 9.995556373087199 9.973683271729838
10.0 10.0 10.0 10.0 9.999873163515806 10.0 10.0 10.0 9.993661503996503 10.0 10.0 9.947576037343408 9.415174511143263 9.981350259158804 9.987916128600482 9.25013232593398 8.940501546928836 9.947614928210657 9.802103456150308 7.963601795699533 8.023677222643611 9.712089067421353 9.43257123838885 8.605025484886347 9.60786241667244 10.0 9.972758150576999 9.77036632168094 10.0 10.0 10.0 9.993893952653933
10.0 10.0 10.0 10.0 9.999617108968005 10.0 10.0 10.0 9.995792255197767 10.0 10.0 9.770179000886971 9.555403060923451 9.987265048839888 9.919891693065432 8.138208998501002 9.343148465477002 9.99305427991956 9.772303351672766 8.024443433030727 8.823811195464502 9.958741838937097 9.400737517450253 9.114908765201713 9.860077613589775 10.0 9.948381921464925 9.405609655164112 10.0 10.0 10.0 9.999092059234604
10.0 10.0 10.0 10.0 9.99428240904395 10.0 10.0 9.932450633945825 9.754125824346104 9.917417009957742 9.792606413605537 8.93439585500454 8.96371279512541 9.524259757326737 9.204660749135801 6.1652866805816045 7.239915815858455 8.714994097638245 7.614174792895375 5.99796403571518 7.343634239293424 8.507462024782992 6.933779364102281 7.7590872344616 9.397395453460392 9.920028303789698 9.324879972782156 9.332652208520331 10.0 10.0 10.0 9.997777784170456
10.0 9.999087677460556 9.99604703343163 10.0 9.405261264085183 9.728406258212816 9.953930524806651 9.858947125094014 9.083671032584062 9.228620320816743 9.669220887022565 9.156557767488351 8.007076997413401 8.55446033227705 9.069696886992546 6.728021084196195 5.6046098360394865 7.007344147153296 7.960989346990073 6.548629094094871 6.541620734703134 8.479283811995595 9.385135857916568 9.092755505753294 9.716130054255396 10.0 10.0 9.967583956242397 10.0 10.0 10.0 9.987251137424783
10.0 10.0 10.0 10.0 9.952982978142519 10.0 10.0 10.0 9.632391854293989 10.0 10.0 9.702612325623226 9.220409234591065 9.998418086088314 9.998917676340245 8.484438924365408 8.035720300102964 9.884721928817548 9.945516694764974 8.899311318465168 9.597251071459027 10.0 9.999584464176372 9.999526795102177 10.0 10.0 10.0 10.0 10.0 10.0 10.0 10.0
10.0 10.0 10.0 9.996323898211527 9.988563522548507 10.0 10.0 9.963626790481639 9.59721523809473 9.999186670792833 9.998523805553205 9.377404664068505 9.280751443078552 9.999437923435536 9.970556693908215 7.201772706890447 8.670318458461303 9.987610587569419 9.95394384370317 9.184151649779496 9.821505010616523 10.0 9.993100935906797 9.997750106761433 10.0 10.0 10.0 9.996475370872576 10.0 10.0 10.0 10.0
10.0 9.999493922168137 9.996695923896164 9.940449976143935 9.595282322965598 9.877943469369558 9.76074673013085 8.965491089286164 8.488523427153204 9.418106987293479 9.05502162347159 6.611915340010925 6.607133028601257 8.60798368705319 8.058964379437853 5.894173491153024 7.084463605037308 9.059348987257613 8.826755385558684 8.350775634998286 9.380501324439349 9.93729892512334 9.829669007741273 9.988081958024154 10.0 10.0 10.0 10.0 10.0 10.0 10.0 10.0
9.989259187049102 9.954650515631526 9.961873238185662 9.884871006559507 8.29449715356078 9.8963812867486 10.0 9.729180118671437 8.250297695452838 9.591559599905764 9.969675618127694 8.751889005354402 5.977436473459963 8.639908457948895 9.367566359693358 7.760231978410863 6.899656260142065 9.646626739413835 9.943973545283411 9.763890331293688 9.99338027557114 10.0 10.0 10.0 10.0 10.0 10.0 10.0 10.0 10.0 10.0 10.0
9.975141655873404 9.984893591419382 9.999952947639096 9.955848919696622 9.448259058923242 10.0 10.0 9.995058809561852 9.381711263313628 10.0 10.0 9.938105799503036 8.46149050484501 9.9924183336593 10.0 9.356935832225824 9.522981358281916 10.0 10.0 10.0 10.0 10.0 10.0 10.0 10.0 10.0 10.0 10.0 10.0 10.0 10.0 10.0
9.962353693784832 9.972812754510036 9.998891204844307 9.914311407189583 9.597152782011792 9.99955907967342 10.0 9.74565494657897 8.889338290194916 10.0 10.0 9.111125988447402 8.620649736560813 9.99833817439634 9.998609441572327 8.265361596673197 9.834377121016074 10.0 10.0 9.997753793040095 10.0 10.0 10.0 10.0 10.0 10.0 10.0 10.0 10.0 10.0 10.0 10.0
9.8024740676779 9.625871375810338 9.693180463142156 8.888742058158037 7.882952888504912 9.260193888361258 9.458014242757665 8.081842463238079 5.161552561581566 8.188904143887227 8.528761905937017 6.255727211265872 6.202007014040652 8.773956685828082 9.083628809394758 7.9597976343536425 9.327608975195227 9.993150969517592 9.99312400285511 9.99689675402949 10.0 10.0 10.0 10.0 10.0 10.0 10.0 10.0 10.0 10.0 10.0 10.0
9.504026006993438 9.240601680765712 9.839824777026072 9.511013726745814 7.135429374840029 9.907351942148091 10.0 9.958143149080081 7.292502090607246 9.456158391783287 9.97661581919365 9.48836846155386 7.617021210083454 9.933827853550856 10.0 9.808535786627026 9.858377277954215 10.0 10.0 10.0 10.0 10.0 10.0 10.0 10.0 10.0 10.0 10.0 10.0 10.0 10.0 10.0
9.374100887743111 9.095376032596103 9.959353962713402 9.779004657348395 9.192467710841616 9.998769149202516 10.0 10.0 8.997621624461365 10.0 10.0 9.999740167327076 9.668942842802762 10.0 10.0 9.929267863538506 10.0 10.0 10.0 10.0 10.0 10.0 10.0 10.0 10.0 10.0 10.0 10.0 10.0 10.0 10.0 10.0
8.867406124168685 8.021292240148439 9.446925357805101 8.949469608261147 9.365176894569744 9.968759014111232 10.0 9.947267433262414 8.258058536079625 9.997916399983694 10.0 9.728583154100146 9.852526109510045 10.0 10.0 9.555812472298161 10.0 10.0 10.0 10.0 10.0 10.0 10.0 10.0 10.0 10.0 10.0 10.0 10.0 10.0 10.0 10.0
8.603074601792047 7.332580596403384 7.951214431798835 6.7100488122233255 8.094458628948447 9.129556861974004 9.112132159224421 6.227585785403572 5.997688219356084 8.91299926897618 8.586846682167632 6.164891284518521 8.717755784760914 9.942381596985461 9.810200629014505 8.780635853733239 9.981924847938522 9.999603672266499 9.999180633940794 9.999924625690525 10.0 10.0 10.0 10.0 10.0 10.0 10.0 10.0 10.0 10.0 10.0 10.0
7.233986911960194 5.969532445052271 5.79822165301417 5.2115893640662545 5.2436273796989505 8.18864950423106 9.313096970545537 8.432290579922908 6.198347468057197 8.85263575711974 9.710201638281822 9.328420868815915 8.37717006187542 9.79165908033641 9.991593388528742 9.983492496158382 9.850485312819183 10.0 10.0 10.0 10.0 10.0 10.0 10.0 10.0 10.0 10.0 10.0 10.0 10.0 10.0 10.0
8.195203356581901 6.991984347116524 6.9878952324005335 6.207661654851806 6.414687279497084 8.077520455045281 8.56053474373611 7.848519891889886 7.294331355277212 9.414655671467342 9.627765470213912 9.326375910438024 9.5506478651162 9.959915880024584 9.994319696972866 9.947708291668382 9.977600118001732 10.0 10.0 10.0 10.0 10.0 10.0 10.0 10.0 10.0 10.0 10.0 10.0 10.0 10.0 10.0
7.913225448582482 6.8072031482610385 6.950226604159947 6.2691005149026235 6.917681479458649 7.482894764990766 7.907096437564983 8.030851839494789 8.671165799040203 9.662474766098502 9.61038420387993 9.87904920653605 9.98180982444602 9.995580651806076 9.999037008181565 9.998045725291178 10.0 10.0 10.0 10.0 10.0 10.0 10.0 10.0 10.0 10.0 10.0 10.0 10.0 10.0 10.0 10.0
8.180099580340752 7.347605972805821 7.706296103219054 7.158263211252611 8.148603763753162 8.442120134378772 8.886888181280888 9.174393878368983 9.665311459886015 9.886621888107975 9.86378441411409 9.979771596450595 9.9963452996318 10.0 10.0 9.998839934194434 10.0 10.0 10.0 10.0 10.0 10.0 10.0 10.0 10.0 10.0 10.0 10.0 10.0 10.0 10.0 10.0
