10.0 10.0 10.0 10.0 10.0 10.0 10.0 10.0 10.0 10.0 10.0 10.0 10.0 10.0 10.0 10.0 10.0 10.0 10.0 10.0 10.0 9.967371844446816 9.950942635213531 9.93393757835452 9.791295993172763 8.810452882553752 8.870400384940199 9.128767308218261 8.940992162968739 8.604431698390423 9.36854625182394 9.561961219302287
10.0 10.0 10.0 10.0 10.0 10.0 10.0 10.0 10.0 10.0 10.0 10.0 10.0 10.0 10.0 10.0 10.0 10.0 10.0 10.0 10.0 10.0 9.989960209850377 9.97004569827594 9.826127408535976 8.923959295974678 8.233137622739818 8.773353947414993 8.513504636860155 7.977885698331588 8.91305988910487 9.351677186516287
10.0 10.0 10.0 10.0 10.0 10.0 10.0 10.0 10.0 10.0 10.0 10.0 10.0 10.0 10.0 10.0 10.0 10.0 10.0 10.0 10.0 9.984960419106645 9.925717079415215 9.839952975370123 9.36288752791658 7.704006982636583 6.415966443547195 7.193823184018629 7.091027042569262 6.7997611399815465 7.977832420565454 8.580852322610925
10.0 10.0 10.0 10.0 10.0 10.0 10.0 10.0 10.0 10.0 10.0 10.0 10.0 10.0 10.0 10.0 10.0 10.0 10.0 10.0 10.0 9.996751668127244 9.633694691102905 9.621716554288357 9.664798676121952 7.889897834196142 5.404682615971908 7.167802261773603 7.841369913540669 7.990675301575083 8.76370072834292 8.951069556441222
10.0 10.0 10.0 10.0 10.0 10.0 10.0 10.0 10.0 10.0 10.0 10.0 10.0 10.0 10.0 9.836879406436054 10.0 10.0 9.999208789695414 9.897878697285611 9.99246145531905 9.959125465092432 5.563276501281529 8.57283152603574 9.896986277608983 8.52099384351601 5.215335384691555 9.249237737193372 9.686797789080694 9.433098864070837 9.608867366511165 9.40680781061052
10.0 10.0 10.0 10.0 10.0 10.0 10.0 10.0 10.0 10.0 10.0 10.0 10.0 10.0 10.0 10.0 10.0 10.0 10.0 10.0 10.0 9.998909888689218 9.372760532903317 10.0 10.0 8.360173154186235 7.934472950618292 9.978535709629266 9.984245182252732 9.757561145251508 9.812869392986238 9.631702900863477
10.0 10.0 10.0 10.0 10.0 10.0 10.0 10.0 10.0 10.0 10.0 10.0 10.0 10.0 10.0 10.0 10.0 10.0 10.0 10.0 10.0 9.359514652893312 7.875593280080491 9.27152682795888 9.024690257552724 5.169126518634579 6.274239022319917 8.93979828015483 9.580345916670403 9.475373718918982 9.577312549049877 9.154894691443884
10.0 10.0 10.0 10.0 10.0 10.0 10.0 10.0 10.0 10.0 10.0 10.0 10.0 10.0 10.0 9.993488109945726 10.0 10.0 9.941774108456446 9.687164854931156 9.79182629929026 7.611408065402658 5.090860048079067 6.906715878519634 7.537888066661656 5.103706093649003 5.1140446257168435 8.443447120949154 9.792307027984402 9.721236111957765 9.825939261638162 9.65900426221416
10.0 10.0 10.0 10.0 10.0 10.0 10.0 10.0 10.0 10.0 10.0 10.0 10.0 10.0 10.0 9.81217362689561 10.0 10.0 9.583968482408238 9.728514795679974 9.998949720958592 8.561279813512602 5.472824014307552 8.89719010269019 9.847677398826336 7.596268399237308 7.685090712261532 10.0 10.0 9.973037814691232 9.988930369237726 9.962670632249445
10.0 10.0 10.0 10.0 10.0 10.0 10.0 10.0 10.0 10.0 10.0 10.0 10.0 10.0 10.0 9.985739983984196 10.0 10.0 9.681523509864395 9.998231222718749 10.0 8.360875027463452 7.282416983602968 9.923149844761447 9.972541744612114 7.24107158987535 9.491327395981564 10.0 10.0 9.98698336000753 9.994600684993214 9.920862031457512
10.0 10.0 10.0 10.0 10.0 10.0 10.0 10.0 10.0 10.0 10.0 10.0 10.0 10.0 10.0 9.874071233970149 10.0 9.611228908759264 7.509160647665824 8.533304771580173 8.488298771906143 5.126307493017519 5.442602719779419 8.18461453909028 8.095811144922413 5.223727487584495 8.726160776995755 9.94624329428752 9.922860927424512 9.975156649532744 9.991400029856031 9.770063639885448
10.0 10.0 10.0 10.0 10.0 10.0 10.0 10.0 10.0 10.0 10.0 10.0 10.0 10.0 9.91383947341836 8.500634372921501 9.688536790740466 7.732369600467084 5.068861088584804 6.442402910495424 7.401087705351035 5.398136251250162 4.995754176077669 8.239335013059792 9.318672936378505 8.085446408770492 9.690170193510788 10.0 10.0 10.0 10.0 9.99884546338846
10.0 10.0 10.0 10.0 10.0 10.0 10.0 10.0 10.0 10.0 10.0 10.0 10.0 10.0 9.639466220455263 9.049294305087697 9.999992159185691 8.990553561798244 6.680115975609334 8.822139989939796 9.874373671621866 8.0947512873793 7.803779404288887 10.0 10.0 9.875259847792933 10.0 10.0 10.0 10.0 10.0 10.0
10.0 10.0 10.0 10.0 10.0 10.0 10.0 10.0 10.0 10.0 10.0 10.0 10.0 10.0 9.729378207723437 9.894203440599622 10.0 8.723828819805334 7.406047433537352 9.809840986145927 9.969693979078597 7.904639670840588 9.251943302986554 10.0 10.0 9.83260292867138 10.0 10.0 10.0 10.0 10.0 9.999760310100736
10.0 10.0 10.0 10.0 10.0 10.0 10.0 10.0 10.0 10.0 9.987706547224095 9.996464074552609 9.998261043801694 9.54702887829102 7.619344402359917 8.588563404731232 8.539593416904403 5.109949997530954 5.180070075523626 7.684181072290552 7.287923572259632 5.218386984857315 8.020825641291612 9.876179356781154 9.850735107510992 9.52857114449909 10.0 10.0 10.0 10.0 10.0 9.997472091927145
10.0 10.0 10.0 10.0 10.0 10.0 10.0 9.994413711874559 10.0 10.0 9.647379028043959 9.045541869443445 9.697656546015477 8.299363939875208 4.983932991130095 5.535074955902377 7.637985837916883 5.943047150484946 5.063307173180384 7.739565213843001 9.489820558479018 8.806626836965492 9.160950718530799 10.0 10.0 10.0 10.0 10.0 10.0 10.0 10.0 10.0
10.0 9.990139435984144 10.0 9.9918361303048 10.0 10.0 9.86816019167181 9.925851550275311 10.0 9.99895456040521 9.120121583033317 9.648529421254409 9.997464371004156 9.709384131559434 6.284277188103982 9.3964522913236 9.987323452198165 8.514144627629308 8.54144199697788 10.0 10.0 9.991103236438558 10.0 10.0 10.0 10.0 10.0 10.0 10.0 10.0 10.0 10.0
10.0 10.0 10.0 10.0 10.0 10.0 10.0 10.0 10.0 10.0 9.697417979931576 9.996082074685267 10.0 9.410308168639279 7.496835057025231 9.962225698265149 9.996719969117631 8.009754102281104 9.31337595636416 10.0 10.0 9.928086986529097 10.0 10.0 10.0 10.0 10.0 10.0 10.0 10.0 10.0 10.0
10.0 9.989122434250632 9.99573816849753 10.0 10.0 10.0 9.697454150249332 9.980438730481149 10.0 9.5574704852252 7.532125803940455 9.26987344632703 9.203645354740424 5.451659285959925 5.377016269966705 8.146363367620888 8.09636408472505 5.280114848939651 8.137698146371603 9.894642819646126 9.906737310081734 9.822375779637149 10.0 10.0 10.0 10.0 10.0 10.0 10.0 10.0 10.0 10.0
9.995686327165215 9.881219284377327 9.985302859226689 9.916552715003032 9.975322329507748 10.0 8.102993348842173 9.045981102984582 9.859228726155182 9.13026196162034 5.194914199376077 7.67014330322672 9.220145704720714 7.514140834759408 5.068103165575876 9.395553900149451 9.921639846005029 9.188599189553663 9.990259987298206 10.0 10.0 10.0 10.0 10.0 10.0 10.0 10.0 10.0 10.0 10.0 10.0 10.0
9.99554129245357 9.973841121502828 10.0 9.985460035501921 10.0 10.0 9.295584955384298 9.958687818402899 10.0 9.996801801886052 8.134823839773905 9.991780456033755 10.0 9.726390713529664 8.441208055305419 10.0 10.0 9.960444988028975 10.0 10.0 10.0 10.0 10.0 10.0 10.0 10.0 10.0 10.0 10.0 10.0 10.0 10.0
9.997740897987066 9.978570664446679 9.988310814495133 9.996219897661028 10.0 10.0 8.476019957802507 9.965506668575237 10.0 9.97026898829895 8.37906796342382 9.994270159674794 10.0 9.121096700899336 9.374371506870004 10.0 10.0 9.799577585026094 10.0 10.0 10.0 10.0 10.0 10.0 10.0 10.0 10.0 10.0 10.0 10.0 10.0 10.0
9.93534693300196 9.76746646358073 9.82986561713716 9.878439583375005 9.870941345325116 9.973140913397312 5.554505604652194 9.449973416703532 9.635715056323125 7.0252820540832825 5.767637198828836 8.475072145075682 8.710241756751522 6.061631353209059 7.632954785476844 9.771226178523873 9.902657882244009 9.44931440180664 10.0 10.0 10.0 10.0 10.0 10.0 10.0 10.0 10.0 10.0 10.0 10.0 10.0 10.0
9.86056970684832 9.505642195911859 9.900322588736094 9.76503317298959 9.977618789757742 9.999652506111351 6.004953479217286 9.049504320456721 9.9977713624797 9.864285302009304 6.539927843409793 9.919878265389254 10.0 9.92578765553912 9.57233387002537 10.0 10.0 10.0 10.0 10.0 10.0 10.0 10.0 10.0 10.0 10.0 10.0 10.0 10.0 10.0 10.0 10.0
9.876197708204472 9.836810503962074 9.95482104741092 9.977343346483439 10.0 10.0 8.098625029988721 9.966892116605106 10.0 10.0 9.470811621021937 10.0 10.0 9.998604035081815 10.0 10.0 10.0 10.0 10.0 10.0 10.0 10.0 10.0 10.0 10.0 10.0 10.0 10.0 10.0 10.0 10.0 10.0
9.716727814881205 9.624175866973522 9.74605019823034 9.889039709579 9.894287301497172 9.994161299731898 6.843030505108169 9.957595335111252 9.99992464068985 9.181959423542787 9.412171772533487 9.99826476648476 9.99978677410641 9.39101630877255 9.99765345654544 10.0 10.0 9.997142684969878 10.0 10.0 10.0 10.0 10.0 10.0 10.0 10.0 10.0 10.0 10.0 10.0 10.0 10.0
9.232717422526974 8.712206646832295 9.357327392226157 9.437983198985807 9.789916117120542 9.814951717297292 6.281173514845176 9.550194093228548 9.85996383286891 9.817405420876295 9.177604545600508 9.950663159723119 10.0 9.999595081982603 9.996497614337454 10.0 10.0 10.0 10.0 10.0 10.0 10.0 10.0 10.0 10.0 10.0 10.0 10.0 10.0 10.0 10.0 10.0
9.029742811677657 8.110479922713722 8.904732567047242 8.665097027914477 9.193876013338539 8.820532953827636 5.099546210196614 9.078393351976336 9.500573636800537 8.153426741512105 8.682082215315855 9.673306510602536 9.72184583929658 9.214722388687829 9.833289203003579 9.995910155252336 9.98324119361087 9.994719599906098 10.0 10.0 10.0 10.0 10.0 10.0 10.0 10.0 10.0 10.0 10.0 10.0 10.0 10.0
8.53671962437876 7.482867039095104 8.721337568773958 8.096194573551319 8.892013915405299 8.099026422219584 5.603862862612307 7.269752551264632 9.084224584839207 8.975697746844906 7.696878120231083 9.589813266574284 9.9817955720937 9.970124957962298 9.931755354054024 10.0 10.0 10.0 10.0 10.0 10.0 10.0 10.0 10.0 10.0 10.0 10.0 10.0 10.0 10.0 10.0 10.0
8.623277993902537 7.518286648204465 8.558034224314968 7.480116497874432 8.364310007200585 7.087759521180013 6.158365620232671 8.537761529704376 9.419942406514838 8.999038609383039 9.584971422986353 9.955991000024081 9.976696580889026 9.9666551860752 9.988902281628018 10.0 10.0 10.0 10.0 10.0 10.0 10.0 10.0 10.0 10.0 10.0 10.0 10.0 10.0 10.0 10.0 10.0
7.384972625956492 6.315275990383964 6.922235750983406 6.28724477725471 7.214211488529696 6.653780790464049 6.656676478001179 8.218673964185722 9.177837503159866 9.360524854079468 9.58335099198254 9.939800863558911 9.968967055125809 9.955858941442862 9.98766900460673 10.0 10.0 10.0 10.0 10.0 10.0 10.0 10.0 10.0 10.0 10.0 10.0 10.0 10.0 10.0 10.0 10.0
7.672494467193976 6.983447615022506 7.823298478996756 7.46145940636671 8.43760188287236 8.293240330945594 8.566072403423481 9.41209654365169 9.758159667413093 9.806118500023885 9.896741635115362 9.988841181397136 9.984933964715092 9.99633522954861 10.0 10.0 10.0 10.0 10.0 10.0 10.0 10.0 10.0 10.0 10.0 10.0 10.0 10.0 10.0 10.0 10.0 10.0
