10.434782608695652 10.434782608695652 10.434782608695652 10.434782608695652 10.434782608695652 10.434782608695652 10.434782608695652 10.434782608695652 10.434782608695652 10.434782608695652 10.434782608695652 10.434782608695652 10.434782608695652 10.434782608695652 10.434782608695652 10.434782608695652 10.434782608695652 10.434782608695652 10.434782608695652 10.4234190509605 10.147023681927205 9.662037261199005 10.106842971312787 10.023360593062549 9.511707229305133 9.593811578811408 10.130997190575716 8.748394308931987 9.91827742706445 9.045246672407572 9.446318744187742 9.48830783844104
10.434782608695652 10.434782608695652 10.434782608695652 10.434782608695652 10.434782608695652 10.434782608695652 10.434782608695652 10.434782608695652 10.434782608695652 10.434782608695652 10.434782608695652 10.434782608695652 10.434782608695652 10.434782608695652 10.434782608695652 10.434782608695652 10.434782608695652 10.434782608695652 10.434782608695652 10.434782608695652 10.393837151833889 10.230459332340274 10.309754115453725 9.91554083830702 8.968280266592428 9.81655617821025 10.017999688822979 8.436198032786448 9.017340530112198 7.66341136594283 8.402837981581552 8.855344022141058
10.434782608695652 10.434782608695652 10.434782608695652 10.434782608695652 10.434782608695652 10.434782608695652 10.434782608695652 10.434782608695652 10.434782608695652 10.434782608695652 10.434782608695652 10.434782608695652 10.434782608695652 10.434782608695652 10.434782608695652 10.434782608695652 10.434782608695652 10.434782608695652 10.434782608695652 10.434782608695652 10.360273361225241 10.303967998033391 10.399313368758653 9.33054418757754 7.872638972637576 8.903783440839801 9.398515540246278 7.257556511655306 6.948044344842044 5.91267596159338 6.542227038582871 7.32599381555021
10.434782608695652 10.434782608695652 10.434782608695652 10.434782608695652 10.434782608695652 10.434782608695652 10.434782608695652 10.434782608695652 10.434782608695652 10.434782608695652 10.434782608695652 10.434782608695652 10.434782608695652 10.434782608695652 10.434782608695652 10.434782608695652 10.40045123536895 10.434782608695652 10.434782608695652 10.422762708904004 9.490555447787694 10.031198202726031 9.71990578554708 7.502993405218249 6.955663983166855 9.086408053895116 8.612316808823726 7.451708327200401 5.844253829272231 6.4090343822321065 6.1202174452207565 5.941034449143431
10.434782608695652 10.434782608695652 10.434782608695652 10.434782608695652 10.434782608695652 10.434782608695652 10.434782608695652 10.434782608695652 10.434782608695652 10.434782608695652 10.434782608695652 10.434782608695652 10.434782608695652 10.434782608695652 10.434782608695652 9.936480412839247 6.223410155909711 9.148891645791721 8.996366541803416 6.034898504152371 5.162351456814304 7.362126370535909 7.410085122577421 5.301215486216424 5.404398903601612 8.522251021512066 9.057443047591244 7.832694109385554 6.531145845808936 8.558397488356649 8.529202917788703 7.164268454565531
10.434782608695652 10.434782608695652 10.434782608695652 10.434782608695652 10.434782608695652 10.434782608695652 10.434782608695652 10.434782608695652 10.434782608695652 10.434782608695652 10.434782608695652 10.434782608695652 10.434782608695652 10.434782608695652 10.434782608695652 10.434782608695652 9.838768819703633 7.852539574618814 9.442026064920926 8.829846590993386 5.713798903933179 5.405287640212242 7.889586083309091 7.236012589473556 5.585538500539527 7.8843054032396305 10.077173121820593 8.240097328617303 9.313133540972617 9.695355203818211 10.29726831067988 10.142181305862103
10.434782608695652 10.434782608695652 10.434782608695652 10.434782608695652 10.434782608695652 10.434782608695652 10.434782608695652 10.434782608695652 10.434782608695652 10.434782608695652 10.434782608695652 10.434782608695652 10.434782608695652 10.434782608695652 10.434782608695652 10.434782608695652 10.097983830939004 10.165968216208135 10.434782608695652 10.431101118302808 8.459143528129388 9.824864421013935 10.434782608695652 10.015019865343934 9.023960724824443 10.434782608695652 10.434782608695652 9.653240746126318 10.338688476303194 10.090531716582328 10.367149384251066 10.24487775276169
10.434782608695652 10.434782608695652 10.434782608695652 10.434782608695652 10.434782608695652 10.434782608695652 10.434782608695652 10.434782608695652 10.434782608695652 10.434782608695652 10.434782608695652 10.434782608695652 10.434782608695652 10.434782608695652 10.434782608695652 10.434782608695652 7.698889272292752 9.274017202166059 10.434782608695652 9.606100866259174 7.234184013972206 9.604494058366527 10.434782608695652 9.824241945172556 9.69289619605281 10.434782608695652 10.434782608695652 10.253806811488754 10.303179126013827 10.389575868233317 10.434782608695652 9.920666926522385
10.434782608695652 10.434782608695652 10.434782608695652 10.434782608695652 10.434782608695652 10.434782608695652 10.434782608695652 10.434782608695652 10.434782608695652 10.434782608695652 10.434782608695652 10.434782608695652 10.434782608695652 9.76009116583803 10.413730283485274 10.316484009784402 5.787061682181492 6.149668802013505 8.600873965371823 7.5786596046150185 5.248744371998066 7.5425510564601215 9.861368004330357 9.25594460936407 9.27835017936101 10.434782608695652 10.434782608695652 10.402569404102334 10.434782608695652 10.434782608695652 10.434782608695652 10.434782608695652
10.434782608695652 10.434782608695652 10.434782608695652 10.434782608695652 10.434782608695652 10.434782608695652 10.434782608695652 10.434782608695652 10.434782608695652 10.434782608695652 10.434782608695652 10.434782608695652 10.434782608695652 9.326348880326352 10.434782608695652 10.434782608695652 7.921294491236328 6.258827442739966 10.086941938381186 10.089361984836314 7.819354011835889 8.589843062046725 10.434782608695652 10.434782608695652 10.377788933160659 10.434782608695652 10.434782608695652 10.40918058879052 10.434782608695652 10.434782608695652 10.434782608695652 10.434782608695652
10.434782608695652 10.434782608695652 10.434782608695652 10.434782608695652 10.434782608695652 10.434782608695652 10.434782608695652 10.434782608695652 10.434782608695652 10.434782608695652 10.434782608695652 10.434782608695652 10.434782608695652 9.80684967930021 10.434782608695652 10.434782608695652 8.183317167888658 8.599594500794822 10.434782608695652 10.434782608695652 9.933961487471393 10.434782608695652 10.434782608695652 10.434782608695652 10.434782608695652 10.434782608695652 10.434782608695652 10.434782608695652 10.434782608695652 10.434782608695652 10.434782608695652 10.434782608695652
10.434782608695652 10.434782608695652 10.434782608695652 10.434782608695652 10.434782608695652 10.434782608695652 10.434782608695652 10.434782608695652 10.434782608695652 10.37337613076414 10.434782608695652 10.434782608695652 10.208684391751365 7.551128881089606 10.289987296089476 10.210778735343936 5.752345487023869 7.480595309183314 10.386415904900614 10.23130457915543 9.279498429354309 10.434782608695652 10.434782608695652 10.434782608695652 10.434782608695652 10.434782608695652 10.434782608695652 10.434782608695652 10.434782608695652 10.434782608695652 10.434782608695652 10.434782608695652
10.434782608695652 10.434782608695652 10.434782608695652 10.434782608695652 10.43445618937659 10.434782608695652 10.434782608695652 10.434782608695652 10.434782608695652 9.487382837780395 10.41452415977563 10.434782608695652 9.567600804322524 5.124588260004669 8.780585465245029 9.303555635139821 6.363462499618209 5.663425520887387 9.842827839873191 10.244602084437473 9.50150219412741 10.425778617225784 10.434782608695652 10.434782608695652 10.434782608695652 10.434782608695652 10.434782608695652 10.434782608695652 10.434782608695652 10.434782608695652 10.434782608695652 10.434782608695652
10.434782608695652 10.434782608695652 10.434782608695652 10.434782608695652 10.4108607121316 10.434782608695652 10.409316730241946 10.434782608695652 10.434782608695652 9.83766581496573 10.434782608695652 10.434782608695652 10.434782608695652 6.825819747428222 10.431433001589067 10.434782608695652 9.439935825560283 8.29682296175211 10.434782608695652 10.434782608695652 10.434782608695652 10.434782608695652 10.434782608695652 10.434782608695652 10.434782608695652 10.434782608695652 10.434782608695652 10.434782608695652 10.434782608695652 10.434782608695652 10.434782608695652 10.434782608695652
10.434782608695652 10.434782608695652 10.434782608695652 10.434782608695652 10.042853285712955 10.434782608695652 10.430463964372745 10.434782608695652 10.434782608695652 8.566373683933833 10.434782608695652 10.434782608695652 10.32848242309092 7.638481044632448 10.434782608695652 10.434782608695652 9.791078702101562 10.280609526478715 10.434782608695652 10.434782608695652 10.434782608695652 10.434782608695652 10.434782608695652 10.434782608695652 10.434782608695652 10.434782608695652 10.434782608695652 10.434782608695652 10.434782608695652 10.434782608695652 10.434782608695652 10.434782608695652
10.434782608695652 10.434782608695652 10.434782608695652 10.434782608695652 8.617352208846679 10.434782608695652 10.073091518067258 10.434782608695652 10.202885250748821 5.291561405177471 9.14369795531298 9.26050372179248 5.830456654413416 5.182585391958364 8.466042107389693 8.666647443117455 7.01477316139334 8.899432927486766 10.434782608695652 10.434782608695652 10.434782608695652 10.434782608695652 10.434782608695652 10.434782608695652 10.434782608695652 10.434782608695652 10.434782608695652 10.434782608695652 10.434782608695652 10.434782608695652 10.434782608695652 10.434782608695652
10.434782608695652 10.434782608695652 10.434782608695652 10.434782608695652 9.41680037887374 10.135207017006483 4.751578765589136 9.156319902475794 9.094142208235198 5.342795441334956 5.255098503207148 8.08117798917874 7.937610597683324 5.148122829204871 7.728711553238831 9.88485465060649 9.818868749483006 9.226914699772324 10.295770509531804 10.434782608695652 10.434782608695652 10.434782608695652 10.434782608695652 10.434782608695652 10.434782608695652 10.434782608695652 10.434782608695652 10.434782608695652 10.434782608695652 10.434782608695652 10.434782608695652 10.434782608695652
10.434782608695652 10.434782608695652 10.434782608695652 10.434782608695652 9.483433412692438 10.434782608695652 9.718391029426229 10.434782608695652 10.434782608695652 7.882220410137063 10.434782608695652 10.434782608695652 10.434782608695652 9.099262158570761 10.434782608695652 10.434782608695652 10.434782608695652 10.434782608695652 10.434782608695652 10.434782608695652 10.434782608695652 10.434782608695652 10.434782608695652 10.434782608695652 10.434782608695652 10.434782608695652 10.434782608695652 10.434782608695652 10.434782608695652 10.434782608695652 10.434782608695652 10.434782608695652
10.434782608695652 10.107068472442556 10.434782608695652 10.434782608695652 7.0323138488902925 9.609561868416064 9.563666230689536 10.434782608695652 10.420238304510443 6.457594729379623 10.434782608695652 10.434782608695652 10.03744168062895 9.987599581939136 10.434782608695652 10.434782608695652 10.434782608695652 10.434782608695652 10.434782608695652 10.434782608695652 10.434782608695652 10.434782608695652 10.434782608695652 10.434782608695652 10.434782608695652 10.434782608695652 10.434782608695652 10.434782608695652 10.434782608695652 10.434782608695652 10.434782608695652 10.434782608695652
10.366488606799729 9.119838339134018 10.434782608695652 10.310025211809052 6.4964411321310385 5.408244074289351 5.300798621365376 8.14127090847219 7.316874156848665 5.092523645167721 7.827202840352758 10.133381126017637 9.529555754736858 9.511874520731213 10.434782608695652 10.434782608695652 10.434782608695652 10.434782608695652 10.434782608695652 10.434782608695652 10.434782608695652 10.434782608695652 10.434782608695652 10.434782608695652 10.434782608695652 10.434782608695652 10.434782608695652 10.434782608695652 10.434782608695652 10.434782608695652 10.434782608695652 10.434782608695652
10.434782608695652 10.257330529552432 10.434782608695652 10.434782608695652 9.67552437638351 8.994632248383976 5.681171629287272 10.434782608695652 10.434782608695652 8.615119636057127 10.316990692706073 10.434782608695652 10.434782608695652 10.434782608695652 10.434782608695652 10.434782608695652 10.434782608695652 10.434782608695652 10.434782608695652 10.434782608695652 10.434782608695652 10.434782608695652 10.434782608695652 10.434782608695652 10.434782608695652 10.434782608695652 10.434782608695652 10.434782608695652 10.434782608695652 10.434782608695652 10.434782608695652 10.434782608695652
10.434782608695652 10.136753971897615 10.434782608695652 10.434782608695652 9.65880785026362 9.127791528951558 9.421165170040696 10.434782608695652 10.434782608695652 10.23641527652766 10.434782608695652 10.434782608695652 10.434782608695652 10.434782608695652 10.434782608695652 10.434782608695652 10.434782608695652 10.434782608695652 10.434782608695652 10.434782608695652 10.434782608695652 10.434782608695652 10.434782608695652 10.434782608695652 10.434782608695652 10.434782608695652 10.434782608695652 10.434782608695652 10.434782608695652 10.434782608695652 10.434782608695652 10.434782608695652
10.130449285229501 7.714764200209509 10.434782608695652 10.428653423516575 6.670820198699895 6.377770699233958 8.932365434619856 10.434782608695652 10.349358973649254 8.986429902749679 10.434782608695652 10.434782608695652 10.434782608695652 10.434782608695652 10.434782608695652 10.434782608695652 10.434782608695652 10.434782608695652 10.434782608695652 10.434782608695652 10.434782608695652 10.434782608695652 10.434782608695652 10.434782608695652 10.434782608695652 10.434782608695652 10.434782608695652 10.434782608695652 10.434782608695652 10.434782608695652 10.434782608695652 10.434782608695652
10.3234565482906 8.418140516766726 10.345574824567672 10.4322328691079 9.419757559481628 5.87868508000827 5.246662121654504 9.75881612682255 10.249359279584896 9.415249378390472 10.419346181282183 10.434782608695652 10.434782608695652 10.434782608695652 10.434782608695652 10.434782608695652 10.434782608695652 10.434782608695652 10.434782608695652 10.434782608695652 10.434782608695652 10.434782608695652 10.434782608695652 10.434782608695652 10.434782608695652 10.434782608695652 10.434782608695652 10.434782608695652 10.434782608695652 10.434782608695652 10.434782608695652 10.434782608695652
10.430295271108363 10.052496363037157 10.434782608695652 10.434782608695652 10.434782608695652 9.365426201823034 9.404011072571047 10.434782608695652 10.434782608695652 10.434782608695652 10.434782608695652 10.434782608695652 10.434782608695652 10.434782608695652 10.434782608695652 10.434782608695652 10.434782608695652 10.434782608695652 10.434782608695652 10.434782608695652 10.434782608695652 10.434782608695652 10.434782608695652 10.434782608695652 10.434782608695652 10.434782608695652 10.434782608695652 10.434782608695652 10.434782608695652 10.434782608695652 10.434782608695652 10.434782608695652
10.172094301915594 9.843755954935084 10.434782608695652 10.434782608695652 10.215757818889404 9.440006863725136 10.434782608695652 10.434782608695652 10.434782608695652 10.434782608695652 10.434782608695652 10.434782608695652 10.434782608695652 10.434782608695652 10.434782608695652 10.434782608695652 10.434782608695652 10.434782608695652 10.434782608695652 10.434782608695652 10.434782608695652 10.434782608695652 10.434782608695652 10.434782608695652 10.434782608695652 10.434782608695652 10.434782608695652 10.434782608695652 10.434782608695652 10.434782608695652 10.434782608695652 10.434782608695652
9.226012153548782 9.02564267047094 10.416443601026387 10.434782608695652 10.405313839746844 8.762350766254336 10.434782608695652 10.434782608695652 10.434782608695652 10.434782608695652 10.434782608695652 10.434782608695652 10.434782608695652 10.434782608695652 10.434782608695652 10.434782608695652 10.434782608695652 10.434782608695652 10.434782608695652 10.434782608695652 10.434782608695652 10.434782608695652 10.434782608695652 10.434782608695652 10.434782608695652 10.434782608695652 10.434782608695652 10.434782608695652 10.434782608695652 10.434782608695652 10.434782608695652 10.434782608695652
7.622810095812349 4.835800339158505 9.026539204655545 9.788271102555145 7.8861569654583015 5.674052683890434 9.304426378826154 10.351934581185281 10.418803714238267 10.405048395747714 10.434782608695652 10.434782608695652 10.434782608695652 10.434782608695652 10.434782608695652 10.434782608695652 10.434782608695652 10.434782608695652 10.434782608695652 10.434782608695652 10.434782608695652 10.434782608695652 10.434782608695652 10.434782608695652 10.434782608695652 10.434782608695652 10.434782608695652 10.434782608695652 10.434782608695652 10.434782608695652 10.434782608695652 10.434782608695652
7.826640029148109 6.252166050183803 9.214175415398827 10.15221386821372 9.977514905979675 7.341788825324245 8.24360716249282 10.195726811282142 10.360413853322534 10.432137498815623 10.434782608695652 10.434782608695652 10.434782608695652 10.434782608695652 10.434782608695652 10.434782608695652 10.434782608695652 10.434782608695652 10.434782608695652 10.434782608695652 10.434782608695652 10.434782608695652 10.434782608695652 10.434782608695652 10.434782608695652 10.434782608695652 10.434782608695652 10.434782608695652 10.434782608695652 10.434782608695652 10.434782608695652 10.434782608695652
7.977017817396099 6.385564965354711 8.932820156213486 9.888691057395134 9.46214009019761 7.275995327941257 6.287927732355053 9.145591710655243 10.347752039338461 10.349367469359823 10.380898574698245 10.434782608695652 10.434782608695652 10.434782608695652 10.434782608695652 10.434782608695652 10.434782608695652 10.434782608695652 10.434782608695652 10.434782608695652 10.434782608695652 10.434782608695652 10.434782608695652 10.434782608695652 10.434782608695652 10.434782608695652 10.434782608695652 10.434782608695652 10.434782608695652 10.434782608695652 10.434782608695652 10.434782608695652
6.888322414678785 6.199893324431151 6.28571064567249 7.305671486538589 8.164304681573679 7.2516766027571 6.525528995172045 6.599343123089563 8.753593276790621 9.686128857234413 9.268139202262272 10.328089605776887 10.434782608695652 10.434782608695652 10.434782608695652 10.434782608695652 10.434782608695652 10.434782608695652 10.434782608695652 10.434782608695652 10.434782608695652 10.434782608695652 10.434782608695652 10.434782608695652 10.434782608695652 10.434782608695652 10.434782608695652 10.434782608695652 10.434782608695652 10.434782608695652 10.434782608695652 10.434782608695652
7.467376854470022 7.875480452524136 8.594419392722617 9.182126844981312 9.950272478750776 9.61665344111437 9.408277287068637 9.939547817043275 10.234574180827286 10.396551676216188 10.37701845466697 10.382752481772888 10.434782608695652 10.434782608695652 10.434782608695652 10.434782608695652 10.434782608695652 10.434782608695652 10.434782608695652 10.434782608695652 10.434782608695652 10.434782608695652 10.434782608695652 10.434782608695652 10.434782608695652 10.434782608695652 10.434782608695652 10.434782608695652 10.434782608695652 10.434782608695652 10.434782608695652 10.434782608695652
