27.57730342310493
27.57732465768584
30.285853714178856
20.263486532224164
33.10893646107651
31.908482523192475
42.51232003536411
-34.51122872237823
36.08854965764905
22.480093441430153
31.27279496037253
30.862497146743507
28.83174390860627
15.824154179770966
15.986654821543596
19.765081600661084
-1.991593241046122
23.336079663163765
16.578255978258877
27.857791659298805
-11.020999828829481
-10.169391744310571
7.977785119732945
-10.318372420537916
37.42008387818703
-24.08566959094749
-1.3891616698160572
3.0824910612057206
11.86066011960631
19.54437737591219
-3.46627892629814
-17.578259027080527
-12.067147121722577
-8.949040405338845
4.629897247277337
13.783930349946981
12.650468194844947
-20.360980099276123
-42.68452946340686
-17.460017988780407
-13.211228405449672
-13.157452392965133
-11.621110850507964
-21.44555228825888
18.086661405985264
16.688652744500857
-26.243361847605467
-28.502654990071342
38.03286962067462
-23.81748809551991
-37.51570051511915
-46.609114699288924
39.696880106520865
47.86077983663092
38.573479580338336
-39.077174937946715
46.329707983701034
38.34396510337551
-24.897372945860536
-31.470427891529358
27.957357691644354
16.194819915257487
22.832211002772368
30.541764624203125
13.836849108661413
19.813576064211606
-21.494400839905396
19.517400336913596
25.167514037125397
46.997929699390795
41.79214122113585
48.74467027517826
30.40779240215599
30.140806480038748
-20.096350133108192
-24.228971961496
-15.879117026928887
-16.567648677108355
-11.378769606431398
-6.836909703812503
-3.0726307409274165
-12.814400824795534
10.810751382401799
16.05331064744732
19.49106160451306
11.663464306873072
-34.27678051829408
-32.3118884530862
-28.459690072031314
24.766976073764255
-20.31348217312496
-14.533489308885498
-28.4849701431276
-23.974323895905183
-21.620902160649422
-31.55809527667464
-18.92632167332796
-10.67455151664412
-26.661121230722696
-20.678152252336194
-47.07607364466022
-24.249649249791112
-29.61061688044298
-9.186559135396303
-29.501579640274418
-44.33370391496515
-29.277722877126447
-42.987204099207275
-40.36229632651907
-38.41187562816676
-16.72189245042758
-24.793283511994797
-20.720830312646868
-37.204976804844776
41.577157180957606
-37.49688032455963
62.84597286732529
-52.8797467361523
-56.692431226411955
52.34675451205963
55.504141973918586
26.503397684080703
-7.496387439536056
-9.444097984884525
-28.748631242375765
-12.19648440380213
-15.062368650099636
-21.648282117437397
-15.952976333831057
-18.457638730814523
15.987579721749558
25.307932893934208
-23.567184871635895
26.357328050793605
17.397973542180296
-26.1990439291245
-26.68385270038925
-23.99289469825859
-20.721984436136463
-33.02292279419114
-38.960393821378
-9.773684974689253
-13.988463220394419
-7.1481920303921145
12.375324809335783
37.135801095559486
27.761394982769627
35.47798507532076
33.2079142739208
11.062081036249896
19.937893719300693
18.48321498833026
28.686281614762088
26.24948725734727
25.632733570803335
48.33415986668266
43.76939455993067
27.79066401003811
20.59179733363641
21.13024738627207
19.10465957637476
-9.542401371669389
-18.06591430566337
28.90587596283876
-40.02237309189673
43.34777213698578
15.323278074711542
15.176309955655405
13.980769373276347
28.136438257776
14.052220868960939
21.87496384535257
25.958375701696202
-26.78977045653479
-13.461536723740437
-14.133657800472156
-28.06386415685607
-4.684990332065753
-15.071909317223177
14.205746204804921
12.077462329019104
-18.44168414757864
-7.952165632843162
-24.41637854134021
-19.331179930521092
-24.58332277849376
-20.716035382355216
-8.056867313044304
-16.17902369345696
-12.620930084526968
-20.063067522953638
-16.918841270158417
-38.05891111426985
-32.64649781784616
-24.643970589040816
-24.8928251844641
-31.104720314911106
-37.45243302673374
-25.266327967037775
-16.693663563517575
-29.102428657265968
19.44831270539551
-27.217209512344517
-27.106348158555928
-42.47412488570933
-43.22806463600993
-55.97801379733815
-34.48096861303717
-39.24745373469838
-26.101513255054886
-34.46607144633185
-57.57653290896213
-66.84218748259633
-64.56023177999083
-56.637189081357675
-50.01014896748659
-49.17496272892356
-31.227252215495206
-45.62719905181899
-33.91445760789104
-33.40165529726931
-14.874492077505211
-7.5954222475179005
32.55157174602204
-35.135633101215056
-26.935365630238927
-33.93708089304027
-53.71147271768429
-29.5724071386095
-57.86740118552588
-31.589761967383343
-51.154439422728004
-42.98616912545724
-30.580239855401732
-20.776947306305946
-24.509236268997252
-8.470766708749867
-13.007370557686098
-6.389203734549356
12.78892605007787
16.16167023239837
-4.290557676090215
-24.26899078161004
4.518718994812894
12.954661350911003
-15.849683147585408
-18.759736349043404
-13.48053111751852
18.358505512391833
-12.106333839587421
-20.58947510601708
-12.497017812168243
-17.44656620735449
-19.65176125282555
-13.29355125979312
12.522419926514429
9.402604165505384
14.010682715139628
-10.69203270056986
-9.387162439878118
-21.144316661100607
-5.1219372368251195
-18.67398342089593
10.626436848362347
-13.381552239805648
-6.812508303657951
-6.80099813387081
-20.38598663801319
-39.88629775104582
-55.66888297011
-38.29853614813783
-29.10224632563805
-41.42269899306171
-35.69067386972417
-33.40203579091346
-45.13468016367161
-31.532804502937257
-14.546895485636496
-37.07027965236879
-23.65284198767693
-17.314602148891133
-25.43332719180603
-25.28201562085592
-22.363312067500022
-24.09498835459412
-13.214071100699998
-21.392232057073695
-23.365512438328764
-12.930648016472674
-5.23720750048206
-13.001455808221841
6.823748188063877
-12.620447420603949
-21.38300428864961
-18.136582400287693
-19.68981127224897
-13.792966913490659
-17.558240823771087
-17.05821398748396
24.341091197521013
-30.10066962019417
-28.224034780750504
-24.101207178467302
-36.242644625736354
-41.33181070314652
-45.17116865025104
-38.91056470462272
-23.93979284419036
-37.48462096730656
-32.935847181754944
-24.35975610557645
-26.1189384139883
-17.663189856107294
-23.6080092339945
-25.556423414067122
-11.518672831839142
-26.083020675249806
-30.578147050631372
-23.09597418150855
-26.524872237919674
-23.248791035268937
-19.80657911345461
-15.913735501086105
-16.837811444912923
-19.345862730311076
-15.715942647089411
-25.674017233459946
-19.06494938498802
-22.675858920082383
-29.62776709025576
-20.827872471629316
-25.223933146510294
-23.259086116623465
-12.814487898518166
-13.676159384978076
-16.40309129588124
-15.727055962348834
-17.86873656447876
-29.493231428860256
-27.44376312637112
-22.87631407422888
-21.84012635681065
-8.185604786425136
-8.696094192628355
-13.956867011968324
-15.189846887687278
-9.191241592117454
5.374772458681239
-6.908353257715776
-5.668921669742394
-11.149550760631797
-11.916424000644852
-6.4129465364950375
-11.052790921355488
-13.394310377093399
-14.44512576161642
-14.931134768110526
-17.089955492641234
-21.937047484285703
-22.106896747103836
-21.136436998972773
-26.216823324399932
-19.373681520285356
-29.16777071709977
-21.425521245376945
-18.910854670401754
-16.522426632682464
-20.97150390144739
-9.059964119229614
-17.860970630732915
-20.571169290955847
-19.63779001345451
-18.455579987543715
-13.687750526040464
-16.674980387369136
-15.278186118671874
-16.208703626802677
-11.435284698789454
-7.462749547649312
-3.696637510252292
-8.557337888890546
7.162771362258
3.003224336656411
8.999794379964483
19.94819781830123
13.154878126137367
16.516670040754146
16.24239156081762
16.071881764510895
12.752969611815498
12.342822817405358
-11.555564881610776
-8.53351338762296
-18.369986292812733
-17.05360925082846
-21.394745961468164
-29.5079624072312
-25.60709303282483
-27.37568542343403
-28.475228022170366
-30.6018993774916
-26.935948656356366
-24.30960617410901
-25.351330188027013
-21.255122992454467
-23.939893950362766
-25.24176893301374
-21.86971144942225
-23.47246767610623
-33.209368461011536
-29.723327743924784
-30.127051754983672
-24.98117176664449
-28.314523734257016
-21.96008762379706
-24.188581420954883
-26.362442691539812
-27.051699497248105
-24.416926930052128
-26.571697834898366
-25.26399972611185
-21.19690952192932
-19.833197568276457
-22.772969328955224
-24.60671497385861
-27.625215083373032
-15.492285748216053
-21.781244345568954
-27.90939632853589
-24.506758069643503
-24.428620299981034
-23.41825556559126
-17.877969320025482
-17.44749486310419
-20.778264441616816
-20.569860845104294
-26.415193822963882
-24.177176789116743
-28.917005888327626
-22.37650560465205
-26.94552983484035
-22.005292948256447
-24.789172167985992
-24.280131542409173
-21.77890772949276
-26.174509341218233
-20.28837133975953
-22.268869981866924
-17.39466606339535
-20.784084481582898
-23.27038079119854
-26.922898941679616
-20.742896498305093
-25.58732041393119
-21.075456790128563
-20.631300187030657
-21.490385602256318
-25.275238790487467
-24.43436714894629
-24.977383020962943
-24.770313145604874
-16.330577718370495
-21.819726922732826
-22.615897604134656
-21.982306466269552
-18.971883989086376
-18.212405965206585
-21.952938147494876
-17.394650370233716
-19.544224105248162
-21.401846886634136
-17.950595351632565
-19.58967462906532
-20.28136976766377
-21.78302399864512
-28.259113573034792
-18.570567554586923
-21.505818959077946
-25.708509185857096
-22.899633295180763
-18.647317048749336
-25.161441839212138
-25.25834392311418
-24.36541372661576
-21.511212079625842
-22.676037089303392
-24.777261487479656
-30.48583950668849
-23.10138150244585
-24.486073634645095
-20.418885762631735
-21.386359443245343
-21.478993609233687
-26.003481244930175
-30.110910884882156
-22.201464427581264
-21.72635341516825
-27.0214598293305
-20.707575644216618
-28.78658922560981
-23.193170829211756
-27.41609216599029
-24.649588109493852
-24.839031057382364
-26.82601690938231
-28.479270719862797
-28.120966837895526
-23.13027634273606
-26.106860281927744
-28.124347705396296
-21.37584147373275
-27.734791443090526
-31.337139257732957
-27.811072215199072
-26.45949725893698
-27.19205757865644
-26.621272998873387
-25.447218755795713
-30.92425785449225
-35.91038316521589
-33.93047109169853
-22.768839649268855
-22.187487112633335
-23.24747822392687
-22.46928293477832
-22.604030731020618
-29.32657747547176
-24.011228755737775
-25.306557788507632
-23.9512982885535
-21.2516114013417
-27.651587537203433
-23.464299067004113
-24.705155691042467
-29.261060922020935
-25.368931495011264
-26.13076003260854
-26.61046734363264
-27.273560223091543
-28.207316964382056
-31.258515924643266
-22.941164697431322
-24.114822500328085
-25.871694351968372
-22.76605428718568
-23.916312299543424
-23.438287631667585
-24.379569742859818
-26.887734092572845
-29.12806479816418
-30.624083106684807
-27.52073679511236
-26.508422456438954
-22.039531755184562
-25.840506546461096
-23.72095600964439
-25.672885612331992
-23.338915197055062
-24.910565746892342
-24.837427954738775
-25.777218378393144
-24.879609764306856
-24.315445369937382
-22.155639106877132
-26.593498092854695
-26.322709447509897
-21.887518771029455
-25.463091261569136
-29.68395856167064
-25.992669235343243
-23.883727723076888
-26.08642667790342
-29.020687484160973
-25.85728884412848
-23.570989727560608
-32.92713361595188
-22.92539119394555
-15.771119976096754
-17.824547774334093
-24.073200314843803
-21.574237359818575
-22.53196496953636
-24.781832635314355
-22.6638543486825
-21.589434685007244
-24.848526210395814
-24.914148015194666
-25.715314113653534
-26.59949387336894
-22.794095548893786
-25.31150197587608
-25.48882353237418
-26.114739401054635
-23.93428483189619
-21.55362589646262
-24.190506644781003
-24.103874456761563
-23.707012425407854
-25.996294225705388
-22.229827211415074
-18.144088832974433
-21.163659271810097
-26.487252417934897
-25.348131956785718
-21.871396902238466
-26.93414868985671
-33.096594574564875
-29.16667126499182
-26.43025219306492
-31.351628522628467
-29.650652618679544
-24.648263321166535
-24.995331272885448
-21.66248632002176
-21.069622903016267
-26.094558572676803
-23.760112557180374
-23.660861959602183
-19.7457385925975
-31.25312898287449
-26.913660004689945
-22.63693407915493
-27.898272034227812
-23.60594893233669
-25.18883252421971
-21.61468731181086
-20.11410427155327
-24.234150444542458
-26.300150850277355
-27.52402850063654
-26.819190535606253
-18.85625159740722
-24.08894628790364
-22.131253125121287
-26.895307671926457
-22.908483013181083
-21.944182745131506
-26.302939421395962
-31.18197286707714
-28.950834591217408
-27.00384395927404
-25.60924287688978
-24.707875676580695
-21.897099016075614
-24.629572076484273
-27.49435118226293
-25.67181280143211
-24.254693333496835
-29.023300567627956
-31.806960857750827
-26.75419598981741
-26.81444237866406
-25.30815089289726
-26.5448631841004
-25.56718373473956
-32.128722195315795
-24.185644379562056
-28.116532561088988
-26.893197326495642
-29.96842773326466
-31.61857626395641
-31.393958214768883
-25.488667909790884
-15.802247339371526
-20.646613747567866
-18.74488786492611
-24.464089450387156
-26.65820248501037
-27.393463694117308
-19.98378712587449
-31.04785126345822
-15.840186275958684
-23.874521539523386
-13.187155548880993
-15.056142215300758
-21.514281029376335
-21.80285112343732
-23.34922770103706
-21.0477749660372
-18.78074032787869
-17.53682832367325
-16.760929696055577
-19.59974175184117
-21.60574859222263
-22.974504790136034
-25.299583740192197
-23.885261805344097
-16.981712683373825
-20.22384292802243
-24.063441336462933
-20.059543132838833
-20.48973905003416
-24.156843967939448
-20.90403087948886
-13.377378952218729
-19.827627576430654
-23.663577237518965
-21.915747489291235
-16.82173537763658
-19.255970061823707
-22.984708327933845
-18.661708938512376
-28.59537974892412
-20.55045675573952
-25.843800027072863
-21.810397104924885
-19.201166952431013
-21.541253040469158
-15.756522029310727
-23.897169375735825
-25.67341165070907
-19.030880656346003
-20.35427801480633
-23.034571662667055
-25.484850746140733
-20.981953152284824
-21.40187068992873
-19.851385865805586
-24.824481474492956
-23.81333664574101
-23.871137445059443
-19.692291254315652
-22.292268247230812
-22.706873426160474
-25.794285720747087
-24.439599753243968
-20.880428200461353
-20.33081866152716
-21.16690325950267
-21.41443607009329
-21.700020830956642
-24.612382340287038
-25.69615875198954
-20.391964384489096
-22.632384239835098
-23.201588779477596
-26.54608759910009
-23.575126384722143
-25.934803271241986
-22.752453356251852
-21.14419256802426
-22.428279982134463
-20.345867766797554
-25.730087066494082
-26.058977276934257
-25.807317803916366
-24.987143317982483
-22.072330365754095
-26.542056521426765
-18.657377615765995
-14.605916953417124
-13.345888087885937
-13.431757860886155
-14.26353228444588
-15.829211147414552
-12.033272750607487
-19.450624773207288
-14.829498570760624
-16.033372354977896
-16.16574452899688
-12.446243878067222
-14.133214956956259
-15.52348186349371
-16.651505109051282
-21.12315409746782
-18.751625841213194
-16.14139602455167
-18.88142057386521
-19.807726767861038
-20.429156505416888
-20.612289491714805
-17.921374975756965
-19.17438543687625
-24.23157608050563
-22.172773308477467
-23.6711343354358
-29.31039725256229
-26.335835403429265
-23.870889743846206
-19.441973820256177
-24.450156838811758
-25.175376534776415
-19.516858171375134
-21.463125584859963
-27.500787934549113
-28.295967667857138
-30.38273611936431
-23.081594433993956
-26.684955033781456
-30.199940881249656
-24.519823936542615
-26.761549584622877
-22.493178837028616
-24.318501606868786
-19.645115827376483
-28.858256824448645
-25.2245135125322
-21.942027031366884
-24.98755786817042
-26.881283286514396
-26.63462323567772
-28.52085341882748
-23.811773335738742
-28.150861996096918
-29.917644917229204
-28.68007438833828
-28.68679999726678
-31.02624616043957
-27.848903116027742
-24.575085047041757
-27.055109439025596
-20.33650986728284
-27.815039255843157
-24.585667602098887
-24.124477989300598
-29.016110623558134
-26.001438813249944
-26.046673685590694
-23.59494516691514
-26.48839068926038
-26.5557056304951
-21.680749565668865
-24.454407944472862
-24.218654104033167
-24.873597024572277
-24.365964392326273
-32.57626192647595
-21.11177232934679
-14.982642020394294
-18.63626532139364
-18.13253525004561
-21.996071837230037
-25.331758239455997
-24.904527671359777
-25.829576603485275
-18.72034158915577
-15.800942957928013
-10.279668664581092
-15.480356044499752
-18.84351867442067
-16.809539514039404
-17.335958101373784
-16.595823350578584
-14.998403985400417
-11.449544788655391
-21.36274793290522
-15.011427653599826
-14.181566018539957
-13.19916656142103
-20.683296696338008
-23.41450808646923
-20.523585061951593
-18.682548391164627
-17.485325760827276
-9.174396124901124
-17.805916897654257
-17.651635340904228
-18.096202965516035
-22.183463465241246
-24.763200283527045
-22.592665283468655
-18.68977427713134
-18.322796489090955
-9.42514332280664
-10.530893492782662
-22.706844075722085
-20.315844481446707
-17.45066636932107
-18.975177739315242
-24.26685862328301
-27.78477780893043
-22.174752559058103
-24.92033011479582
-22.281720409806375
-22.2464610225712
-21.927444700978274
-26.65520076705731
-26.865478019573022
-25.274938186141124
-29.152050191798725
-21.19768446176131
-22.403682331047836
-28.55956234746605
-25.361133968102724
-27.94558701271222
-25.002892849378654
-22.838604550633057
-30.200940995741085
-25.35084065012818
-23.79557089525274
-24.391443131828083
-35.93080548474018
-26.304122739003567
-30.178409438086298
-27.155396484308575
-29.78120421976011
-29.312472263322814
-28.534705629498383
-28.93707207193851
-26.576609165806666
-26.516329376183734
-34.748074977597106
-27.59135002207247
-33.14244665389253
-29.53325213976846
-26.405624842677426
-26.752345345746154
-29.399988591389995
-24.96463534523127
-27.037239238779566
-27.941257795255254
-28.568120355383112
-25.06452951423981
-25.68526497328448
-23.743279351739286
-22.27962545253836
-25.945024339645524
-18.93137535398022
-23.640898191034747
-22.785770293090998
-29.272339788025224
-22.420103380850726
-25.194657503983585
-26.7233498165637
-24.524669055396366
-23.179405476151683
-25.137797830659352
-29.01886150277044
-28.54637276319351
-22.180007345293564
-24.208573244080323
-33.573770843073916
-22.91849540509466
-26.312022946309316
-24.427650072334096
-29.17330762983593
-26.50181833559237
-24.12832366181424
-20.497639898090103
-28.044057734170106
-26.51675987450599
-23.60730748558202
-23.98634557097692
-23.18522328623184
-23.468113911912464
-27.75588736347195
-25.19537012886198
-28.185289067207997
-27.133566469179573
-29.061010844078144
-24.55542701735222
-22.912107338137712
-21.865134083691
-24.762528849038965
-18.809185018626064
-21.009652979603533
-29.690282922585038
-32.21479068487955
-26.841430580054173
-23.680973689244034
-28.38095256328194
-26.653787149009084
-24.477230340661748
-27.548272207368555
-27.51762329650165
-28.141287746423473
-29.831374582226953
-29.117520400713758
-31.368801577434095
-25.369715257417592
-29.613645307636503
-29.259226037275965
-34.61034719819572
-28.834549034341517
-25.297210502570795
-29.402347686442713
-21.02109313163402
-25.97550041082004
-27.026699526457367
-26.342523637154375
-23.64445395719154
-25.743900669164375
-29.80254151376058
-26.124160552039022
-25.267842634868114
-25.95551714096581
-24.407553822048634
-21.841340136977607
-19.95891439446091
-19.149250477970956
-21.736732681228272
-18.02889796426053
-17.88547478125346
-18.740582572214013
-21.985417530115853
-27.235475294935068
-24.61619116483753
-22.712190397156633
-21.32771532557928
-21.125685325943948
-10.076341554226477
-12.13919302380252
