54.994087344834846
54.99379719877137
57.719914264550766
55.08679907293582
53.73764467247703
53.41585064411747
55.29818385558585
56.4906959666361
52.350527469674546
53.751548628153245
52.61519541233116
48.38684188769103
52.423796314911364
52.445070676071936
53.49558598470273
53.51188978494987
53.59012008855607
62.513727204027084
56.58467291770242
64.8290337900028
55.65512955168099
52.167244304592295
53.83062317022653
57.089059510951124
51.90986446555829
58.63971545983271
51.4206626592476
57.926508685471596
59.73521671424427
57.60788132183444
63.27267843351996
59.25459239786118
65.22159733835261
74.98402388253737
63.39705971625451
65.30720143091551
65.08378353764235
63.329203324777104
63.65410251079719
68.12011262471675
66.29301826442695
71.3723107066245
76.3319207423688
73.7406410946802
73.97798703952894
71.73267560361236
71.21779878690263
64.41777772235572
67.57317050405126
65.6148097768396
65.3967633745428
69.26746689611522
73.98740464296652
71.74014960668136
71.93275984004875
72.38442021271308
69.58777917500632
67.50908872463036
61.85852931159405
48.20261088018542
55.661938001826165
58.853125020199144
63.26496419657129
72.76620768239532
73.14558647454123
71.94083598485908
70.38131729284248
69.05522760379608
66.51273876794359
80.03684449701593
80.40414396948766
67.1387047455307
64.68741898618859
59.26175327004396
62.5831303762993
58.26141649823115
63.23679328999768
64.86742564367201
60.69496142330099
65.88239715408507
67.04661039152671
68.37068338532494
62.32545786066218
61.878368560519526
63.00446781810441
64.19245644010907
56.40398288178995
53.555515841292326
59.774876076104
58.27259915541973
55.31812157260111
58.99271709134001
59.957639356764425
61.352389345855855
58.102319473997056
58.61130688605328
56.26091460072593
57.361219475351355
60.464965368182746
53.64328437686377
58.03213107859425
59.32557062583266
54.97601336352346
55.16356451603796
61.002548223087885
55.98725073410044
56.303494878042244
61.33660134825871
60.94992691914571
61.901444910114435
62.22636543955749
64.41598419187112
61.189342077636795
55.06673748703236
54.54523357292332
53.10436423911853
58.41127378355871
56.215763320754895
53.66531121065995
54.09393114599512
52.80197606791774
45.79592063229441
45.24719463020918
52.77634132423009
57.74381979512292
59.41001347676017
57.902803849187784
52.62767380589387
56.11739267979966
60.34636846900557
57.27017470742354
64.91071662330576
63.362876680024975
59.323989733653384
58.81871996027018
55.72100289665069
59.15688724435524
58.60305278620231
55.80119522724997
59.970479152304456
50.371038464807256
58.943818959266444
61.84148606404284
64.75142388858384
65.11572160981875
60.11275514112321
52.48506303975223
53.29658743806277
59.3679485812509
65.25660439556685
58.71626748338289
58.67517368505196
57.78444918195804
60.33071927563308
58.611549611128105
55.32622593411293
54.989842631430626
52.457238833947514
46.74064416408308
45.954972828754364
51.76651648387149
53.885714623937645
52.70027296622006
62.888777775722
63.36234265497004
65.79871107406076
65.73209413273815
66.11593828812185
66.034169524207
66.86527097944054
71.27909753973577
74.01082328588319
77.06530250634525
72.70143160384579
76.69673120979989
75.93507345568727
73.20962723120655
73.7818920475141
67.15994580675195
69.53668857573501
64.5757915547979
63.07243073916565
60.5556585628834
63.125063344477795
62.91774011430715
61.1716219256544
58.32368470916062
52.196418712754166
49.59857085750507
45.90806284025733
47.782534544058194
49.07095549253988
48.799226162729425
50.40073717476349
45.57544180338027
46.32400169383855
50.73370809831142
66.11202222557195
51.047964711968255
50.13461247986192
50.76702195615556
55.54676943659489
55.34043629105953
52.12048367892292
48.517029102174426
50.98255241589593
46.10732369377354
36.18215170628532
38.764653204125345
42.80841370118264
38.08580531877152
31.578458417089415
30.580305280740532
32.0215731161622
28.78154597241066
29.822920423571656
34.27712646817224
41.724650511345345
33.82441047880913
39.01525935682176
36.846599887137884
40.649732386917435
49.07792837185973
43.93554992999065
49.37652914732017
49.33331175938417
42.59303271843526
39.28443436730042
35.5709793612113
34.68209513693755
34.08484277320278
31.370031887900172
26.83615117536591
29.330706802534518
32.432998004791436
33.51663199782636
34.25447606673875
36.19377596622631
36.07076928283966
37.1966145910404
44.10943731228176
38.44365290101272
39.21566930553771
38.15441040580967
36.7981742476205
38.789688617485425
39.21132161097785
38.451737566733954
38.65819633076798
34.116428527409255
33.32543865373889
31.48150674399438
31.61955223931316
33.020873721514405
38.418497430579514
35.8636948660473
35.251363975148315
37.29432397969921
36.75003255073632
38.34098226904217
41.384810574495525
42.007241766136254
42.41325264030384
36.198851155465526
40.30250214392857
45.52242928876414
42.63291030939742
48.60935587148988
46.77667122445239
44.369041914291174
44.32676640517142
43.09331669824644
46.99374708596305
40.29218592449954
40.008524986064806
43.67612720879297
45.99472364657089
42.60357049044945
42.621337396270995
46.983879778753135
51.42934788079636
53.59999291866258
44.96435650153912
45.07421469218422
46.822549383554126
47.57528392475912
48.62971083911985
44.86701314690539
37.64436511235072
42.99273751606731
41.14345531337096
41.851110378812926
43.00067636140625
37.31682536937017
41.93873359754598
41.38777305875667
42.14144761984103
42.160812642569596
40.69300785039426
38.599261458598185
42.42083342939087
43.228210930689826
41.458561115160485
44.28070077122234
46.791197858205635
38.1629038966282
48.420173055634216
51.515902228904515
54.936952420436306
54.50113777816736
58.82978519661594
58.399817676727885
54.0519317689279
56.642446123064445
59.816847588196104
53.867687026985436
51.93468145934253
48.78128325612881
55.50245215721685
50.80740042789951
46.763948081892735
49.176150055835
49.69435433381293
48.68543975234294
50.888362579012224
51.3516746289513
47.06690869646039
56.522093338901435
57.18452607110733
59.07066564943335
56.19314175849626
59.70263488520883
61.29602852175741
56.29352757995929
57.267987046136284
55.28771742909139
58.617198486983916
57.09023857698107
55.34030062486208
59.00059786899934
62.68784945867854
55.48622374572846
54.48849941940637
58.83539744697432
58.98578070526336
53.941963083040896
60.4393425916092
68.12210361217811
75.68903462476521
65.60250672696348
73.08445030142305
69.3428500273874
70.32640938889033
64.18000044999786
62.06481238158123
67.0955916182727
73.5056433322833
72.067462435068
71.3123285164454
65.79319889268002
64.64145151733933
66.31849953626094
62.03616040826872
59.26955477014326
58.89743090091034
51.52999526171004
54.32224315672054
47.76296990182301
54.65145544550526
47.955770697888504
42.49640474506751
46.765562213458836
49.54866274376919
55.669004542875534
50.408400359020405
50.20256923818116
58.72460938368499
53.58788400620924
55.28788802618624
52.06538731011729
52.894581426309536
53.36536653382129
55.45833748243159
52.16872311560109
56.30260555036085
49.16662623515345
60.34611357032715
58.689499815321916
59.595819294460675
58.51088260930371
57.663613089242034
59.075310372324026
57.02517827638742
55.493145533650086
56.69398709007689
54.89600905666214
55.22925000676129
55.5753875846482
57.984658534984504
51.42295861259504
50.15610167210219
53.49808947541315
51.08732339332767
52.639491449590395
58.00223139445701
54.872523374383675
54.49708098065337
48.70044405384028
47.68063480140311
44.09244741513648
43.834355947595824
46.61912612516873
47.42747783077269
40.62876275667606
38.73882168938089
36.95008404341481
39.28112260810397
34.47137158485395
39.83812789823894
40.390584369668765
40.99258090325607
35.758957147028696
46.15664370108378
40.4556298009068
41.311234164728425
42.94383864221594
45.879459545416374
48.39046748865614
46.62223980337553
43.08185874121813
37.37260930114509
40.85833808606317
39.40545465099293
37.726296400483555
48.280148844629615
46.010141164341235
44.24963785023473
39.40575480824624
37.92759062816446
43.68060494024785
39.078051221965126
38.67174871832549
40.322130743367026
39.83762817364621
35.68951152994566
35.59464890725658
40.34658993582215
45.43631349721812
49.122306134186815
47.23699440945303
44.24590278937368
44.840301173172975
46.93064743476981
49.06228796065687
52.19746764468936
57.79960672228825
51.18337057758872
60.40172473717014
66.20163706820426
59.402715503182414
63.011089163822334
59.524837835707665
57.023443226610226
55.84124275309789
53.62192150891982
49.148355400474266
45.589322633460796
50.8264219392619
51.19347142543431
49.105185656537934
49.03315541858144
53.791339779094905
52.125609918770714
51.68646773411417
53.825417918161335
56.94003905975485
54.79786591822939
53.99657944180892
51.23243727654531
49.32492977816315
50.40856482052421
46.84833406958401
43.66643422663176
42.12524227411161
39.62397883060904
42.16993392659553
37.26354353828278
39.04823206681887
44.07141286187613
39.866829273157975
40.94222860874753
39.11428672639288
44.84310641408697
47.896847605217694
43.81379548001231
37.19787815311125
37.0051296984498
35.701337160613555
40.23077013646887
43.34357716641363
36.17184564997649
44.75011948685699
44.0701200233413
50.37584260455154
46.18342284833317
43.68896236943955
47.372447436344444
51.56642494801581
54.605596495998874
57.50297905890063
55.64329826822071
53.32310115794562
49.73217679763361
55.387107533852195
52.13672486088482
53.74974667029643
54.29317411178812
54.54243723798674
59.24842855497268
54.40409495388401
57.53832302846596
54.50352710243772
54.76047190990985
57.405468541648546
59.62244729028163
64.08771512331558
62.29910929081738
59.552039489860746
65.43345092718839
78.90353702447621
68.58887878576073
67.74460403132517
67.60852081931284
64.82280832249086
66.45508738002272
67.1570411230515
66.04452816187212
61.32540053164481
57.19894640809532
58.31080945122904
55.41261209537408
52.59484656029974
53.66016283657508
55.623016128247784
54.78978446614942
60.52063509392815
60.8437361862043
62.90599647599094
67.35511666544926
68.11242645451405
72.06779746709395
71.02126790802053
73.65839772166191
67.3308951494363
60.90670543725556
71.30882351407163
80.7004212757962
76.54509681158905
72.22043756297509
73.19289210609647
73.95114468441271
68.37868996701663
72.3309408152467
63.62370032487722
66.70609262536622
73.64391063361356
73.63466675987375
71.99553293645945
73.51121644461836
70.61630318026505
69.4336550231715
75.46412839260384
72.2637596125954
76.76861718848807
81.59883203539805
81.62002440699966
80.06344211672982
76.95907243520028
80.88562276826781
83.43078942085508
79.85029850927332
75.01387824859056
80.02153028099774
69.94426497213502
74.29026760526637
77.6770400567828
65.3769643370206
70.84376102892617
66.96092905251048
68.97149703562235
57.98854393526178
51.45224787403137
48.28571528529621
52.95965021804047
51.25224351365136
53.24790206856689
58.31591619514373
58.5980361843028
62.73806781261764
64.94467384139584
63.799251958246295
61.762463208209546
58.50308108243995
59.493923621478
65.549194303516
67.97991766350498
54.94880687579687
58.52776777334799
63.56222095229031
64.79531449364656
63.550867363319995
64.65000556066009
66.14244295605744
63.850577616674
59.44829345786998
64.8630275414199
66.35119422972089
61.73325729275216
64.88718230663142
61.46682312614732
58.86309921041615
61.05509951524883
58.905086956310306
58.503386346793455
57.464785133611976
50.541100229299516
51.32251887181533
53.60986103703407
54.1079271235716
49.95368807446035
54.28851701079772
54.05788703302405
51.330264527480544
52.89111795789162
55.371499826215654
47.32168515106367
50.78281938580278
55.661865823133446
52.36311977445715
51.65515610076537
47.16212455735129
52.204016364031716
57.54796932887409
59.781247720567386
62.31318039496206
58.72748523990271
55.16461548580902
53.03139409689019
51.05530777960258
53.62993025933971
51.29254981069891
55.701721635974685
55.48016071021886
54.76204947613564
61.29837693796521
59.84408927787136
61.89908642618935
62.33601442332496
62.30198025968365
67.39658390353667
72.5037536688303
71.79541313205412
72.94579688563573
69.50496192627352
71.5923963648311
70.04076097009059
74.9091650523312
68.37775675806428
75.32827031534022
73.05031457179123
75.08444897951804
75.49609333269825
68.0641213860504
75.5325992580238
72.99062038691652
74.17268729668169
75.29504438935237
70.46831881742793
67.02515096886641
76.12366416596721
77.85524136872071
76.75590666994519
84.08495916563294
69.33877917408151
67.79035571454342
72.41026374915553
74.85582304665324
73.46768236712764
69.84682506857038
72.006342104562
75.42531555721636
75.39812649548148
75.43449738041308
74.32913712819946
74.34627796044535
75.55741791894161
83.87744236423181
88.36077888638718
83.31117710190655
81.00992663921099
80.42120357662326
70.33023489732655
69.62140558442776
67.80234909103761
68.2531182631344
61.56990184605669
65.90577337521016
63.39802695976089
61.04932466749902
67.40560502209927
65.11365438428362
63.150027823869095
67.93963318228887
65.2190194744794
68.67509770010614
66.65767031419426
65.73821080466084
69.70991807888173
73.6421263676281
76.11843577665469
74.08552334185386
61.167529960399115
59.61094303103005
62.5519787679568
55.738348657418136
56.44018370287556
69.22138521495168
69.4449196523495
61.15131722740848
60.489794104993976
60.47605014150369
58.8771669704944
56.12706490968867
56.02373399975206
53.879280032729255
42.977583202613964
36.423360623873904
34.605773432752315
25.876189441215068
29.79490396079494
36.44449841274849
41.425765668158775
36.55346410527114
45.35517334831456
32.799674232471425
31.890001652466655
28.227912095071932
27.885175201531776
24.433102680977807
27.494641135844546
24.50515625439141
32.12887577716277
30.44041180490381
25.311458680767338
21.629228351584366
19.390605181152054
20.885194177334647
19.670974667528434
24.473516846987053
28.117389776157907
28.774532467065548
27.76219693623444
31.063980593035275
32.64964790962835
30.90778345446896
32.72830789149159
31.899846260278935
32.64224475686102
30.25004283600453
24.095870205275308
21.792183296428565
22.57731169860703
26.19188238984766
24.455221529130633
20.718397246699656
22.020591345010814
26.435618038083852
26.535375663499448
23.538220588931594
27.78002368206158
31.60337645183944
33.619371034339096
35.14861023971673
32.82252549239483
35.171264609914786
36.598695553393384
37.52287033428364
38.55203223403031
43.76542404953089
45.021135775846325
46.81565142951881
49.29552402068771
49.5482662223459
52.186307210981255
51.38104522290385
55.32428636425115
58.50150250135519
61.27769655277706
64.83550038224172
64.58355041707513
60.196754912070695
60.46215326829558
58.17574777806481
58.80543079696219
55.0822455230835
55.35155570059097
59.42928326816163
66.12841335859271
52.75825675536963
43.229264975204295
43.54500629122479
38.66706002430807
35.20094759366014
34.68175598141284
36.5608807584005
29.830216858396085
33.88694834340086
32.53812191150421
39.784138279870454
37.465601276433205
33.449784203258766
35.52257158669648
33.097259431659964
27.340670341652732
33.14438562499233
32.55317848701759
35.93437982095595
33.32004425319425
37.253856065039805
45.63184623130786
43.819905439633374
47.27230098882098
44.735926298819294
41.55797157502413
41.966385762232385
38.924323692320286
39.77256195174396
38.390409123842836
41.415200598238705
43.236534327107066
43.49331812261979
41.408464021387815
41.92778329221876
48.52908057937017
43.21155906609341
45.92722234405836
39.95262584089411
41.36839277649346
42.504963819539675
42.9653615857174
45.5442652810737
50.51301088265741
52.288451281343654
50.87875215408115
53.34809401789777
50.49594667615436
50.55571757615218
46.523558806778716
53.39645917678014
55.72504687385854
60.95562729560451
56.056745828914515
58.8051756354477
54.53233773672735
59.867912661021606
53.75940271732323
59.1037238722795
56.47839355621902
54.42882695945376
54.99424472166059
51.008554944731486
45.24133382256884
52.58794916203241
58.85673223458498
57.93093458599059
57.54584200397025
60.89306587810242
59.503099869059504
59.73160781196157
60.362264872988426
54.027631142123255
54.37426403708368
56.31574218791551
58.826165580248826
59.61293866613462
60.1509844777638
55.56137600862593
53.11842460153276
61.10532214344036
55.614338989547015
58.60032107519653
53.2848890250089
59.44840111944502
54.39382963527709
52.592634126613085
53.869424029506725
58.43168279754982
57.5240491260152
60.482852711581344
61.81584632825223
55.858040082493446
53.422651410840636
55.40736764734505
49.49863708559312
57.21443965999843
53.283549986256176
54.696902326450235
56.5547376800015
55.20531152901988
54.56475194603417
48.342596446165935
57.65051004131691
51.34954324214395
55.16282372861619
45.32761006108631
45.624179697399214
45.20817584290012
41.34288387130234
45.69753616935478
40.028136733934616
40.01915554264503
41.09721496576239
39.659229103414845
41.305985177547385
43.15312717859541
41.64375232955655
42.55874655256544
44.05088346595832
40.77697672521201
39.03545945045843
38.62115018008444
37.92908264516434
41.38165017377132
40.55614747434938
37.526054758261076
44.324810184574524
39.46156897194643
37.06898131497385
37.41338801796756
39.582866529477954
39.57721754338592
39.01524023545012
47.12140881886642
42.29968151844755
45.33399528016187
46.43720951693329
44.43692546866995
43.63208005559062
47.83172833484272
49.25664873185794
41.71912335760954
42.35678277136261
44.823143167913265
45.24255903278371
48.2188678522466
42.031451116032216
46.27506410200021
48.22481207893343
43.30375279629051
40.45296567257011
42.577043219577774
44.73938906032206
45.59561912789178
49.9212800863742
49.30473041213009
50.45216670953062
46.61231005749672
53.114569375480116
54.066396804468695
54.78439261482109
46.83769329841107
54.696636817042496
50.98899120732904
48.28168865587856
43.096101654111365
42.23031237545923
40.324188906271566
35.74419835736284
39.30251750762612
42.155548476626265
50.891134458711726
45.535386635170426
44.463856399166154
57.67680986131542
56.366172112964385
56.87450576706953
55.934930147319044
55.114781707108364
51.9661528198381
49.908973157807786
55.38915532942512
50.15550469826949
51.23722147905708
47.62350869917283
49.6166608241312
43.51871050850364
41.23904792100623
39.81281395476534
40.91893051337162
45.283908745960844
38.31070888171546
43.42358564482259
