27.57730342310493
27.57732465768584
6.890393338695975
-5.264461157858045
14.968220314327345
21.89933328451757
15.889697102099792
16.426918594981313
18.29681429667976
-16.092055431850806
22.931303486739125
26.63903909616281
-27.683576789137344
-9.472867990172729
-33.503042401468974
-27.678135155806974
24.653820671015566
33.077829562933196
17.23721249964262
21.461811797873793
33.41752980322526
25.11252852927458
22.511935169721845
28.166885546794326
-23.582172547071654
-11.3049205433508
-17.239008324780624
22.304142161398634
15.982438052778658
7.558950351192528
9.510303333645888
21.881884870847905
14.940992068783002
13.123638752568464
32.30051354238686
8.981499293379308
24.88256550268411
17.92932596010772
18.05456231687881
19.18751915617812
-9.589738713176159
-21.07049162412156
11.45427027598396
-28.514395466657653
-10.750744814934784
-14.677631442938889
0.9679915631806248
-24.689398327385014
-17.01727890998413
21.233496889004005
-30.21002097814302
-37.44120086208099
39.731947754099735
37.76877704081583
30.502980617115547
29.246859701716524
-46.24841656918475
-35.74039614991119
-38.486430727652674
-13.987682621463406
-21.573891409328844
-18.862971008775837
-29.606203915642133
21.910018877264868
19.500338479085915
28.998598726913322
25.46204158508515
11.692128889398191
-3.822138832803164
-1.67521975655539
10.304298245280545
23.48875929872413
22.168852014417695
27.856493451376377
36.15135488828408
44.07249695941427
36.16852586450534
31.786967020349657
35.832991192452766
41.32316707776781
34.52020108447883
-25.64856536697355
13.155565289100544
22.003483364799003
-6.417315826221946
19.152550121548085
36.46786893597655
37.67522084491019
37.66822806776055
38.562111884074625
42.98401005122593
59.86916750338881
51.47012942091227
41.6175413590625
40.9158304883399
30.394977533067685
8.073096557383975
17.140912312971658
-4.722722226706889
-13.861888806594457
-12.876192137551442
-6.294995295881875
-2.0813752682424855
-25.555898027326723
26.1608451075357
27.3926235064235
36.66874286412675
33.781007295756574
39.12157237659059
-43.5573979790953
-18.056967366737794
-25.18016787895
-21.14894720039575
-20.839257867862074
-34.13443195629105
-23.012190386545086
-33.23716788614642
33.53631245964335
-30.020278133235667
15.03111981858603
31.499431656123022
13.096087552231845
7.224912024495413
12.771994033260196
32.49554977187953
36.69245530082807
-17.435669464164445
-7.7716036417058545
-13.942977306769857
11.892341550831794
32.830704963946374
26.001974797387547
-28.24737291021719
-15.212111562307303
-18.74363229322833
-38.345087071014916
-45.431968339959376
-43.493685449359205
-50.838430726074
-24.088167691043594
-36.812200216524836
-46.5569779445807
-40.26920058921245
-36.30799184081627
-35.24317297629333
-46.78018660082374
-29.38076090467938
-48.82372241234699
-45.04856936756045
-33.64406727099093
43.477975529280364
-30.268335325513306
-33.768121855078576
-35.21387306158888
-24.283745703829435
-29.896976102410886
-42.492050364565124
-39.236913330797485
-29.195866353112326
-45.796071592177
-29.484361149724492
-31.987601904171633
-19.598489698928972
-8.35748220341642
-4.212812329107826
-10.56977411852717
-12.255892715111134
-27.807124707224823
-41.90154924391234
-52.52741859422491
-31.7401882267411
-26.07512380762079
-37.85203111316616
-47.69453089122635
-44.25435846879634
-39.622193961165166
-40.528769542972604
-24.988108037485127
-28.55244690122126
-17.07522268081454
27.004546158798696
30.73725847391797
-21.00463058855509
13.159879259623992
15.47298914584345
-13.797059939598332
17.098124266552507
28.02435718082703
9.440635678995909
20.93248160190708
20.293188945022948
43.28730219603986
35.532199867710176
43.46202640272641
35.93614807601112
44.742030589221116
42.36340872598172
37.57544072650349
40.85312507522983
47.56390470839163
24.703438504060564
45.50815200493333
31.16846190077229
34.54742544101927
31.67417462134096
-21.134415594820112
18.913675249029446
-12.043402804749114
-28.80593260657663
-35.130152910924444
52.46919761056606
-33.303470355272765
36.09954792798318
40.58045865689354
29.50516185762704
41.98733565244915
27.104880522346846
50.78529046841805
41.174118680071814
37.99253800792849
25.08082357140451
30.878686026360285
59.99558510932956
47.23591616353584
36.712936790808335
33.0675443560929
36.29708802419594
36.75438881432835
-37.99200615191059
-23.547769763405316
-16.032221835710832
-18.13775547350532
-23.133512852668147
-37.3634395302415
16.512006940161445
-36.61664849625371
-20.30779648088186
-26.042164618800474
-15.55529066830302
-15.417620468581562
-20.92423393062304
-20.288330793386145
-21.58653116548959
2.126821690790433
-18.75389889524163
24.384935665764253
26.557359802401155
21.04183540234414
23.286488265556443
-25.01666898103205
-30.917801436807697
-48.55184588769311
-38.00972307051328
-47.19013057097085
58.53375930943825
56.88712034495998
44.44287574114036
37.8817338717094
31.30186138474442
-10.61783975829458
-5.61343699352359
-21.72732142033421
-28.302809905046093
13.361647992293944
2.816289444221784
25.149212841597986
27.036894231735094
25.909084661001756
-32.483756567827164
-23.344682116759156
-18.774849913917194
21.667712347689402
26.58249536190273
19.043919629153468
-17.049300692435754
-29.280485042598002
-35.48112148357639
-20.54387397470059
-18.889208917427624
-25.40092142534292
23.745970215501803
34.38877615624675
47.858906698782434
51.09147725681434
55.7131532324721
20.587242380748677
29.876480972413308
29.54689528684322
22.518355218324864
23.32468979849492
36.36710522998822
30.951828164554488
25.04514855008061
14.774601917781405
21.149271167649154
11.905482418680734
-20.5837881714207
18.00887901174322
-22.96527105620159
12.857176756531931
-14.773855534568888
-8.3203865818768
-5.450933921547453
-26.020521805040026
-26.95886238291726
-34.7201246298415
-30.656731800781646
-17.30983327029947
-16.93145495730523
-17.994645813703542
-6.873396280912722
-12.537171209946003
-18.906453728591803
18.853993315830582
11.247217146989996
16.65982947018053
18.277206662227105
25.67718475220726
-25.858134707991194
-16.33440631506881
12.917789921365426
24.53062337570635
-33.89653483824239
-11.039977795669726
11.934045165986236
-23.88758094913032
21.178137641237125
20.81363385218047
-26.474314738804964
-29.860191314327086
36.96964171484105
29.45443343829227
39.001691163150205
24.62770822454899
43.842180043198965
34.06139599896296
31.878765320511302
44.817268916435346
32.4718717069047
28.371063152916758
5.961799077220859
-5.3480862967839675
16.41540508257625
4.53093450496915
-3.7374568984955565
-9.19137841499474
-8.735434568474469
-2.274560474261973
26.37538113067563
16.50158496380162
18.00860118155545
12.806875508492352
16.47289327070653
24.879155541373656
27.24584048653944
18.580721144039273
10.938512033152348
21.43394234341177
-14.47001304071276
-29.98597407905086
-25.352352939271235
-27.22975104667565
-31.43556411163367
-26.855690772691702
-38.3613187503849
-39.79134589454349
-38.46671555058188
-26.03139280484621
-32.96029312155779
-30.039577800170367
-31.0974350491578
-33.76900888089267
-30.504467314265632
-40.984469988134954
-30.125924160104923
-24.14554186448081
-35.94398824472899
-31.477003936290156
-34.215744891159424
-22.068725558971092
-31.117394211822482
-35.735645974328705
-20.20496427800202
-7.731841926203162
23.9468263379257
15.161042166072086
39.848482188132685
23.22451906972953
19.06281234227214
28.045891887731525
22.91340369415434
39.06215566988124
40.14552344972515
51.88945783172901
35.7590385068862
-20.3725828746945
24.76298728115993
47.66276447667801
57.480221756073284
55.03090600963101
57.638528701286525
-58.04724888503041
-46.19116698421119
62.769891320208934
52.8124732568482
52.70228015593288
60.97359538266039
43.10239578551115
39.327019284840965
40.98001041532814
40.75490646556637
38.7792426672015
36.02169149864625
42.764121467088536
35.661672993034934
34.737314157788674
34.36997722397507
-40.87515129041773
-40.19865710917132
-43.96610178070449
-45.55279691141762
44.71773588360537
-38.27843844373258
50.72557527942533
56.54696282581316
58.36311601744024
60.890906316533695
-50.790483962906315
47.5510598252995
39.311188973460794
-47.076917916783685
-46.106325445378374
46.124029892925854
-43.53133997917638
-35.81540464121042
33.63408381121426
41.650648101369825
-41.47431366344659
-37.70569718523571
32.420851714774095
-29.948589901817606
-50.3961655904433
-40.17169079385736
40.5600637127277
35.71640041369607
46.45215492183154
49.985840413181535
42.61225737326691
34.456338839704806
43.22825724621863
23.941962613370347
30.091106965235074
23.474240744326853
21.6874865317944
31.51663734112724
22.279325597401684
39.611116998673054
35.949287694749955
45.79718729328154
39.226340381363244
41.39779081782644
33.44588187338008
40.41600494714091
36.75782666697783
32.63899263658398
30.146599514421865
20.170352290511474
17.276079085233434
24.054824396832842
21.963262729897142
21.144005921473678
27.83333763571446
19.976843958454854
33.88745118306154
29.29407142536727
25.908305261058178
26.398883064327144
19.290603450303202
23.687573382951587
26.466411470729565
19.77632561060826
27.34426913816219
39.39958890596531
44.45124100610323
26.69493787757271
24.934002292268428
30.353392452900252
28.495366177426117
23.238472603485473
23.709465741223756
-16.39712971057329
-3.7712373230971408
-6.497476309597692
-8.426617706369132
-4.682793486718335
-12.993231580230276
-22.568326832641446
-26.48234619425389
-19.044450123024564
-14.008813588732904
-17.32474714557294
-7.981130385834917
-11.696996092328954
-16.030456191488653
9.830494544358645
-8.414431803760168
8.067005797504722
-11.906338278847773
5.931371964237493
-8.75207801504313
-6.746332175535996
-10.55395472370655
12.427166109867773
8.810927701082141
12.282382662591278
12.954892500579295
10.369269018287584
4.719594230121508
4.608497726699185
14.520623680453681
15.833722918769439
11.18060148727519
12.845598009039746
16.722706202869883
14.494620906135196
7.128531650291485
18.072126489778988
16.614770015438726
20.219150247055786
12.673287710117908
11.414518736032935
13.993605409519462
20.171697784212505
17.60056965310098
20.323783149617622
10.9401139797886
17.864875699191415
10.342993147642563
7.657442201242209
13.095690644796875
18.82703179165507
14.237837688059019
12.087543252772553
12.529125126374305
14.846957130930775
7.483624942997821
3.5385532241069364
0.9351413220155683
-0.8454760807779594
7.252604712085277
4.755881256788495
1.5922637588191173
5.989506903814685
7.486737805986145
-3.7087249168285936
6.029020836466224
4.484111347953603
3.7454958300513272
7.929712502639024
10.069765393064895
1.2629719281328948
10.405197630390068
3.1657194161155418
1.9122864337126688
-4.785906216686522
7.4997310013633
6.642300984885091
-2.77235008403341
-6.079568414523974
10.141264350494454
6.823787299344781
15.704954258684117
11.096284633729008
7.849625302096357
13.631287407969083
8.673756570666953
13.212353504538122
10.572545019745826
13.021794159445696
9.649215254648743
7.76703294854162
7.921282782851795
18.222409399982826
13.183750334225515
11.83866790178431
6.693924827121434
-0.3992698103687947
-9.805963095153377
7.5069845940480855
18.96996705910621
15.850945220872513
14.04670646281652
13.335951255255006
22.79880462956166
13.659562276341637
11.947780577245519
14.650839040767371
12.468408440973418
11.313267155959423
16.695724467826288
8.305995447015732
8.908784305871782
11.988194858998769
15.316869304080406
12.182277785418773
8.346856839567865
7.253551716533949
8.957832577182696
11.763508067049264
7.935684686156864
6.398955904943467
6.068656866357927
16.80392373421511
13.554097156714866
14.736876250956707
17.258870088967466
-11.565040170233672
-17.4251693645591
11.681929959846244
12.604294107854082
-13.38863996434897
-9.45872477825876
-12.873404726329463
-13.105563874915873
-14.334312747143791
-15.297662521508562
-17.28060149910204
-12.979664764434332
-12.22753498483943
7.720972443831728
-7.56444578226005
-7.712989923541431
-7.439749177722446
-6.448965076087992
10.738111397583229
13.393930636826383
-7.878447482816911
-11.229750495213274
-9.501554729257927
-11.956276793887255
-15.676492006554685
7.387920378427278
-14.611087218851921
-11.53242558465746
4.147605744461334
2.7152145444935427
-2.663135556339567
-7.8554649817466125
-4.000833598234233
8.92096310941828
-5.441790976262914
-8.140598790377242
-8.794534598529344
-2.9038321743495485
10.959112584346997
11.09266313313363
-5.436764389012672
-3.731946107782038
10.777996713951222
13.431148411481171
19.851920001143192
11.016470794381569
12.669952587274645
13.556420652072507
7.286773644728731
8.776622147498657
10.488013041753002
-10.29815477462202
-3.6858182321838484
4.05799035770678
-3.456774519531062
3.6100511746282273
6.209894543472009
-5.318757085999129
-4.945202307520984
-10.735970475956215
-5.981877412744765
-23.663979089412603
-29.138378739137394
-18.907411042841478
-17.821638329051087
-16.398239036611447
-19.39600074156621
-15.858858500318437
-21.035180009492382
-20.913619089936187
-16.22368210906694
-8.439418826010694
-9.412409692879958
-9.418113805238445
-13.076024606345387
-10.804896322072475
-2.4170533821728695
-11.962990672615858
-11.412293137961981
-11.83835926312018
-15.479282148414322
-20.553184162156224
-15.934638856010068
-12.232096050427275
-14.015936560584471
-16.950582953830096
-18.07533891115297
-17.012277315744033
-21.286356555957582
-15.237716238923213
-16.728382577076825
-22.674757951118398
-20.964915764491007
-9.610434251458718
-8.98480184229012
1.201347236789785
-6.145696259616078
-6.264583176332295
-3.0619176211824897
-3.482367401621939
-4.068793949324238
-6.951341564450374
-4.993048107218586
-5.4687138268323325
-6.958731209918276
-5.7308369598723985
-5.952000649874859
-2.903208110328904
-4.854399087769323
-2.0865179308071014
-5.150824339812456
-1.5827141412098051
-5.997327517379396
-4.665336124001593
2.9200167748605144
5.845697806641486
4.165998970498125
-3.9677603788124185
3.5519559908889393
-6.872388320277025
6.6794790200899
-2.8781161393100425
3.6103443849417856
6.637490893057915
4.662312414858157
-4.699025989565443
-11.640766935558082
-13.571797726694275
-7.6744452013410545
-6.2192003543468966
-6.154413266195897
-9.206463103349295
-6.052237879523449
-1.865265075121615
-5.949926502048252
2.050947069983949
-4.285475275087229
-4.824405945841264
-7.95340413677631
-1.5285487958537136
-3.8410409384289497
1.1909175526454594
-2.844248498438209
-5.248278219789037
-1.267908247397342
-6.528954997134432
-5.739099268253052
-5.03073397383816
1.8989200529376116
-3.8468028043576776
-4.9864288982909715
-0.7865478324255705
4.5077921858801835
-6.042290127568521
-3.5538333276226073
-2.5194825439348363
-4.545925754367902
-2.9382832200401334
-4.317346405130804
-2.016338168823252
-4.7983174648534686
-6.993157232522255
-9.111034800903644
-6.76717674840237
-1.2114787312707214
-6.619987263910865
-6.701514393310569
-10.571225289847431
-5.169600584956851
-9.238627432431704
-9.09439372655658
-10.253865002592592
-7.527772400527021
-6.815411805960123
-6.621276212449544
-7.07588087108169
-4.894270138949372
-7.5105119240604665
-5.615461676014181
-4.979459410516509
-4.862382858381826
-9.375015046327952
-14.177062391725203
-11.188908972505082
-8.290426238000954
-5.578909777635193
-11.362454158428992
-4.981389163673343
-5.726439430029746
-4.185669251248022
-3.5921897799157794
-5.834517803295113
-4.440053139333858
-6.460146093195547
-7.166451976384546
-2.262591783995347
-3.832030968842643
-5.763800807084113
-11.072464029837551
-8.249359537882391
-13.557192519950535
-9.752249267475722
1.538706527485456
-4.906503611565394
-2.9787537980560224
-2.114989965947029
-3.154049957639776
-3.7198822727220278
-7.0185008854204165
-1.49281285157431
-6.209763014887289
-2.4136870521398732
-2.481753448465126
-2.2746935001886786
-6.381951109359488
-4.605287717941348
-4.287912014733952
-3.63782591385696
-4.368059283974429
-6.446296255562508
-7.626631212015058
-9.516623250157846
-9.104522211003172
-9.354475423305022
-8.252583163901194
-4.511775352517858
4.08255035491478
-9.198208199473605
-4.69907904583235
2.309302609632167
2.248505767138675
-2.561017385610066
3.3586068182529503
-2.5544095920445025
3.382672937434841
2.777058181663154
4.8819453893930636
3.7459247747419764
5.077693830933955
3.330978000691443
2.227980632449327
9.142030009545326
3.032534340976355
3.1772589945334038
2.15198062435343
6.305202896921793
5.985540281071274
4.349531496100662
5.03144011354651
4.470228778920749
2.315221271537765
-0.6694543202076219
4.685038309422896
2.5250541426806024
4.280214021038969
1.9241795260275871
-1.584862685068188
-0.8255602126244724
2.7614705255392007
0.9398462652292842
3.7438768087861534
5.917819337077182
0.10045690653530864
3.2881465014959415
3.0736557325891067
1.8154521195918654
-4.311078682441128
-6.309137036736653
-5.745546591823331
-4.061046664905645
4.134364931946269
5.991596620922992
7.4152758658282005
5.625833191527971
4.360364003930813
6.680730405469664
5.868893166757082
7.349747314119795
4.021241560263313
-1.6683025903074893
5.133722752025787
-1.9334433020798447
3.3212036172753794
6.711089595255539
3.1805761714870515
-2.5214036571665006
4.0768672842981575
3.561879285879795
6.555653686035429
2.0621488071525493
2.981134114711078
3.0854956756924703
2.0769992933351005
-1.3875579192567349
-3.9034912486929723
1.413537489577185
-2.974564336073286
-1.5637150540127942
-1.2250688503840568
-2.960100594265837
-3.558115829910989
-2.0172253847677672
-5.940293876781038
-4.374361944729479
-1.2624600200716685
3.6299522429189244
-7.252262786629055
-6.062917848366139
-1.2682368690873156
-0.5159008112190848
-7.600625946513351
-2.1974287241211043
-3.079245681846814
3.061521226445821
5.546357481175379
-2.174013179996401
-2.889245471644163
-1.7166326599604629
1.1813250155127306
14.786153685504477
7.288293852564541
8.574089105857993
7.446167579828041
-6.401221311616046
6.026071677439006
-4.554300838662271
6.549674046477423
9.546228327101302
10.40438817009727
4.441601885466312
5.705569837742236
5.1880005649774
10.15997435240123
3.4498045570951454
11.099463803845039
-3.7008428462382623
8.399050752383436
6.8827875208126255
4.302313833801794
-3.9939886462051213
-2.471291568066713
4.874297055280839
-3.0969389293848923
5.107256710809897
1.867812832920688
5.267174637642256
-3.1022096390138025
6.16239982899496
5.880062978320599
6.086555659629038
-1.7717220494045178
8.403134798182801
4.0770530715015845
2.981231261411538
8.406358092097035
10.303373339107377
3.7574764459048673
4.962609844769316
5.133284105279066
5.209960404329977
3.1937281766268755
4.79609676073577
2.127913201588915
6.464596763210367
-4.730417879300725
-2.6076542098602125
5.053701308330063
4.399835665433518
-0.292596539486305
3.8632467290633254
4.358543974918587
4.274037265989162
3.819512400861946
5.599436561911783
-5.949280263758961
-1.9541274037773355
2.2364757858060855
-2.5485594723571294
-6.775959288278668
-6.50617760181634
-4.229105163774926
-1.9582428867925297
6.060862727591907
1.9388317935223793
4.821328580707697
1.2011415529719232
