54.994087344834846
54.99379719877137
59.01381940134312
58.760240852839146
63.20182226745563
65.08351723710358
71.23664216393777
58.321579223442
62.07401905194684
61.27256468571269
60.35135115409415
64.59098010129374
62.53305935274835
69.50348083701041
64.14496312485676
63.359339760657726
59.26141126267019
61.30843109356018
60.9235351348222
61.359256189363464
57.177903646702035
57.96482561607002
58.78471227113886
56.05652965803573
58.8307241783643
54.95871856540729
74.35952640976518
79.2409115627579
67.94885995174668
66.89142242405103
70.38838334727629
61.534935154679836
61.34548049724272
65.79632438033967
71.90529822548903
76.4574874064985
79.20022747029782
71.23003311712279
73.5141867516892
67.98773314965219
71.13842981088554
64.99387380385114
69.6687388874184
75.45256425032142
74.65613042932878
80.87302591104093
75.4589981703623
79.36957115575784
85.06724193484374
72.42503610376555
83.70923435838532
83.02566425108917
74.62307838484328
71.6810488095223
75.94585337776927
73.2389936118128
71.00708091781807
74.42297562738422
75.82744142221874
74.19408475610295
71.64575971884818
77.56388529671582
65.31387061742392
70.60116629787382
63.79663634735552
61.775277957619366
65.83693913335424
60.313397531951985
61.914883190564815
59.57176747172888
58.07884293970817
64.04380513841248
62.98884461682199
63.262200559939814
60.610487248143826
60.47635991380005
60.31648543566184
56.45378224753978
66.10624360846349
68.12185331076753
72.40519275850549
69.03610384456795
65.5572001037226
73.39055897487427
66.83093024411289
71.98345456742308
73.94551162800472
76.32701866702358
71.90359735672325
71.1919792509944
70.90407046754046
79.08402649819764
80.2078341927421
75.63542669708363
79.42556524651806
83.47879349723299
77.69249799807089
70.79203206705313
69.04847184504946
68.85574305319982
68.51802996361867
70.78793989681736
71.12138908619656
75.26646521943908
65.53796473712775
64.27219651514814
71.20731328254523
70.8243922566823
72.42496278621783
70.08856407626915
67.68713996499005
66.45897322897473
67.12343212868643
65.36379327879109
70.497125940597
70.18170255814844
72.37847040841473
70.3486195004593
65.28591917779315
59.38693895688694
59.47740359150618
53.60920029089509
60.37657101241596
68.99182490896288
66.48754947845708
65.92498030835814
60.65164241009365
58.85717113883298
56.418723103729036
53.75800295459952
51.61954793780554
52.897704849883986
46.850949244561264
42.5633093597831
41.73507137904908
38.2098523866266
43.14278036729686
38.638706603477914
39.82740226264272
37.69980117633846
43.58017947850034
50.37889782535508
44.5022617160203
42.23359247627509
33.954208738962734
35.54748914365215
35.16483872489562
33.251957448888916
32.88617150787231
37.65633557235327
40.94713445409447
44.394643728922716
48.03904688828304
43.89483154098469
44.51264936065929
50.592305630478585
41.674044289504785
45.590929597754126
52.965604616123855
47.958290954570245
52.787550683626954
55.493263535840605
56.89401095093377
55.36582275407082
54.50948901629741
50.32584101352479
57.38648602051442
55.468599961292604
62.47835106514795
53.23245304815312
61.86636684564937
58.2362552573109
59.22697777903845
65.27583766328945
59.6403387942181
62.844714156272396
55.88563436373942
51.05365140120156
48.07352542158175
61.126670213547776
56.58641883786149
61.35373334776881
58.676748360829215
62.726355194972136
61.988043472904046
61.44694204933195
61.60376141379301
66.36230001951861
66.46590705414934
64.11564217574713
57.904020917532534
59.573879002256774
59.090830078676255
65.16682830013944
61.38247402065593
55.909624413179976
56.971454827919544
58.84263145482412
65.13282116933999
68.34044874146574
68.88266072051752
60.809176120576275
60.391436467335375
65.72437073362859
70.74037054515827
70.97072947240298
71.97043449298464
65.64239582360142
70.98511331781228
70.19382202790356
68.10829812440484
65.00267716675951
65.34111943161817
71.48856831215375
69.18922823273437
75.13976200446125
69.71784457729896
78.31145438029192
67.9338876936858
67.89488788332287
65.32736524408189
64.51057720351888
64.97325704403714
63.88868676577527
60.40451305985197
65.54908119808036
64.25280452976277
64.60422628997974
63.80951253125379
64.82378712839677
68.76636409260207
67.0139122273975
66.90194384729085
60.66116314886671
61.46539496882726
73.19847539568602
67.74458128716797
61.91401243267572
72.59279678876196
73.11999615267295
67.99000359321796
67.50457660940563
70.90151229894352
60.22293255768946
73.32967791648898
59.3806904032524
70.00405949399615
68.85782656589204
56.85093882864431
56.55542013692276
59.195280098417015
58.43384267466463
61.11192227705327
57.33878644908877
61.25825381293241
63.00446718782077
68.15089635101552
72.51732539076063
70.06262200821645
66.27529776152657
80.20844112797433
79.89902394983639
80.38026126076653
84.93379237117765
81.36486304574744
82.06643084161156
82.6277661934498
80.82379600406708
80.61512489672742
75.99945643203051
70.9922847458195
66.07673858876231
58.71312917482076
61.496440921802304
63.62859721981089
52.28263610645471
46.25985681606893
47.1533481825389
54.07910311582488
54.928907248568926
53.805614409654645
54.85270108493407
57.2974549083138
55.628056516043486
58.71916687813161
58.12623997373369
58.114760075398856
50.263936092209995
51.187334401788654
60.39485025841255
59.86547555011159
57.429120476772006
59.18125389303316
52.38414386183881
55.32251608944585
56.7181639647747
54.2199850321748
63.20796963614424
58.35948906284144
54.10779036884893
52.33667164251823
50.53180284393186
53.06692732307807
52.914910809024256
49.931577149465994
51.754290429109616
53.332600961365394
56.38786115757086
62.37925816451244
56.604200359937366
58.810724371851336
56.01681610204805
60.266374114138955
62.40466094457575
66.13946425890403
64.88115902831483
50.86584055344617
45.41782253312936
50.12172216815057
47.62959696081498
45.54959035521612
44.05764914991486
41.735590398815454
41.93162007180803
43.036402667265975
51.60447734367638
49.673578280696205
52.538427127232595
48.288256433750526
45.87914564510562
44.84476969914943
51.78487588013851
49.553166937003994
51.941559845341246
56.6820712075275
52.421021559112795
53.73314030697035
48.548814357826345
47.833542468212435
65.85369769927142
52.70796986484325
53.40586647834762
51.42656083069162
54.65059538978873
50.54468824756228
57.10569230505759
52.81284200236281
67.33593727201874
62.59198759024014
63.676393304607956
65.79709775390745
69.22825879112668
68.04035368158522
62.79250158076636
67.03031877607202
68.94268816319743
67.22880898261229
65.59253489767723
69.4570612157594
67.5395610976807
72.37803679868017
70.1675393048657
74.75649413877848
73.75114727086807
82.57445030778284
68.26199740323734
70.1369311736239
75.00905171204374
74.90971153415377
76.08394991211303
72.64654648564155
70.39242646799335
73.16666543665846
71.2061590033842
72.27560147313945
68.31434384189309
64.63175638758726
64.08189241885125
58.53142152667485
55.8773057383664
58.25709964769576
56.37371213933513
56.345903844913174
65.9538794872046
67.02133846464454
67.70389220432783
66.79165028852988
61.90767238756362
58.486474788569375
59.205457556236674
59.29766632849044
60.16383831485963
61.860216534681726
64.98870727819663
71.14109219990603
63.12526339418932
55.687090239651006
52.34015940831735
49.52535262576401
49.48828679811638
49.976922731214216
44.03736659987175
45.6441482252278
44.06517189768597
45.170848030320585
42.64716176916065
43.81091282992429
51.00274663999668
51.99832775150639
50.402776319801326
52.182448823915955
61.262018068205535
60.957154653219995
59.22469768623466
57.28249532932736
57.13844862479705
50.43595730019903
56.12304192099119
57.425355015924474
58.07118566131476
52.47533083135476
40.54109784728931
38.17978798851875
39.278382667938885
50.99490099267648
54.08385537051672
49.42614660769276
40.62173998051505
43.709324851520044
37.775676161307786
40.02957938533482
38.60817816432923
31.92042911809633
34.000347153582446
34.11279675376908
29.861675885378787
28.78560378282975
30.795562058260593
33.23140933524572
29.78858295855833
31.04658897817242
38.454758532000184
35.11137020913416
37.78079392989728
30.744001187653428
33.86894250666048
36.65088636778599
38.867603527860894
36.42584479023491
41.368360356243585
33.73105074345267
37.67163852577545
39.36224077476236
44.98911695923834
44.06325032893535
44.70040465959926
41.782933788563426
51.52952554611846
50.368263428574984
46.84181911369093
40.6576609312157
48.34027496424692
46.307298153161746
54.376355095443
48.862645414620836
40.98218733869658
42.38294469877528
41.01500288931051
37.951966895756755
40.50382946322127
35.347651186178034
36.32414613689282
43.6288866061054
50.179247439742994
47.31861061117091
48.924195636349864
49.8675036999073
51.136793113724316
45.45204734891791
44.07073623684671
46.031182095549454
46.468468912660356
47.35593781872196
56.26201719341599
60.23324137214918
57.02372884325288
60.38877649930477
65.17795368591466
70.68610510518245
66.27807376251305
71.27595954150566
70.26346226450383
70.18203829836351
67.58980157959779
63.98772196743518
69.99898623246568
60.743342493700574
57.27744955463749
56.31004186462734
51.918335065318466
53.332597389825345
58.82925648303218
56.53062654867069
57.845071850949466
59.31689104716605
63.86192982296445
64.00192729610495
67.09384941503323
66.77751926484132
61.489394051781474
51.617007123993595
55.04650367749656
53.04220098853948
55.383194759834744
65.18580136169493
61.23847545305392
61.02569884723597
59.80242349982033
55.917401010172625
53.631888159640496
65.00943179127124
62.446415422565146
62.9934010857825
60.33267691702278
59.333447981927605
58.41444554512567
59.561504217873356
67.16496031938308
66.90872876725
75.34977425856886
76.36461167364202
75.18004548346252
71.2711787879114
76.39090311739534
73.81244564980918
63.90831405240662
63.35454400854137
59.938402768689315
51.572406556073695
51.59907266173993
51.83747784027978
49.54782507658538
50.13187307918958
52.08641125020783
47.413808019282975
52.65003555643332
61.906542518263215
56.77561033588128
53.97354353224087
56.580099337392454
49.19706726806029
46.62294190878397
47.69815409327512
42.104184382440266
40.8729313051847
40.39096857975604
38.20537544707137
36.67912341242293
35.23535744099046
36.61452110620318
41.23524352117267
37.803819653596854
34.39506139285183
32.54790056095593
31.55514965127886
28.42678520123163
29.091473854233033
30.95383036109729
34.94598259862962
35.384810307861095
33.18605190366292
34.531476371710795
33.917897465770594
42.815727709069456
45.901404046927055
45.08441444998159
49.10147508822659
46.28457878540219
45.313156751436786
51.388013947480346
43.53215371279116
56.19536336585074
56.51544740111984
66.05859193780661
63.819348301094806
68.68756572673526
66.1140447977411
59.666193843924084
57.04985217541945
57.24594142245918
58.2109827107251
59.207637486839886
60.83705253031086
65.81605046692239
59.04461729765644
59.140720691950776
57.736000346166215
57.36557993727373
53.014008458659134
58.45387830017303
57.537601362185754
52.5467163426565
54.39659922296757
53.59309326097891
48.9292755788507
44.033588323066255
44.26668551243137
41.489037586310026
35.42357095013943
32.923980891542186
29.86977535319878
40.03387109996042
38.71872795142731
38.24020007790018
38.233198322634365
38.57057963756357
43.64619861901031
45.87179162857875
45.136354583544474
41.86630563315777
44.624908919427895
40.77071586152204
50.52221976895144
43.52325971131188
35.85402908775017
37.57531311488388
35.91228903302549
40.91319383025483
40.29261709344395
41.71715453249368
42.11668231614447
42.72724246296992
37.66645524585015
44.193619764391585
45.133548931450065
49.73105276585969
45.85917952439942
42.80959943048166
37.991527527113824
38.98025520468796
42.12834038622883
50.12180589715627
51.28989795512515
53.29325919597083
51.97752522842039
46.11952729642301
45.002235729184875
40.791466336259134
40.41143568598689
35.45191012259037
37.26598329676913
36.48767981020252
39.83587950549486
42.49783697406708
41.63003504375487
40.347022751643145
34.90471408125496
35.14715123678493
33.76982052113064
34.06280119886868
35.548960568496945
36.10090471463363
40.74509608301758
41.16376692103853
43.56531011353892
44.61799835792202
48.28223225251233
45.26961419101854
44.60823195112586
40.93323982735348
39.10086937721548
43.29486467988334
45.63028848086038
48.30394501854662
46.30600608634497
50.638896150112735
39.17554454523324
44.66711144034915
42.858993429980515
47.99603093632732
50.99374647845289
55.955397134706345
51.616159144543026
55.95519666303986
48.4993883835904
52.76187578620502
51.197193798505225
52.38489514463002
49.05634243779509
47.216384721029684
56.00229301683015
57.54500118673565
57.49940766703059
60.030728040380616
58.371485177182485
57.04904201535577
50.05733411034172
48.60649031355157
38.77998670748222
37.31473354036393
29.38155761822487
39.22146583392742
44.10307157668195
45.77367556606107
45.64944546826467
48.228008824683606
43.54353917328213
36.29561933688412
33.46285233334641
36.16248295037981
36.11723117466967
38.671981650735084
36.77274113051912
39.90616979221731
37.965116738914844
37.86274725399336
37.54981250436599
40.367203050976045
36.285658996124894
36.81485085708049
42.28180592555153
40.43032504393087
40.860298684130065
35.16451142508186
31.81023056028106
30.340684107910484
31.300933288451102
26.06763201531886
22.787823898625224
27.610856117560353
27.6045311598001
24.044094491811187
35.745157941214465
38.814219820407594
38.88915570274759
37.7176497809039
36.29923981470778
38.217818486604955
41.72294186711415
48.40612312538091
41.523395011203945
47.60760350343968
49.792138625957456
52.02187018851659
46.27154816772607
47.9912393217479
55.42109792168328
56.82595833772898
62.63907954638171
63.96259572780442
64.32101250782827
60.520537784361146
67.6637265520457
64.94568465685633
62.69374182530801
60.16487056647734
56.395611714172745
53.948608747237834
50.43118738199971
54.42696692176959
61.53597438382354
56.9005786870591
51.484740493011046
64.30450004145327
65.52769133247244
55.945811042037896
49.474793836347615
53.9249542909825
63.011698213143504
60.40638355513223
55.145591449865634
52.97668700894553
39.34543866417668
41.928497991580464
43.50790479529818
44.77859230092744
45.6894377762387
42.41039517473806
45.15455224785442
51.29976654787064
50.0958870374918
49.745333021509374
53.313952985449895
55.56019989692227
57.386439808324695
50.35304029030585
44.38601185835647
43.51294167575861
48.94790052736506
52.436775740656344
51.838896565415205
52.9267188645576
52.08362809993591
49.25134695921899
54.870939643648086
48.770919334496206
46.852061065965785
45.145868737583314
42.78545839880051
44.785218628733105
46.20754290720507
39.64856554873714
43.74236358128425
42.92362856622745
41.03055311847664
44.52897683801007
42.2091945447841
32.72445644985353
41.479991053076546
38.41588712726233
37.48822144513052
32.11700475061657
31.778292603018762
37.40868032599771
37.07916623430577
31.561940289691226
27.804232185059792
25.255143022171996
29.035202172108352
27.984154777672146
31.407418665716698
24.730506593568204
26.028435951283384
24.484016921277842
17.128725870403084
19.152904985066602
21.487189835119043
20.919511723634162
22.031157273743084
16.647029905730594
14.789115672697731
15.406334175537031
14.44445786617761
18.76501534894357
18.034614159082704
15.557549409296733
11.913023875685207
15.67814787238633
14.583327898392993
12.294376439334851
11.672148568522706
8.11289589870879
7.830105572356504
7.501628421963514
7.779205799345013
8.78216817598558
8.219524524763319
7.836349724990222
7.623117194442699
7.4685000323109305
7.969345196454767
7.7896503935222015
7.656706766345783
7.784109862872003
7.627754910754801
7.997667442974071
7.9651567327129635
7.788451616393884
7.673675414746941
7.7916242648195215
7.543830295582147
7.647132623948548
7.853688645225751
8.36807087672797
7.538365065153737
7.8585804060858155
8.358768136712106
7.738340439184879
7.938511438837713
7.544598157707047
8.260864645879922
7.7576262581710775
7.8326380372754585
7.750240294147337
7.623926309804242
7.966900714270595
7.942853289036325
7.910594610175315
8.22091405454125
8.114292600608382
8.091712440020425
8.45389157746302
7.771595068710318
8.023359412800756
7.643177235283678
8.645123518381771
8.157138943769795
7.782606835668027
8.204100285995768
8.115480341951026
7.455037581299358
8.199528925295281
7.530029820619177
7.80391099878072
7.945358358537387
8.26856162043701
8.14241385318143
7.904699987518184
7.341924225224715
7.573464377075955
7.8931057801320605
8.292133607794806
8.000201883239434
8.098287688931693
7.692675424347536
7.968245724281889
7.697258678731342
8.167535489983925
7.669977695450755
7.861099501182863
7.774933960805391
7.896563332733887
7.705019777492018
7.5808047754564605
7.617771394870075
7.555677416349562
7.838258167723534
8.178244826796394
7.83924294490554
7.7196087864371
7.934718029165751
7.885280737623296
7.946830888868455
8.298574067734197
7.624583221743112
7.8517281486651616
7.464494944628786
7.911651148895445
8.126726703289885
8.0504544757945
7.76508084694166
8.295491554125617
8.16241231520987
8.223136960597474
7.393203531588043
8.417644937236561
7.52062989248523
7.406722783769754
8.204909956938497
7.608902400636321
7.468789783131298
7.624677284183836
7.943657093252002
8.203848457203282
7.785531784408973
7.552697604823242
7.827596672094282
7.74807988968059
7.76342152021388
8.173140914358658
7.587714475669198
7.994190558508699
7.817783659338503
8.39140546272567
7.838562881693945
7.9660806268104
7.539637667537489
7.842062797716098
7.518298953199413
8.006845893136987
8.249711054957274
7.892011732384573
7.836186758155715
8.23538479684898
8.082407544381416
7.643097172730686
7.907559975959473
7.879511498650128
7.789557636545199
7.234710824853807
7.443306790280123
7.577603079257368
8.455713995054564
7.620829834284935
7.921480107508651
7.722260586980543
7.749871618511894
7.977966468239585
7.809275018122536
7.669374531103802
7.5039579624798165
7.385048458584515
8.222331042840164
7.313337411787085
7.946715416708176
7.872998574218333
7.818914627979157
7.863073972064954
8.133366433119855
8.083278125217694
7.91533669408488
7.501681090311532
7.8769555189101625
7.951090508765893
7.901515717686163
8.018946290728163
7.637385473812684
8.333426267387926
8.347679828858686
8.293675651687119
7.5802221139053065
7.597225442595768
