27.57730342310493
27.57732465768584
-33.94280014758212
-31.19031150070752
6.896403558286247
28.69369585679294
27.27620929846994
26.831688754268203
29.772123118574132
26.43182874502549
7.783862830760112
18.587531664885113
21.976352577507367
11.056181236018057
27.936257290048243
37.62201783070106
30.292462961989905
46.32758887453435
54.49552377349481
30.172635088452648
34.842477905075896
-30.98728108237364
36.65283616980405
32.32287048622013
45.36066494350008
32.35635067348382
34.06421770405618
25.729893938503483
18.06228945807649
-6.701769154658661
17.675140131162102
20.96930731660287
24.75571565820428
38.502052145526285
28.520400564540058
49.08361635740025
37.30159402874367
34.456615690814964
36.33408134219436
32.814564617612064
24.051420228199113
21.977310735712695
36.13122757512902
36.74440243245234
36.26916311961332
43.34090705133804
22.926712123219918
25.799996654450325
-21.871999234732776
-23.508926191668806
-19.80833887008086
10.095371911853483
21.87567685722647
25.66451814688822
28.472421564087384
39.77989853641443
27.189684214538623
45.220271798833956
27.023572421242513
24.211675432933635
-27.641115205464693
-20.131632337334118
-11.919352560334458
41.947503741587006
35.494777053017465
27.100231994427133
15.084870985314597
9.059988451842269
5.189137290190916
19.502646636744426
-23.3439662278344
-16.810851148245977
-36.45957482130649
-36.467136741172645
-23.79378116623837
-28.412281316235127
27.474943235280367
-6.953140752343006
14.580832077666638
-15.302529465106927
10.699897346665828
22.96949259711756
-25.677001829207452
-27.48698101984582
-46.28136213352144
-44.23822573703968
-34.24942160195198
-25.399578015661355
-19.149848396400653
-28.48078110936501
-14.511566929871035
2.125584742924775
-13.51451977714792
27.281901361775493
33.58869848330918
26.283830241167596
-34.60788349258324
-37.75028941481778
-34.84959156016867
-43.4969655629933
-46.27497862113111
-44.27870606590893
-19.500123407486477
-44.01417524706881
-46.517119741484336
-24.011218997038743
21.280121491886092
-6.370171230718622
-22.05306647889114
-49.64464704519473
-37.00856121830851
-35.18508100418115
-25.54828907164999
-10.620215958543824
-47.76553758558997
-37.38997613315623
-31.813253190539672
-30.24838813397387
-12.9008907197186
-41.78034731438364
-22.329856325264895
-27.328610849146294
-37.671045978552485
21.66681771240603
-25.571144294044394
-19.766078644981615
26.077517712427234
14.627485510763767
7.2484014074915715
15.335762705943838
-9.839738705358327
15.169038788728088
22.16673741753779
47.99245278891052
12.922799391273092
14.007043662242761
14.12285022438833
23.05593707017266
20.38985566460056
10.909467826764182
33.024886747330456
25.40940059209002
27.675685264953334
10.873677707634547
14.648681638200763
20.774150642397263
16.14095909679168
37.12451239765421
-25.370625609931352
22.4806571812267
24.000789597789232
44.079439164641784
26.86358292408331
20.303992726896812
-17.38567421031458
46.10862301221918
20.619700481319107
9.352229993304684
28.87267737588106
14.629643766909041
22.091074154687036
-13.235665338808607
10.663838460206634
-10.834272790427816
34.19056187593034
-29.027418975664986
41.28948434225564
-33.46563768987351
-36.92292468439109
34.580055648092966
25.84377706412179
27.144223866172226
26.112733554851616
26.615680960074524
11.579535212944002
20.53249827394483
27.83887825361027
7.588308052276205
-18.06943396386561
22.883411706541345
12.527270115920334
25.002810169167173
46.649831821402906
63.28786709216949
55.86153859936322
-53.022748666940956
48.71483229607915
45.97949997867374
42.28525873806219
43.671438282617075
38.35089322394069
22.49942584057719
37.21333131971532
42.21879151885832
37.7784419331142
41.60620737760627
43.18057418645539
40.03414087224891
51.839679109034336
51.0664620632503
46.507014588205514
28.895593282644654
57.79761172245887
31.439525165043083
46.1198047126489
43.001478686802415
34.579975404348616
20.54860100455226
29.046219253813845
-19.084219154937575
38.266857855960374
40.2117956200342
22.294286768767666
26.25751519185055
31.56468430289361
46.67247880535219
57.355356832397725
41.90796516231104
-47.10457602638036
-46.344261707677035
-40.97061808928053
-20.42275288680632
-20.91903514640148
-26.62954119378975
-31.616978438467182
-26.185996702584017
-40.240941013251806
-35.941454498082265
-23.576032583042576
-13.162483732455629
13.238956727725222
36.94982531479471
22.42913213403084
31.688510636563265
22.138765554825397
24.10276359437703
-4.696449173896748
2.044899335217829
25.643004462576847
21.385786534200246
12.926977767594833
12.019318764459058
9.775484790982205
16.141420482599504
-23.842183714787744
-16.16841193042172
-18.67340984398728
-40.39583696303925
26.081279823497557
21.595756116348355
-28.297535730546798
-3.8355286397042825
-21.313835097217563
-27.812698055707884
29.308389177310442
-31.05365984935765
-28.47323320541383
-48.32171681156578
-30.597633273091212
-34.507280240397314
-29.65754892914617
-33.08525542959298
48.03607799832273
51.33997957036884
39.47503247234524
26.74264073529094
42.541567814595545
48.80926015083611
-40.66865279028415
-17.780256320119367
37.251351834967686
-25.10550187792984
-32.46043425123881
-26.883756430538206
-21.39648989091478
-18.421399769227705
-23.57467981080685
-38.51190775857656
-35.54928478942471
6.385660829483746
17.803380898816165
7.150288225192846
18.599144769233913
13.669272147112396
26.029113079479792
16.469908496463642
-28.340496991062036
16.6861354595692
-27.321699862025
-39.81627008199022
-28.061545032817587
-29.24973474388755
-30.57295575649667
-16.583562608063225
-21.74298420884474
-26.040488768115523
-35.293686277178615
-29.375377806796163
-36.61592462283424
-30.88010995232285
-28.49333092896218
-16.485452259094583
1.720712861194704
15.272753132175643
46.1447149017336
50.556324146274676
43.083946640239496
53.88820372741304
53.89933302065463
43.275612672304916
29.60547169926218
20.941234163604168
5.426332198170271
-7.650550569638384
17.70037400202874
-9.409514914051899
27.190201034218074
10.841830600522993
18.020057212400058
-16.443317787031283
-24.729298573856784
-19.330228204073943
-15.921186306643364
-14.326572475038214
17.454324367914467
-30.434833094870996
9.8269431604399
14.834350204324785
27.870765540309012
-29.539916991889637
34.57520763401604
-22.412435834203965
-7.320197793974762
-29.219105833806807
-11.190821133160787
-7.155571079820898
2.073165869627148
-15.941802140474563
16.086018222353683
8.192203516973077
15.187923867987537
25.870173348853392
7.066531139288228
24.943532621659465
-10.016705049783152
-23.099125380822844
-36.122065213587874
-9.542133603265905
-23.123248934834457
24.290313444203175
-26.954035117028603
-22.056659243520187
-49.057534855709235
35.31939541360536
-21.46789081434184
28.687107979945758
-7.528784990657146
17.137031458347412
4.536215594183343
25.1898880659897
18.37299655094504
29.990950958448593
19.84295461923108
32.05681222714599
42.82865470447178
-46.31911257750762
52.214198428045265
-29.53373255167795
50.842171174536794
29.30044385034929
33.8863953306639
32.463634795549204
42.984818096498365
61.98965040511325
38.64477606229312
36.74106584761796
37.5971662250794
33.721314638825824
13.999214495726454
7.535383402502006
13.043008822992638
4.725407293787032
16.20016069784221
22.549301576130826
8.719785223097636
31.052118418736438
-36.25877323526863
-18.04438678056744
-25.892055932058888
-38.62729939595051
-31.598465713602764
-37.37252486428415
-29.63143914861108
-21.06212804988662
-26.23065178551383
25.82982100050409
-9.069960455687509
-38.96359375488556
-19.820518189357458
-32.483687106831006
-18.559674980911947
-23.575564162247748
-34.96559789421007
-17.278172625948088
-18.29273837306544
-27.049445666930936
-52.47139702413537
-38.68228369677382
-21.655854502151627
-11.566521286367895
6.194850863951492
5.434892605562711
11.524116172497601
-17.81173919266086
4.530967849582524
-18.89118220549902
-23.275769465701977
-19.389478617209416
-12.86033398776426
-16.05567132583927
21.758182323003084
19.133879650426174
13.130347438103463
8.123619546349863
9.077455342061107
9.747749748464777
-6.949032443172622
27.972773790160065
29.247663429297173
29.12437400902898
33.046201396178006
28.30477866289178
32.885093343000065
-18.11409896948978
-31.383487237986692
12.706881763825276
-12.673193884009498
15.06646151476446
13.33654203526433
10.312195446921914
12.617321417314914
34.544026743309935
29.09227663596098
40.769191948007325
21.085980111927917
26.150248223014636
31.548028509832665
33.08126612238075
14.554545093571706
-15.993738048210538
-10.324964363370638
-34.35303399496099
-22.509542989254083
14.172505830066585
6.35291348613924
15.637642725834985
-11.248221821179191
41.71526943690733
42.04618281476244
27.53707233889439
27.505127938364776
-19.27862153425399
-11.348384503417174
-29.5798902835429
12.060479004807492
5.854177787629338
-15.735742918724748
7.896001475824505
32.96241326816413
23.431460595012574
29.81811483186759
29.143039692830765
-14.740444251843437
-7.138247693892227
-11.358674644662585
27.7226757054858
25.89635911314776
26.789566123045066
19.935970237008046
-12.379544674466503
-12.805876756303409
-14.838825804638129
-4.953862315610484
-21.083632005018266
-8.948522162420254
4.73208298588693
18.769609817654555
-14.908540524108604
11.776247678727943
10.415984097788126
-6.1553461767294015
-14.142653335269772
-28.010939383831385
21.039840598487938
-25.772403920279473
-31.00573097292176
19.554438696514623
20.40681382025994
10.098971249321023
17.915227653433988
23.61058944969552
27.48283347892474
-28.08348843281717
-24.768450700651936
16.790553379797306
28.62522327595464
-27.913261321847983
18.076742580561852
-27.07976548037629
41.39035952233331
38.89147748426659
42.52428078237714
26.809649115165715
22.705614413055105
9.344754783817514
29.788987592006443
16.000931784605136
-13.949408324050289
26.640276146598126
32.717390935503055
22.40211257905772
27.79396860257871
18.266389423554045
22.893607609828788
32.31330392814359
24.3184322732494
35.70635670801595
32.805190223480416
30.25794911762752
26.04287435245808
31.667951138522668
23.372768957793244
32.24347265449155
19.78930778768482
36.90601501618597
43.43236241367086
38.36565891712934
42.567675798834145
31.53951749883718
21.00161971156216
26.836251560252414
12.605924200590941
22.336132367774873
19.521408847298602
13.549010714386652
25.165867123063272
26.44011234536101
10.9665341240806
26.462271651767097
35.33517221281388
17.173372770916906
-23.52100723941032
7.336203101757852
-5.025389761726089
-11.022579840669836
-18.775261217831044
-5.55173854859833
-1.0524752527081453
12.846952266960388
27.567872444763438
14.713730065981512
14.650864735980472
-8.398333893821054
8.326299710959294
34.03306128298618
45.74533874642043
-48.30612766766728
-42.64490409118746
-35.61323339622648
-45.17415085013366
-42.85381939801562
-44.81907273669823
-45.635652107111895
-33.615056715895214
-50.36453198142358
-43.37402623733537
-52.984075070466574
-46.64034659743643
-22.12062293921504
-21.640796927136677
-22.403144483631554
-25.243827292246593
-25.945932740108404
-37.5217905999736
-41.31603520108833
47.076472780953864
-42.01737974675442
-27.795229701960782
-33.46287904870506
-53.57173777715493
-51.50919446448857
-44.351317291986724
-51.72198233855076
-47.80228203330397
-29.698367754298587
-9.824765290647214
21.901618392499955
17.584510948115224
25.16455630170087
-22.897242694241573
-12.83874575793331
1.3706691413686698
-24.88023274478395
-22.864307661270384
-16.89235501429334
13.7026781745555
-21.63015746201458
-24.02949806574095
-18.472668691394006
-33.90026396952127
-22.12201665132885
-21.59580219668356
-38.304846709949466
-29.429354015213928
-34.841280621416495
-35.30639037433602
-38.53468756284239
-34.836989885295225
-24.85271906905674
-28.502950434087563
-12.527567994465885
-18.906550541832353
11.719610855598301
10.219971718317117
6.832252137360236
-13.643279630938821
-20.32077982219711
-29.136800472194572
-39.84321489156832
-43.57533767536351
-37.68090854030107
-18.286678187726107
-23.12430749342642
-31.83080538599767
-30.279199734769826
-32.359838985788876
-30.620637595867077
-26.177885501153266
-27.71007286102116
8.293739526476442
-5.523980761390784
-15.836685661283147
-9.353053775727368
-24.47892800252182
18.33675551598126
-11.294500566900748
-15.193280270315519
-17.20145597825704
17.89303010000159
10.126241862290822
25.75512320786356
-35.03537926845104
36.99361428016316
4.879981681328422
-19.769038554006766
22.427546031738274
22.828478643150888
-41.46552043514585
-23.11860911090384
-12.046759371109912
17.472597951188376
16.303034470439304
25.232878234749318
22.273033967927475
11.782848639512885
-4.584178591319658
-12.368459805962189
15.801071884927714
7.726804733451398
31.902362455935336
-14.316866161948004
-7.765035477106228
-11.625853249105248
-6.920052105920265
-29.449242161404538
-14.014105098703302
11.565808144807006
14.897406065524997
24.9996252218704
13.201561766283792
20.203277054141378
29.54570430529046
27.62273580231099
40.90117265514261
29.723487032308974
25.51294607323784
45.72715090201095
30.42753921380792
32.27539260961418
31.43419707801514
-44.56281921749168
43.83806416595734
35.53274403438409
36.08887525784039
33.50180400403751
25.006508242221987
-9.45349014934308
33.99458718031403
-27.341359370287773
-3.7960971543556323
-23.102674443412244
-18.70835627091726
-28.541041874894486
12.425600495783877
16.775472984752216
43.721018392748675
32.81228453793234
21.668569515271713
36.397406822589296
36.3312203277853
27.724554048874005
36.748448215195936
12.64808236757993
8.265347601309672
6.0675696572228475
11.557942874860158
17.96415979902552
13.052051092893088
25.66678905051661
24.794171945614433
19.95129894347789
4.72244414614391
14.264450566919852
16.657277158509284
8.090403238199242
9.3413024210208
35.83201235743668
15.468388948812757
23.41920138437078
24.223125754296323
18.71590831602132
33.379914642370395
64.48381920376022
55.968107849299635
40.8730340606606
43.15730218113762
58.45609653056487
51.72352022063351
38.46358845304128
37.19604438929401
35.82494271827263
52.94883794496779
39.45132966552852
42.339928849447126
43.56616693184254
46.426428436475305
30.429350043083936
-18.14364691675662
21.66296100511831
2.547960915907899
17.23108825967137
12.997298354578751
-16.159728520970436
-17.09134343000697
-18.134056284209386
-19.03003242956127
-27.518829034230375
-18.51676463649567
-15.54537700571246
-22.109595081675746
-26.98213960643967
11.282094136136443
14.548278776400828
35.22340604632338
48.11673599951899
11.252168045241424
11.87061723271106
41.61288353988913
-40.79845820679233
33.173523431212345
17.085206315774712
-16.001012461876655
40.498324534952104
-26.552626475609255
27.549044749067377
-20.91225324376125
20.008190213020384
0.530437244094541
29.985710026576058
-17.70111075644815
20.24154904950362
20.118985157633798
12.005394826775808
35.234059163415175
26.259134437863946
28.890974110339545
25.031358751811737
-31.662522062745577
13.751681057877924
35.2636766039816
29.554726676549357
30.57132363945416
20.207547834990663
26.75648690576214
21.15080206980036
34.847310440995926
40.347589395146194
34.34722108107832
25.737315596205534
26.635721641833495
22.578420514192196
8.337399248396354
5.514793657530524
-28.97262124845213
-41.76981872646726
-24.529736247289513
-14.945606917807721
-37.40032567584752
-12.539162343011503
1.4656764678203171
-14.815461583149057
19.130991383904796
2.2673355972243887
20.92876672234857
16.617003693923444
8.076849992065995
19.88989742686914
23.709691751980056
-15.607904871476002
-23.265920345981893
-25.76639885019772
-46.52328546367451
-34.291306523526764
-37.80041308806281
-38.35090333868939
-55.29972263020607
-31.610178270643093
-22.946004234248115
60.875202225174064
61.67458398399167
-36.45901834874143
-42.92461462444851
-41.21753699892486
43.12698875781357
59.86200132919744
-66.73308999844649
-59.33461293126648
-42.59794122168482
-58.50077771037665
-54.938564048327365
-36.39840417925838
44.941896611997706
37.9490181288828
35.89305652325365
26.11228498096685
34.49513551050884
40.22018338249287
-7.384009050898404
14.165199312621418
13.080308651538688
3.867526731276241
-6.71779693261812
-14.606358859630882
-9.43036991908308
-11.93733163365037
-27.26381238432707
-37.09317538083049
-31.04779983957539
-29.858821578736954
39.24830035777989
47.826998586285654
-44.52449529608885
44.98075876502544
46.73525268303846
56.689532479051195
-51.25368156555415
-53.80124055995623
-66.65073560669249
-66.60810440270632
36.97088149850046
-23.770522277226167
-12.877355727805863
-15.859628570984732
-20.165241625821988
23.54809677797703
7.460343541109504
10.830560038434506
-15.824417681663501
-22.893998218401016
19.132845482286402
27.6591666545626
24.14639644008729
-14.213596181999083
5.8325662670441245
15.799615455282408
-18.030640489104584
8.171585127782958
-20.308234307334782
-15.888613490044998
-15.205082198401932
-15.968402717558657
-22.891904569620777
-23.605964181467886
-44.2408273850168
-21.4371213181107
-32.58900362480853
-21.56734613912487
13.833956445148731
11.604056330866097
-8.135226984908378
32.63371446948859
-58.60532742781889
-46.70088294362309
-45.69177461995718
-48.48350062694037
41.92808572586478
57.746320392503875
48.894091590375126
27.365586888927044
16.72869371637421
10.537064663959576
16.662987395044965
13.72535366388779
-13.107594547094788
-15.966023495265741
-23.014293575700588
-19.161662837519852
-30.228984615881846
-14.024632366818498
-13.635053932769935
-29.50261462398802
36.46120124138234
16.674083102215256
-31.291324865675605
30.456643871410808
-24.125788889716542
36.19321291390888
-22.332730936227424
24.693679409314605
-16.591591347382025
-7.914466471226189
-22.841835314679926
22.082205716498965
11.22655661283769
-14.688390268777782
13.939629385338842
-25.920109110773957
2.182493630105011
15.862006537818342
12.589503638315698
29.01348861306469
16.866280671461855
11.078030236294746
27.2334660202437
32.43279163272148
23.969286305746834
15.530442036300629
23.865319048325603
26.205024424792803
22.569814575314286
49.259994549740405
23.44925548736811
-18.927446728274727
-39.19305989847331
-22.105546160092377
20.09601252619448
-3.7529906443757772
-6.691957491039404
-20.515922872901992
-10.066453732912434
-24.29225651160568
-15.740655924977666
-15.49530561368104
-9.393666272882129
-5.609448044152917
2.2426806849736334
-6.437634225926349
-14.677687308476738
-16.13022423703523
-7.440402463365701
-6.955036358514669
-21.272763309828715
-24.92662426724638
-22.93985140717313
-14.16906485363907
-24.02082748773758
-29.007048295179672
-30.40943768923877
11.615572465784973
38.64600049517319
37.95027582939316
-45.54870514561509
-50.93136152562909
-55.30823986119834
-53.14048190369542
-46.36850289173135
-38.60116821065002
-59.56738817190609
-59.955654555218985
-64.80452068261411
-47.53896790629711
-57.16710192486152
-35.8309419187693
-43.021443135582466
-20.472460620528345
-32.52124140384315
-17.593671375362046
-15.561653699201301
18.56252552071922
-33.26949317060888
-38.46209552253977
-32.871433056154025
