54.994087344834846
54.99379719877137
58.05324101690463
61.45696402525538
58.48769410096108
54.91851321352852
48.86046972855123
56.162991754192916
61.30303899869436
64.50731606622732
65.61944379151775
60.93297331721319
65.61322484144299
60.614264702379515
59.62210396471084
60.52127394741649
60.22354328009713
58.72453267122328
63.823712645190916
60.031528871202084
55.880673205782934
60.176239584182746
57.477121426578336
56.65145928452441
57.741742331882726
51.86968594640161
45.69214184462244
48.750237587707716
55.74416443100045
55.59475826535491
53.6368038246459
51.31894016644617
52.95396374842642
56.60818244198515
58.03067159172473
56.0821889771876
55.467029856027494
52.17727057431896
49.83025275627573
60.83994987683446
57.98456639567563
58.979498479810154
56.36061851617315
52.70546809916081
47.92425868827103
48.07202027386971
48.275052123659904
51.82406975598491
53.768341606942364
52.41234438040188
52.688224281234355
56.14707431036998
56.77093494823991
42.129491254434484
47.36122414875448
42.858251191099825
47.31940919637588
45.88268878549438
40.22563264934112
38.99807998304367
38.72531889576426
48.04477208489524
44.570001291144976
45.0798427671615
45.55645926316638
49.987301760193475
43.50544078144209
45.86176242739141
47.516197329220496
46.88323459068709
45.43673181528787
42.09188943232185
40.275307081543545
42.70811208656585
49.14752060374155
50.28773017726721
49.45697865041995
40.62881636011235
44.04579171564689
36.30189589456252
33.17988338218474
32.19735731282791
34.975898354896444
31.852639270708863
29.698552870089365
29.483028215214425
28.74946746856563
25.714610270226324
26.651744915961153
26.115028731916368
28.115494163552302
26.61475544944926
29.683251092141372
28.81131605224862
29.804731688900837
35.8167534623536
33.321462855860204
36.260160208184985
32.58309848457129
33.6814663087081
28.776362917585775
33.52491626764918
38.22726771191863
39.18470962333574
39.49628390814297
36.158427690318845
30.27580842158927
30.915983594331877
33.84993774199969
33.31404102163002
40.46535999978328
37.815398582425374
33.54364928984007
31.704385736674066
28.004483978290015
26.923019560313726
24.024956152380035
28.03423985562753
29.345052715482268
29.300974416628307
27.62671000085622
27.15015471960982
19.78877805530079
28.334781289104544
31.838502258410784
27.40235963058241
26.80063528872834
25.31577950327717
24.51143842972134
23.738622299768643
19.817402572216327
15.633709888864209
18.190506777408118
15.059442195037628
14.820028335571312
12.86175795602135
10.949541112031831
12.510345660886912
12.763909399732881
13.343236928126899
12.620059335043486
12.495933728059272
12.108519842398037
12.21496573546441
12.370025616437543
12.12716419294746
10.238398084315333
11.790830023463801
11.82801632349227
13.92900992076595
15.75154536446932
16.378316772513575
20.748444163479903
22.121130776294684
26.87561294237688
23.396225091153628
23.8638236311845
22.28346073037144
19.4732188672125
25.813982312928623
22.894843564725857
19.39079332071389
24.010951547175058
20.87479361678538
25.280222046199913
27.549048886143076
33.48803009117471
32.76349754399508
29.813470981617787
29.01663487150768
26.47296991276407
24.804458705600073
22.71679661039741
20.444886880701997
25.033150094367702
23.764458595871275
28.720862842518397
27.666538989951025
22.565529154775916
22.216064830423374
24.919421395378205
24.263746411389818
23.804575494684318
21.136932225706282
25.27838891670081
23.914163426099652
24.497617279778424
23.323496118266803
23.77539025411618
23.86305777657367
24.699774380114793
23.408600206314063
19.8801951654209
24.03987997511408
23.71319534463497
29.64454639638957
20.628960043495994
24.571096526244858
24.864825030843114
27.371646203281575
24.067846549914897
20.698171153803884
22.5999467450019
25.929076642203917
22.70344727050769
23.438089078207327
20.07436078301116
20.55962231103068
24.774749072336228
24.009139138492042
24.820089797313972
23.622174173448975
25.355329770578955
26.219015396593274
27.51200127915457
26.360116897078562
25.562590720111622
20.778236904735966
23.678789614520177
19.617021563170574
20.88135900847731
19.856142410555854
25.523877563263206
23.65048354328314
23.91190810176426
25.38420197600977
29.648704741790453
22.700065303078464
21.75274117456673
26.090891141717666
25.375948369744552
23.380664409052404
23.95041709087827
25.447148821467255
24.29842315759004
24.048172155492203
25.90399798816661
30.167276428092332
28.793891404470674
28.534545209086208
26.68018465963258
29.51567494398039
27.37160450480435
31.418007500973804
29.347577376754646
29.398645757458333
29.28753407712069
28.906171964814114
31.831497793890595
29.86791639835376
27.762098828763285
28.606133114064946
30.70309398740566
27.227229444354847
27.144665349465786
29.830283186567865
23.181092907716764
22.82202393998434
25.209036013252685
27.8509317546233
26.338694538505408
26.901413637652542
24.16064313109974
26.225001200151784
30.70228290098691
29.283960647581125
24.242602657176118
27.674392768638402
29.859979540999316
23.956916384754674
25.017219145777972
20.892553483149587
22.66998467539983
15.548570179987612
13.18723443062211
11.114131565521854
12.21823109284386
14.027308734752514
11.126885094293895
10.906982562537959
10.754772919056451
9.905719190576455
9.346491653651855
7.94967551759753
7.538500848038286
8.149447154429827
6.781730395134421
7.542904305485079
9.434167095159747
7.185274150604022
7.504451638590361
7.30664140571764
7.135584156035736
7.253785614272246
8.229395065343715
7.686919884971621
7.122266737250642
7.551920258071033
7.2769828125633635
6.374497024132439
8.503560474773751
8.429020526856842
8.192400478953244
9.568337555159768
7.505042708156704
7.657850771320835
9.538123043624473
10.384500022181802
11.51026082137663
6.9328552332540605
6.202137600221601
7.464027678690221
7.384216105292657
10.092118707239328
8.107428066789089
6.615759937296249
8.271640229718423
7.092279383325443
7.1692246099834716
6.58309797416574
8.616039668381163
7.464966524746325
7.890520652121458
7.376438251527948
6.902077287795803
9.186298729683422
7.671632442776977
7.841687769989268
7.5059786013273575
7.117250876562522
8.097398035919365
7.043511092353074
8.589804006388466
7.286588427372776
7.375608713594205
6.79112324285981
8.548397270816833
7.808826479473739
8.116883278849468
7.863939328780583
7.401724104909071
8.806755439874744
7.418045441968565
9.013866176421205
7.3325254291980775
7.96185895292885
8.435536585471084
8.22107403002209
6.956276581268169
8.989883770628225
7.8518444651547865
9.364442577735764
7.322719107728121
8.07963234939096
7.089108692938032
6.28695214085195
7.0954631011345235
6.685038249829001
6.761160651218269
6.870078479895289
6.477260138403903
5.75530371771041
5.524423686775481
8.254085365047557
6.630397169721235
6.144855805453461
5.8353580101392115
8.252786082197938
6.867244725113439
7.304941825956254
6.947420588335333
6.0747319426598105
6.007336936081266
6.851605310326793
5.722650634915492
6.29828879970502
6.176036150403832
6.962477854592913
6.456555358621474
6.5131948564990365
6.278216240024728
5.393735460569179
6.078704659842467
6.279383730993327
6.064090246950738
8.232333315912491
8.525414019691976
8.471307489083701
9.38433641289363
9.684048999035383
9.386067007285886
9.523789741285837
8.726395247072782
8.433056250688706
8.200014492837049
9.003072894240612
9.213407719648243
9.917676254950534
8.830763008482641
9.28207908411201
8.999653632610068
9.103299096977288
9.352344606530712
9.240231533256624
8.910581048403532
9.092372291125178
10.54025381775325
9.302605302313488
9.32649836134143
9.005222292112833
9.216177447164347
9.39680315309049
9.110810775861786
9.631749815995121
9.173636817775229
8.20969218528495
8.332597760465788
9.28403498438326
9.475604157327158
8.48594433393653
9.152319973316505
9.167912914799627
9.309664076098892
8.860606761151862
9.080858265918947
9.168385045155947
9.304164257307
8.733562658642635
8.942228679867686
9.802966608901567
9.48437551408391
9.507096683417176
9.168755807261947
9.178874833096982
9.312271644685206
9.214024488789498
9.354727296553168
9.989028243389226
9.045952871242672
9.173892695603854
9.575506867831294
8.981285304892031
9.193678198572417
8.82848035490363
9.859460304755368
8.81863283634539
9.1665648705887
9.087892367549404
8.817403732567572
8.878486242357084
8.629125974529613
8.830569508752786
9.21185543019964
9.281609729226632
8.865766819033226
8.876908053241678
9.276374966409575
9.277085196926503
8.713405560774255
8.929331828458611
8.818747487531954
9.232441891967886
9.13197618743495
9.45016644757856
8.230722476160317
9.995395145980327
8.970602387079904
9.283408544690548
10.176294095486787
9.625337111140341
9.519436485377406
9.353613900747884
9.242746525309883
9.238553887682057
8.43345152478679
9.594626760356542
9.51576878351133
9.282528904880937
9.26524743848998
9.533142630744695
9.547879588967337
9.3575138988915
9.171920801589721
9.313225255844568
8.364234773096607
8.927416756381978
8.935886716267323
8.858890943675398
9.407644198394317
9.018880380752629
9.450860113963898
10.0584808480371
9.171349893931373
9.370974335472477
9.403210262049033
9.018884702746293
9.123994770291489
9.304981381542422
9.021860184288343
9.03983420167152
8.992239688651631
8.932154843077559
9.447591439273113
9.755691382164851
9.171078719624353
9.694062593263828
10.599222634844178
9.939988541551793
9.850565952846557
9.400383325233937
9.365642377642923
9.111330481064137
9.056331614886117
9.47551080370605
8.981780237642221
9.095450581494527
10.351250533181116
9.47890327717492
9.204688709445074
9.288958579063607
8.61922786232789
8.9055797076914
9.832122860454376
9.1891109959433
9.421603483667578
9.495519669410985
9.96315190738043
9.48182754294479
9.286680701809084
8.91981475701943
9.18313254529102
8.796904088643823
9.880260839621378
8.999190589720074
9.333624854240842
9.086165654339954
8.844791025351455
9.484036117915013
8.561989847173274
8.931006689588669
9.06645313600207
8.965593506438342
8.85603875321753
8.475731160394893
8.68361841806729
8.330721659772946
8.310037660270496
8.674113136040566
9.444813224167213
9.501419434857977
9.304872372382635
10.324081169032056
9.105488030987438
9.2571991205855
9.536137105459483
8.97008080969372
9.489901767928052
8.869849575607457
8.74254568775115
10.209283375270095
8.441903777508973
8.731960148311304
8.578143908756255
9.526188356026681
9.828372579195879
8.91808078601825
9.141291090605487
9.949056509427459
9.248368835557503
9.309556312072445
8.849136001178783
9.44733290225788
9.546525180950711
9.650771442290466
9.282322375384764
9.300070038010665
9.623742562849712
9.1366997379572
8.868443804030822
6.702021705350964
6.7662230345760355
5.8318205944044985
5.668593793421588
5.596098612292551
5.950686335126521
5.881806180586384
5.784932771547936
5.737012164263884
5.848340565899237
6.3343952885052355
5.780609033458665
6.043271510249458
6.407161304703466
5.836905220909129
5.700141758654528
6.3769530522068
5.6724864676657445
5.249045236561665
5.704837112850201
5.659652551759569
5.956890711907389
6.211959550504545
5.763097450957834
5.533101226740593
5.926564616728083
5.634795118389581
6.211752620987515
5.996709584276105
5.575594630372777
5.611831873390254
5.995807332047496
5.784681117018084
6.111018660628436
5.62071575016013
6.035062701580129
6.0238203394508885
5.889134630202862
6.376960137991477
5.75051021311225
6.438151639415316
5.94416483200355
6.162893983997458
5.778520162109632
5.579197537210709
5.779013147184191
5.821271747741155
5.94736920707196
5.196396802412984
5.81875980111253
5.962470059090219
5.876185829389893
6.05605176806862
6.052725774851697
6.133692851803911
5.7911659912107325
5.759989906183606
6.240902162573217
5.612570540443184
5.7364948906299436
6.331470957901575
5.747763546747057
5.399942091121965
6.226219922921312
5.805754343556107
6.994128136016061
6.305889858069868
6.057799105472306
6.3666875321067655
8.825936534198163
9.050731137668578
9.07899062469425
9.111726549626578
9.240896324721927
8.815525791600932
8.896609372364525
9.72708684418716
9.145874471043129
9.206510032635137
9.507979248937529
8.462917284633066
7.19085847449014
8.957654175646574
9.284176457647279
9.180257934573628
9.664144691713611
8.864118996736975
9.157865356731767
9.167185343606029
9.312885674779496
9.041181311860754
9.560514500174762
9.140215164488678
8.948127592638528
9.01140822806288
9.335076990089833
9.57153977214677
8.73654563272089
9.249914487631521
9.070071718991601
9.66893985879537
8.686495160502899
8.601287748859587
9.646117285009167
8.550510714237708
9.039782977529
8.809934453972348
8.977538885302126
9.597537261396411
8.791190259455947
8.929065434601885
9.576526598533494
9.15266703544601
9.137093014540659
9.981350724368163
10.208770868219252
9.838433032256212
9.529624755875304
8.865400326086755
8.938337087749407
9.106514585398664
8.814118080825844
7.2017486183692085
7.234733408371816
6.640030019824786
6.220866710510242
7.128208879865189
6.434634202854074
6.202488158628528
5.7600865499738765
5.426999741466171
5.127521544641932
5.247357024830084
5.6727000404967916
5.899404660879764
5.703605375704594
5.412478513826177
5.546335767906515
5.6062319308528235
6.03714612320292
6.080259731021551
5.842762952190015
6.042927262155599
5.756131741804666
5.90945779948841
5.887316996843923
5.584103615698377
5.284483943010678
5.600364225032331
5.96796776405027
5.786929558903537
5.4814857868909765
5.629016726931527
5.889710985310844
5.671772514277778
6.721626136744694
5.948148164384404
6.058124352610128
5.851289485732756
5.945433305837244
5.469131017179245
6.343800218996877
5.496804005559162
6.618596649009246
5.8046692011747405
6.104867587208052
5.6298628942079585
6.335078207984634
6.272884478447306
5.356553869203658
5.533684749084847
5.934265503723762
5.918568340613622
5.723187863455483
5.937436535392268
6.196749133146978
5.6105181860616575
5.623826846355039
5.795129075721391
5.617150644049823
5.698433972307017
5.991762044514053
6.195763472592255
5.682858702503558
5.491663045793777
5.879077850005515
5.271845501438162
5.870055428203204
6.009096821565966
6.2904095926751324
5.446596687241631
5.780986249059942
5.856215548020827
5.713961228848325
6.181157539929511
5.79595546126434
5.754417699571774
6.537346594271531
5.9006774327783695
5.86689923953034
5.5180388673177205
5.916556080873443
5.700567039921988
5.968736492420978
5.429227795531795
5.925700914099359
5.392258075066827
5.760472538590818
5.574970873203437
6.340286371070247
6.265270259364034
5.883872693585861
5.948496126785384
5.888557381129985
5.657502379590792
5.901953598455604
5.602887909305847
5.76075857716764
5.943372454872819
5.964394767341328
6.803022902493382
6.204015770384028
5.727765493095806
5.497293467265502
5.7460554142696045
6.100220772471077
6.024643683927376
5.785875922896748
6.31047584463425
6.1785216615516605
6.0581583962195085
6.143948923096482
6.183666101898972
5.918224148920125
5.943594788712684
6.231634656009494
6.223079271085886
5.533193739802312
6.188381854933985
6.148067753082945
5.713942164110709
5.872993113829708
5.877500416901711
5.737615822210748
5.803140431174108
5.72993275489606
5.971197022845821
5.931070181356565
5.89918158431528
5.352737282917047
6.078014354539594
5.7007424614093285
6.007019861354475
6.028240148414854
5.9364573899478525
5.752215478880535
6.0395266503958025
5.416287405077259
5.985781173417942
5.810849761484125
6.124275492219562
5.910337002302635
6.096368486605948
5.907265215749188
5.646184586585094
5.965476616130834
6.052191221399151
5.977490345910359
6.131167256170406
6.319772672101739
5.813667237054731
5.6964402953190465
5.8558973100448
6.150660507304915
6.446280301683535
6.811473786601875
6.323385818248932
6.516315449088453
6.054956875575039
5.8162925620570265
6.188608862644461
6.051538852184375
6.611808972552693
5.998178576040758
6.115321282648326
5.770290037365111
5.670965224061158
5.757624040136983
5.792320546085887
6.5766200741129115
5.8590787652451795
5.744935760887883
5.754070008847769
5.9621277592091815
6.269746291933591
5.720238608544408
6.282734424069967
5.840016234284284
5.704009975216367
5.967609195979933
6.1193971895222665
6.210023993164627
5.914414479907009
5.717739028625054
5.867415293898813
5.9495486220016565
5.758417157872523
6.462464499797278
5.811249937057269
5.649722251019159
5.593830449346964
5.533650410037401
5.399346874625976
5.636032382794683
5.609253246219533
5.908853419012705
5.687273436230493
6.2859670657591495
7.871603703530567
5.6533599246992425
7.133452171738649
6.549523073388505
6.323532497832578
6.649658963348423
6.639382891430657
6.364922013329291
6.472949806589643
7.129637090268852
6.206156707014896
5.516691277209373
5.655991373778589
5.514292022477481
6.301559105097098
6.426992205986464
5.885130997862333
6.464947921611971
6.204287907503891
5.483408888632412
5.944852482076917
5.8500642515943655
5.92921109382234
5.877135408539762
5.844630390498286
5.671887722408842
5.610954860640342
6.171495234757809
5.750169554004544
6.103557659681533
6.182838619517389
6.2539371277742335
5.789733983149097
4.994208165988245
5.707598260610369
5.600217737405077
5.631248527014494
6.0562271634959215
5.361573077826093
5.6361247716641465
5.674939896987283
5.617610726225651
5.517464591295335
5.5010023791985105
5.804272053860198
6.068411284598841
6.2729904864296495
5.676727481380928
6.004644847428005
5.486263538755327
6.090097351529466
5.952892546373036
5.501239831123743
5.612003680900916
5.827310187359835
6.062679405032743
6.503935579987891
5.776390754627144
5.84647602524674
5.822252333010328
5.743194234003589
6.042452983321669
6.223334801643865
6.243851515188751
5.856015636796302
5.813103036018663
5.87175795212513
5.39671049452222
5.6167455625769405
6.392793188300754
5.491413118956621
5.871045530863822
5.984999238471865
5.795702509358598
5.934197667024695
5.500012751655232
6.167729400301433
6.362104573000823
5.450120117210864
5.857854900950974
5.441038671125501
5.591976247986772
5.57732940250155
6.053390731134573
5.924172541209911
5.630597774610258
5.581966308314013
5.654483759933269
6.366237911407587
7.527106159419187
6.783415774475581
7.9909969711855044
9.038620870646694
9.058846917590946
9.307862401358745
8.892538930515013
9.078336102479687
9.181550132953696
9.39235435368289
9.408160340703082
9.982182798027877
9.661571076954608
9.517023692305385
9.468461746505223
10.708301674841126
