27.57730342310493
27.57732465768584
-6.622337614508947
7.536930755876079
-28.319704180133648
-15.338051426473584
-19.22800185680109
5.1361167995748955
-5.769822322335609
7.888413483776433
-16.24125947683429
26.03395192549707
23.00505871022136
29.591003194628833
32.81462650875071
-26.52817107462333
21.848091080256992
7.284020264490149
-21.14741887749657
28.60699952084989
34.294078777249624
41.0534788472215
30.48443355184137
32.01240848369006
32.79706325219063
37.24758488592008
16.237522194971067
20.0044394380121
35.79709884780304
32.22736767095707
38.64442993141413
-26.823407201233078
41.270013843440196
35.940646494866854
-29.739367963538932
-25.597292000720508
16.284484676950754
-36.28169827536237
32.43717332059481
-21.545926136964802
-26.48112296392696
25.00299930947341
25.165360512523474
21.78404619984075
7.218557075674564
17.536200262987364
-20.625363135264994
-23.280156607495062
27.235802979625607
25.830943533565026
-7.840282911694639
3.8186604837114766
-2.075560801236698
-12.822629179440993
-9.083947164796488
3.561102822841022
7.355714173802382
-11.830079247697359
-41.533859794718985
-38.48622558211784
-27.497435090071352
-31.895586504332847
-31.514754319777744
-36.44641657434666
-30.556032302673376
-23.462020883612162
-38.38713580093089
-28.385061523728172
-41.01842650953709
-50.824163630857896
56.62988322339099
-54.286207818351315
-30.69339246499078
-18.781316899497725
-33.86827052553221
-17.90099694871108
-34.676650378549944
-54.58052965383982
-31.76181131343848
-75.61689954324873
53.559227648728545
59.94859806075905
-44.97815576962056
-41.660865918813926
10.433709039822272
-38.78786473903533
-25.50394434607891
-25.219592806579325
-34.23932501099465
27.811720667094576
38.969839518274966
46.87400750175832
36.81647472493839
-24.84560736504337
20.39255247678912
21.5703146571926
-14.667425799044143
-4.707216870134097
17.846808739398995
22.469869677062125
30.50217316133215
26.04756487950264
-22.864466115431096
25.57161265006744
23.352807981257946
-15.239181265275196
-17.595916806384473
-49.865559030404725
-35.619564124600195
45.07220270457126
-41.62599791669722
-33.87883239548496
-26.85840606318922
-33.860102676297934
-33.45453330212126
-27.786740957802476
-23.84929131215377
-20.891014796359947
-35.94877285132652
-32.34581651211272
-31.34899549557283
22.314748120682687
-28.483917232884377
19.295920080024082
-0.7589570876743178
5.613210012033515
37.4301863310032
36.62946690576347
-26.56635097097264
22.81577470112809
24.90913663726256
-28.52424379984182
9.171642841850645
-15.692327438913084
32.40044175438189
-30.869570923205387
-40.2740523198797
30.00914536390208
36.877673967825515
29.431790835960836
-46.84177041368621
-29.855647831421862
-36.934774985270224
-30.535020633867422
-20.105669841297047
-19.119503544877613
23.78454391226435
11.417838163877438
24.24409738868878
37.46707056228287
-8.680314279329828
12.968044815637425
17.86551515974426
-2.623844488363103
-5.512967819146182
5.764051024510825
-5.422896412034672
-16.90438634193152
-25.105707632953013
-30.41648570741105
-26.211716791943545
-21.24788410350607
-25.72282581040043
-10.510517447134323
-22.443647836560793
-39.58519715972997
-46.26117111659375
-41.84775457026477
-22.917892311722703
-25.220385987559023
-33.26147858591365
-19.034770612430844
-32.49363439416811
-15.91715719674563
-14.29608983854813
-17.473233951216454
-15.847990216133216
-8.30341115990539
-16.16509012549669
-7.278429403795316
-23.524833140791493
13.334541112764812
-30.421526547633437
26.803108039205192
33.643058540150534
-31.094493337421415
37.92166655312458
49.172020659607945
43.04378499708203
49.2587299484887
-35.869700888415295
43.446281967572396
-33.59427528462924
-36.80824080590034
-47.82054433921332
-28.421729757079415
28.57665200128096
-33.99109267798203
19.429743287184927
16.21112166359292
-14.976918767741987
-1.910860267381623
-23.983069462108915
-26.82268442055857
-22.840533071713686
-3.338188062509501
8.42730931613144
27.74500089188014
-22.184831988685605
-22.81434716707893
44.48330837112437
-55.69767906157529
-32.45253867873434
-47.356344077327854
-38.13418529431718
-54.27167435510028
36.95493870313327
-48.76268152322686
-45.10947587305365
-38.63303982535133
47.016381794917855
-44.26009032177054
36.10962700595647
44.523217756859324
45.13187084485341
46.103469673529546
54.15761731602016
47.52735508292791
49.40663725600548
42.10907687089257
-40.552163784914576
49.0610083182526
-58.68574819551041
51.54906272204687
26.859857830589306
37.52636186986998
-36.4788083823761
-2.8501258747181817
23.499710971175592
24.453848850191157
32.04995335340857
-35.73934170285746
-18.88067076580701
-3.5666629873600564
-17.271883212087104
-25.59696537947292
-20.492681297347318
-31.568719619476
-21.686707832419916
-23.371963780131626
-31.92598344425012
-39.328050088424845
-44.25877607806255
-50.41580449029446
-45.40580873755785
-50.024351242399135
-29.218915611094943
-18.321047079939913
-17.40729834447107
-23.380372225368056
-21.14491440672214
2.3383458653533453
-20.229044156660166
-29.975036445321606
-21.41176986586828
-29.77653189932638
32.13672798014271
-29.827570783021127
-8.884313155435587
-23.65101443415359
-10.153575241362493
13.438909045006534
-19.820854331849215
13.585339657400647
10.055907209978994
27.78085322997047
25.455926421722044
18.24038025099324
27.20875308975013
35.60059852002918
45.156576706851595
37.585027891596575
37.900437562911264
19.87358685957283
28.12272197388578
-42.47973712374272
-28.764588042744144
11.938729555257487
-4.5385290121302555
15.262650365948861
4.2286638649265385
10.778636812392898
17.059918713447694
32.32467507326414
40.7522961550789
31.752907033304027
21.217315251455258
-24.358282107630234
-17.03814528507287
-14.354084198842424
-29.766684414153758
-33.505096490979625
-39.732692240802976
26.346652742846008
-40.93815124250925
58.015117705136284
-41.402334248982925
-23.18089711601148
-20.366478233068012
27.288074767458465
36.57684890569058
24.92595976702098
-34.4895379233251
-29.71098916572262
-13.042962740264853
-11.307391942755457
-32.213923362621415
-25.374981727515856
7.50851569038632
7.102813946044304
19.744770142263484
-15.777453312077236
-17.850092786250578
-15.98006943302121
-22.24080325361637
-9.348150629411226
-20.85481704316031
-24.81054659537286
-9.029506274283932
-9.440428780051358
-38.21160850388709
-26.535904975142234
-33.11066862665349
-7.181379249467976
14.779578923755098
27.861750271229
39.12392755508851
22.725779710901904
23.135826408760565
2.185622289898999
13.029666109461388
16.676284481789402
10.612677725998477
26.581202227097794
17.739493282209743
5.581745529921127
5.041814510015897
1.5121973334962
21.266607523927842
49.15062272140049
19.355506527079523
-19.742120753704288
-31.528385114313526
-4.28542255159943
-4.294620913308184
17.062341210337742
32.09010800425803
31.433121123501724
19.12235761614047
13.812702847021242
21.158145455367592
8.45114557799847
16.02271089917179
21.97450987926676
9.782723932961309
26.916353856977643
-12.30733114466566
28.473725960684366
7.025902919483962
-21.02271366790859
-25.575452427268353
-27.878822705377555
-46.14611856275051
-45.90923801842517
-46.163789939783776
-41.21156293605377
-24.712866556502668
-28.001500782110675
-18.854877265421273
-31.179279528939635
-29.508586388818465
-33.36390399786253
-21.766702192479517
-16.02469301922423
-30.65913548750562
-28.983546726839723
-33.85702059255113
-31.273221560272795
-33.51868103326986
-16.549729524262197
-7.418093672816674
-13.052577504734396
-32.33654956335834
-18.045793944602025
-21.23174138746168
-21.07266293309039
-31.78361695498197
-34.68964775333926
-12.921084235716089
-18.147719520351718
-18.961892084899755
-22.767541482977133
-30.288854555454872
-35.22910086989592
-19.655691618126724
-24.89961947375412
-30.67523323745271
30.239841360480305
-29.033397700267425
-40.85390008966591
-55.94682704456867
-56.828033639791414
-46.42261972024019
-53.28110360254819
48.117093924861074
36.86955479807131
-32.317597598784985
41.17679523308588
30.208902070928552
28.018798308280942
40.096349894948304
23.599615232079273
20.132359378705544
14.8122692835137
31.36111276477535
28.183541886253767
31.53775895031031
30.846864753704658
34.44580302866942
33.24446995402051
37.88297626931545
31.67690131492547
49.89389776535027
41.937157460294785
27.667920488540606
7.636320189855925
11.645101712146037
-6.7292618464160325
-23.41292287945368
-12.977635885535413
25.42404153526014
33.23603199779676
44.53331868546618
40.041083941246015
35.179199609679365
26.435518048748765
21.563399059144416
16.920124633763862
28.29286659678311
21.019065374504383
27.790930869065047
24.759997640043604
22.30544457316915
20.42488640777579
13.784906343424206
2.449416643514674
26.630275223888585
25.560288977692352
31.97465401738706
39.390122476263194
44.432292152217315
40.317645592587844
47.21534356884735
32.45115492981294
23.75499673763148
21.75682332514948
33.604049352285564
12.722049020932802
29.889571191142114
58.005674242154555
52.940269147027045
38.718284732823385
16.992619648034317
46.42028992093079
63.08626152737505
33.41263275032319
51.584764719909614
42.261391325991084
37.901370536345155
30.716424773117268
26.662273533873062
31.55014131861783
35.80374560827601
22.649222452357975
16.43302023831145
9.688996142816926
27.301446507547812
18.068175594921513
25.037575938367382
35.47454818579685
35.274017575764084
44.43921246783855
40.987884031458776
26.498965318629963
31.52648398800725
25.028589335601882
13.050830045953171
29.09941729201056
2.0733041046725416
3.271022108864693
18.285464160791577
-14.170305703012803
8.41098107654165
16.977824354455315
6.7706403502086
-13.785481685213583
-11.637600415991313
16.80808145615563
-20.738214208320702
14.995895940358455
29.133554471043148
30.155355972745802
22.250220223878987
18.05194942876949
18.851816593090003
8.743633232936777
16.292569891809517
-9.029466922673711
-27.253976837447436
-33.22586286035644
-38.743249492943754
-40.82818716927744
-31.128315049701353
-22.016700637275864
-28.871978801597425
-45.38143402463964
-51.32025440410871
-32.96649232686139
-48.712690931421015
23.08402091464204
-14.986435950092481
26.464123009281693
-17.95995160362636
7.209637326195953
-13.07908742783745
-4.736827979738951
14.852929990072159
3.9954303848773494
11.810787527217427
17.942971335555292
-5.08487532144908
17.937477761279467
36.68147362086823
26.531988558822977
20.274051154070143
21.590932449298965
29.211790214836498
-16.2627683213901
-22.197224418020845
-11.545472360741678
13.174681975704955
-12.507859146463273
-20.345757301886938
-35.90952576479097
-38.31029234307619
-35.90723207597665
-33.01185509892074
-39.7340469993075
-13.763553315411112
-21.921273633131026
-33.19700398338324
-29.717369285189942
-22.832223439160757
6.697782818495816
-25.545337985883222
-22.177697150409184
-26.698604333222367
17.180261564225802
8.980672892942653
-29.483902627665955
19.48902894692306
-3.9970319458915524
-20.06908987025628
-23.702311680340046
-24.11311747057126
17.010607240209758
-18.77283854581317
-24.53550426664209
-21.71074190570875
34.133650449593446
17.447663769906
17.864320146580024
27.23916924049119
14.684774907610116
-35.231695663200085
-27.349873908474173
-14.714244018559581
-12.43919248568976
13.618706989016086
27.180202019614327
10.088209269330138
-14.125048541185512
-23.656075648991685
15.616793152414223
-19.183920567294965
-13.718101415877177
-18.542269510422397
-5.140500927082235
-15.09968822901085
-13.824789021410407
11.249745887745304
24.2310682742686
32.54757517772359
30.705134282408697
-28.149762381528113
-27.51314097018335
11.149174807328812
17.962853261081616
-5.460630756264981
-26.76536898645088
22.30933672800634
35.97650568798818
32.425929253872354
27.815730182501426
-25.24144931994905
31.752671445972705
23.747829171388275
25.885402181718195
51.32326186672375
38.58413298396811
27.43865671401045
36.50694106955227
31.976197159124574
37.89414777119415
43.97519735601017
23.313985784625196
-30.09859590085239
-27.594672617992636
24.701870554279374
5.936277569998449
-12.040230527630062
-7.067598035063506
-6.741015241590233
-6.02339522103631
-10.144114845261342
-20.186883733215556
-19.063104072650674
32.70197909348975
38.46157632139995
46.12715290415313
44.9699925976225
46.85658355398553
44.45048357745785
34.200152043586456
37.83242595690996
-20.416533031031356
-33.405181767302466
-19.43104246505213
18.75839254965454
32.82231181109827
34.461764081413484
39.30085474415149
45.10467097199297
27.574706533324314
33.895240731370286
37.33996983731184
49.55896996962502
-49.678469360717365
47.504701313749884
52.66526231326595
-46.88479550143397
42.576837904147816
49.16394030794941
-38.9147369929447
46.628203745215316
-43.27497257551601
-58.2173273902198
-45.34286656680254
-26.128635788363166
-17.157230007742896
39.22046894896722
42.03610378000013
49.46732231220042
42.69603682677544
35.66560731302585
-16.783394636083454
38.96457975598547
36.518690504105464
23.405924557367737
7.0744195268796695
-7.873046432360969
-21.673149927249554
34.72980220493385
-14.798007377613752
-28.462292314967186
-25.15115266257561
-45.84711243479266
31.674713138007746
-29.33981866001014
-28.327580309267905
-42.52081404702897
33.774726721569884
26.272634596798273
-49.26114792893781
-27.653120656024498
22.465294683208448
49.19690857424495
46.12318518336025
41.20400319437982
35.50642162376539
28.13005528577804
18.905385233523614
29.50259843365174
49.071673091455565
39.63512086252581
46.69143292091155
42.56194394075842
45.22985125127743
32.32866633337692
25.69246867710165
-9.62798696457743
-11.827598309279802
-22.41572087567012
-17.394477256801803
-27.855455285287626
-13.970795366505858
-21.708752854502517
-13.624164233950005
-26.752088561638633
-12.609753910654037
17.0315679679299
16.239576614931874
-10.97256841547039
16.812091401854964
28.545204010549334
26.92144016032923
28.58164142841997
19.17703298941731
12.851678200688422
7.678957601011758
26.048694641877148
17.14310114200057
9.480802600371955
15.321352232752181
9.05280826890502
22.312462639573038
26.368403704030513
46.38908052520089
-16.32740737616798
7.3593413988488
-11.368951939193144
14.171109088598987
-18.13994444340473
8.50359650225785
37.346111474433464
5.685731906233331
13.190514059378929
5.560716275654183
35.4829764363276
29.340451449630212
42.376007142265735
38.45335238908221
-43.90224976214255
71.50404744745583
56.88599208007537
55.109561670644744
59.02176495728864
51.802906457723225
54.768151474044146
47.03035117587208
23.901990039458614
-22.827694409334104
23.07115422178321
38.48754402879838
15.020614889903124
12.687708388868502
7.856918396934777
24.537386774089843
9.759399683529912
42.951236859827524
33.30383355940404
38.475748307521
38.499853746043186
38.48989912819887
51.15396173972403
30.36974867871119
19.621614226726514
14.032855029921317
22.377300671685678
19.380660114918697
35.71369491190455
18.09138450756287
19.436116823826097
22.532581876059044
9.574807088028333
4.012571976648143
6.74697412665576
12.684938616241212
-2.882703197053897
-22.07959094912285
-27.89751641799573
-16.386985165743432
-24.04150942230967
-28.866540550853554
-32.38385511058706
-12.86688409140146
-2.943308654141155
20.812686857561353
-31.62877930505638
31.66412736724989
16.36347598612184
-16.559706884742614
35.68972114660609
-31.80684285539705
-21.064059513583864
34.39421088192872
-38.93279416175175
-54.47962414449053
-36.83531591064589
38.12846762720794
29.210604257228983
-28.049361816622618
-22.922778956118563
-14.509685522391369
-6.105930460103148
-8.737873134375263
-13.238083725225229
16.490445213435173
25.717180755070473
5.30828222453293
28.46945055814849
29.820656555022826
29.48881127424224
39.825440085712565
25.48308535971105
26.84789717534341
40.17910699814009
51.481544591557345
59.614898875541755
45.02521373544256
41.932866676212136
41.758881064517205
27.75283752367226
15.88652084558443
-19.33582980609778
-14.797271378390029
23.012088678370112
16.18327172526311
33.80137381234038
41.35610936176693
36.32421623518101
27.867048495667973
17.778887002061218
34.98468987300328
23.71764043555193
21.1065239885119
22.720556423125895
33.14821034437533
-30.09259389263897
-17.53042656042548
-36.83173430037651
41.11067378746628
-30.313377855394116
32.63347612516853
12.288272106341854
21.37794574647026
40.91513222078301
18.016314010475448
26.587738174851548
22.12234656460515
36.79218614953743
27.904475940740273
-19.973240277525072
-32.629752576919
-23.86302654381225
35.97169872181544
-13.228769191323359
17.3142726064279
12.243674774605502
8.937660936658432
9.14563169375018
8.32575312769038
26.071520648846377
21.959999137367245
10.191647487888833
16.258364786051548
23.661820493658222
18.84294000719435
28.452136004423274
21.183711942860043
-31.462907310526404
-26.223765318397557
-28.27395153143946
-7.746850769188929
-17.561302544874984
-33.75132357068044
-19.012269094602303
-28.04067798083624
-4.924907416407961
-16.63217840432863
16.78365164915248
38.78346915860399
17.089519472521165
23.440213731637066
17.77103837814791
-7.517481683589109
20.995724466399146
17.005259002264772
17.489809779136714
17.092104283902327
-28.932318742640625
-22.022535571867394
21.057600253025278
22.511845286122657
9.534903793622316
24.02484517025401
12.551897800447893
18.438336667730947
8.264964906658712
-12.544887081781598
-7.92102653665945
-5.704831005607542
-8.394279209569122
16.90812984775276
-2.9672827726483657
-16.22034873208031
15.194062628440339
37.33388783183281
37.81200286558724
35.17752785210481
25.610934581506946
-34.30458726172381
-23.858865095000823
-32.6193315385731
-20.82156586045158
-26.52942256812375
-14.43691441848109
-16.811443950495804
5.658940126511345
21.287575703665667
-26.476433426152003
-34.12774160774382
4.664505629136894
-12.074025744739442
-19.254458870671833
-4.5708282185340865
-18.144381087952823
-22.71858591040639
-31.253787051070677
-28.067177480808777
-29.572679277824843
-38.32816499529946
-27.519842783305805
-32.51500309077053
-15.557973920736973
-31.73971130865266
-23.446970436768932
-20.935650984907294
-23.36821185154805
-22.49276150464588
-14.514477230058008
21.455439572431626
18.046682307394416
15.814584952457531
33.01627964447291
17.266801239927545
35.04263031091338
54.68070657609284
49.98183712344514
34.246224609464626
45.70280765211916
47.298545549701466
38.53752865642331
54.93494440852418
40.61907813444455
33.75060510107804
17.238619344930612
22.18864426608066
-4.147269536105336
2.2685546575070235
-2.5977767087285946
14.522863405664937
12.020980614767511
9.0763365163365
-1.2670227480419012
11.120416430479345
14.694907186737396
27.0472754410135
20.435739395204585
4.108552257371207
-31.599685388766677
-21.25088585212734
-19.751552374147778
-27.795775146703953
-23.363031863142304
-28.266458056466988
-38.369809408944455
-42.396350345964095
-45.13015923237818
-32.129969188479116
-41.57555402034464
-23.451666827293444
-28.76022914390651
21.67482122191956
22.02289280860428
-19.77612143674218
-14.603311414749822
-12.746397371145157
-20.738475177221854
-21.575418501876555
-8.009519565151065
-8.716148318509179
