54.994087344834846
54.99379719877137
52.31953331849238
62.32398866204651
65.58923243733194
65.79097559792193
69.53976220927947
73.09932228392418
72.54181104666542
72.88011415541291
69.07852888520489
60.76637870860082
66.67103383732955
68.32402882368076
63.6423276587981
54.44350316132726
47.61783960865911
54.0142688311125
50.761015723112564
52.759411884564514
55.982294679395395
47.43264935931458
59.0116902320688
63.934624637858605
61.7311911625434
66.86412569400272
65.0705629927104
63.6896588879523
59.80238418591446
63.29705930892143
63.187891233975265
67.3952305042819
61.356345591898005
52.14443651841858
51.82497632888693
56.80711997601878
56.11243656186979
57.380427480562815
56.90057276218013
60.284146308021654
55.92330429560267
59.34079032075755
55.269147018587795
49.86267467006402
51.83805226277895
50.10574045288015
46.461895768195795
49.631245392040285
44.760825666579144
42.46438762614122
36.60258269573627
39.977278432036975
39.3545801873494
32.28795231621375
33.96363901685155
32.89649126041045
40.50739292642124
40.15539234683561
35.35443946474144
33.10613830584625
36.87670898570484
33.17074899485141
32.9566900726828
30.49385120889077
24.53980219884202
26.726466726196374
25.745448591497027
18.27238148918538
19.445503282278324
17.60591600613165
17.942114761328604
20.937649045090705
18.186848617829483
17.752797821624085
19.298053662626266
15.471246243436664
16.233958438928727
14.316309548076058
12.836626561766455
10.985413627222828
10.562073427985096
6.555265613214318
6.36794658103462
7.3587263129977805
6.597169832386385
6.5361361355772125
6.068533125091496
6.335164517091809
7.136213074229663
6.556158817877957
6.812192107762864
7.180699336677014
6.745451167095172
6.695842193463534
6.756769014673166
6.245898197148305
6.739514222667881
7.766968160121534
7.250690924106048
7.016100827749813
6.961972997083009
7.138025095451392
7.634339259291406
7.155390122990383
7.3662028272229705
7.2525445100724735
6.963995816867553
7.438690304443653
7.2247796207517965
7.550769786181287
7.570042941941058
7.61939313255581
7.656774996526544
7.274567023786998
7.676612914121493
7.70632518519342
7.285996047752835
7.254016584216154
7.240984762741491
7.372674746568389
7.0007887059822265
7.197107643549051
7.026749991110317
7.150407089400632
7.354147234489502
7.009767122619476
7.05144607676153
6.9874199675603075
7.669839786497898
6.945814040734728
6.980672142921459
7.463879187361539
7.298531959457214
7.5039046508331575
7.016998203630491
7.113315253831563
7.113488332737265
7.135531877458777
7.214877854839126
7.169125521210542
6.9397066928297075
7.440917631637989
7.139419715808271
7.219540663787289
7.426815737615817
7.764690224541849
7.115081473914438
7.272560353599155
6.786212148333778
7.500056725313457
7.009622803760005
7.098286379430113
7.212935884601165
7.401855451347126
7.989645609051362
6.565309353629284
7.011849086801836
7.304859866010973
7.111698376897797
7.536656303791932
7.176503229361756
7.358724445096124
7.443974772422728
6.698054428205033
7.0240086696390565
7.130649962324379
7.258927612496273
7.752418273536283
7.039802011933327
7.341882688421675
7.163003574346095
7.260012555701911
6.8555038049907875
6.963037163279746
8.082913084635807
6.840030327074232
6.695782335636447
7.506690497643667
7.312410635718662
7.574605435393001
7.251671177571804
7.056505847435354
7.1265868682387685
7.3368867291913915
6.872990589432514
7.175065023363466
7.200048954245633
8.367432412996674
7.122958988685928
7.35820206298423
8.242030086239609
7.277535150220053
7.3190339175298895
7.063175692468633
7.374155883886627
6.980509529729037
7.423598751345878
7.152082990268388
7.257607123184389
7.751401513135698
6.900049811473175
7.261747836060545
7.186669202861757
7.140184310387337
7.740571135063969
6.71663597712086
7.179220993162671
6.495190033845506
6.093068659197732
6.318987286416492
6.64998895160372
6.658152875473256
6.348083484534666
6.5041839315762875
7.293004539105313
7.108053289667729
6.462701805655279
7.221094982957972
6.118997696688623
6.834510700566289
6.681999109437996
7.100188887852652
5.939359403388856
6.6818179417121435
6.502851213208469
6.659786158734208
6.681187234982116
6.249624249598255
6.436594282806776
6.502278139843093
6.565764805825391
6.550550277089888
6.621962693932999
7.083189565210106
6.394923942574284
6.678524579170743
6.172918900499008
6.234283978637283
6.357535976637674
6.928591363686941
6.594514538059715
6.288140183152151
6.9571553752611015
6.208617584248186
6.388413454916866
6.433354742815349
5.691976152163188
7.097969509822592
6.489929393163812
6.758952781519334
6.30530901342445
6.1329790966060065
7.0118523033385465
6.214611966033118
6.745646755596175
6.624994377245199
6.504123158229146
6.50894657512497
7.282382105794676
6.407358634885154
6.54579970204032
6.969291054861941
6.575823519884313
6.295307809282469
5.706697447374601
6.216561637518371
6.43336078929525
6.687822749075224
6.09219972921197
6.460450618291099
6.318424095020132
5.936641248057603
6.404764512663538
6.207702406264487
6.183825190572711
6.302616943438543
5.622572294461356
6.201642087612483
6.758339675383355
6.534657848835048
6.575913510114442
6.51677377457455
7.206070460640539
6.130968993072482
6.335918660369355
6.4537808452016785
6.60083340987764
5.796781605658819
6.007125393766675
6.701088442858465
6.465535104283867
6.783486159240003
6.495043299345962
7.190179247133251
6.4247943877441225
6.211510354584884
6.925382667628936
6.142509048003432
6.085971775967156
6.1882274042280665
6.900284022564218
6.297534500634751
6.669086784726205
6.737009394743617
6.294566456658706
6.856913313039073
6.795904219444651
5.999012187611235
6.312443414815933
8.529404879687247
6.508345857863363
6.203123504823592
5.042916514900656
6.483994917389311
6.370390508962213
6.464357232185524
6.567299818194551
6.839138496943914
6.191194274874888
6.277027437385007
6.263365286457415
6.369270787037998
6.57321908477192
6.227125353539066
6.144070072193587
6.285562700593022
6.3618673601749345
6.233701564777361
6.432207334825175
6.387776386343378
6.33407180807985
7.217184638767637
6.506518633644202
6.788787295580322
7.038246434434523
6.546631352726505
6.171919822337954
6.6604676461261745
7.054527511340644
6.515166456455902
6.478987509899538
6.411262141513805
7.236059249100955
6.6173869968142744
6.790484045044183
6.089981509717712
6.178327365412566
6.413881669819118
6.061143788420967
6.395177285325338
6.825683187696277
7.003806015709889
6.193137802357799
6.46421659484259
6.392700839980253
7.013800749055383
6.656327345892627
6.237170620038919
6.991806228074248
6.032782557735637
6.377606959084744
7.142205367491341
6.286436902469331
6.661747801995359
6.522249632820469
7.1351246104132695
5.832720084923115
6.835361976695113
5.565270200426706
6.0943570152738245
6.776779907127824
6.738798660834453
6.440129194235119
6.527272999835099
6.365574102196953
6.268655731148618
6.249758231287358
5.853950523602755
5.538647144106132
6.057186684027544
5.725579890118631
5.9031456531051205
6.359789815031522
5.8565880168104
5.560143070035335
6.661048023734932
7.738171746642144
7.7645042423301485
6.649814818309166
6.095754045298186
6.755219246906996
6.083276429963423
6.505759279086222
6.578309202729673
7.038227883427069
6.351131567601602
6.97210475241541
6.775464761082244
6.440732614923052
6.483621386859339
6.851657818412048
6.723764968527428
6.516542998831088
6.190367220231259
6.768729557446314
6.592776917817468
7.297239516374231
6.880799288681319
6.2263729835506805
6.643131386018904
6.192517557105862
6.71161212448013
6.308032407520637
6.614010684697269
6.570365558446549
6.318288844606369
6.552045689041489
6.509389883719369
6.145080512721162
5.899124596306725
6.562957380984851
7.154862243655082
6.358652698083951
6.731773894292229
6.785744468990832
6.744707705189468
6.799398645463527
6.726844143850345
7.059171791849258
7.124998863215525
6.564185009559406
6.595267230862741
6.875606848145035
6.303544558122651
7.5454641992066005
7.09127285157134
8.625177995632301
7.74214625766175
6.583142540861096
7.218848503181872
6.569713787555609
7.266461253503779
6.42314222055527
7.127522447551604
7.014959464267147
8.193813794261334
7.26059837196073
7.477550812539971
8.674092722172817
7.096361603761803
6.996876339995402
6.645309192212665
6.266091565723341
7.876451075355083
7.300921071130958
5.895438138017773
7.008935385049984
7.955945699837035
6.336968837943225
6.92481415854108
6.494926300153548
6.347672233627901
6.389303425959345
6.5292847622246315
6.373608280748742
6.344473670716945
6.5943654391795885
6.360479971203072
6.7050324621230954
6.438685389805143
6.3436485004251635
6.518272529602755
6.752569193169938
5.498758656234446
6.641021316219636
6.122133301792182
6.438064796168378
6.570944662073775
6.418833342299568
6.865568043200587
6.30143153225727
6.924569519291092
6.4877718233969714
6.290594621018011
7.736870511490594
7.762229561766465
7.452712286689199
8.23031088763799
8.183484587513522
8.21995474802122
9.233302594720335
9.862688555215648
6.423848405888972
6.544665308271154
6.28338168534936
6.475417795087175
6.320386608603898
6.255878424242357
6.358218717230641
6.229301646904377
6.809541720540428
6.874343624019558
6.445764117426146
6.033210322175763
6.737520371844858
6.257856448065021
6.561271364781664
6.4832689164365265
5.922348734574591
6.426609188426991
6.455179015377413
6.897158231640731
6.325455021753246
6.387800801786623
6.749516816086803
6.472075443126279
6.624384703006414
6.646564273448093
6.715659963086039
6.5256698270148075
6.483172394792874
7.052128240768962
6.372995412233481
6.605772037859797
6.314350661182471
6.606748615412685
6.5685169363060405
6.040099524597324
6.583794059671138
6.633641691687912
6.3800450966149835
5.870238966332406
6.103773346858756
6.778561115993968
6.403276824324669
7.138826631386898
6.665813691907345
6.667148794132098
6.463410102632046
5.945158362568926
6.228116513704693
6.299861974713316
7.054833913268234
7.634401378083946
6.177572001448036
6.543679628574276
6.2091525904382925
6.765135310138945
6.73067240262295
6.791206520069833
6.413809117451608
6.427218223807686
6.726487006272081
6.496396167953265
7.226206243288077
6.822280792129848
6.276407879713882
6.403808980965439
6.12593398050231
6.481115629471139
6.264693652284479
7.068698336232091
6.269375152661416
6.149640343664866
6.599983628474069
6.321725885449355
6.582298911884359
6.384520446008259
6.692144741635826
6.700771653386499
6.14753102343035
6.521453381095688
6.295482418251947
6.732348086025301
6.490633944280472
6.416472623742295
6.428459821969911
6.500826860019841
6.659279028804981
5.996525386306965
6.625828706283352
6.430229945077201
6.328675877969687
7.024868855609217
7.525644415923086
6.680923625319499
6.702465348695109
7.070181168394284
6.385604441030461
6.105863260315722
6.512968232233668
6.549974577952224
6.586004232935807
6.574776214823866
6.530929114380052
6.379213492844014
5.9950353604892985
6.48314911087603
6.2914083369343405
6.599608383305378
6.160233710446237
6.901162002916041
6.552809318632547
6.783188516828474
6.290607627823379
6.45600673587319
5.427895244123312
5.502043623041075
6.163581046553188
5.472127788705641
5.802812329269207
5.563489820010961
6.526682957156166
6.135854524987059
6.249197988212177
6.892641538081848
6.559720853050106
6.537159280937573
7.097549635795875
5.87070807047613
6.751801276490024
6.394070303523907
6.382236979527293
6.778426479534189
6.842958641856825
7.149625920905811
6.248961879479952
6.3535607666282985
6.510623782287084
6.733437853205754
7.182287178402848
6.383919398769074
6.293272166931521
6.2595809908805995
6.456058904135046
6.46951070855154
6.412477163856555
8.105430180012794
7.979727210400836
8.769793030065172
10.161818140271302
7.3859938718915075
8.394837256849566
7.995949762848589
7.598317396619418
6.452177237739032
6.3550671242472
5.86754390336923
6.421816255556088
6.71168650729193
6.614341522704017
6.298556226159989
6.558612087982108
6.753369693061118
6.4503557779402865
7.1744316335955265
6.978648218024014
6.912437957115586
9.308967909575646
6.297945407813252
6.155862381574288
6.717541167105149
6.112211618213288
6.446489611508355
6.234134060566099
6.148780718377052
6.165724174887128
6.248057757679091
6.531791186275734
6.580081888895569
6.311733780822224
6.34620494639116
6.246423777129017
7.147719003665708
6.889379048794201
6.305589480550585
6.49365479752226
6.27490822772543
6.346924335797344
6.570629460916675
6.551370463389551
6.3251143864261845
6.893390417523965
6.46464635333999
6.782994908614779
6.407808368029528
6.798692091638456
6.506426838400598
6.1921664325615104
6.632363313815173
6.803921230713763
6.367370499272462
6.859636632548499
7.6143846128887525
8.102557477852034
7.109950088760363
6.1151495312842075
6.696845470148912
6.523524341840176
6.156611244257188
6.8578420076060125
6.2281618135581125
6.7141232997649904
6.5397937284480285
6.231183608632776
6.093744772370716
6.0339071827787025
6.4278011015169305
6.083610249130535
6.347292932815359
6.7208447752544345
6.199766619635754
6.892977054687844
6.7423323109175515
6.189489902543541
6.767663111751275
6.435815158802742
6.41202183028688
6.0901908030789915
7.115969571212292
6.564562461036073
7.862526383247256
6.190111584821927
6.220178570430312
6.493481927013021
6.775507965091394
6.789949800461216
6.541857450936306
6.554303955336602
6.660499536168198
6.814789161843254
6.36470473122614
6.414439661678565
6.351808815932989
6.567796101477264
6.669045780260858
6.25241072857525
6.773145542533126
6.148230576813912
6.578741912664399
6.68928584790373
6.369533132564002
6.250643405692113
6.187197844007542
6.7852768340072265
6.137069330016527
5.956650954963111
6.248993967844837
6.414504474443265
6.393546905340501
6.054291576375215
6.043042342992838
6.324210190816459
6.775224346870508
6.437002645013644
5.821834085311872
6.740721666171659
6.513533063317643
7.123771203341392
6.140861896145707
6.0552676550087545
6.4606489801634535
6.650128535583462
6.566507854271859
6.653957277479343
6.245977958743086
6.686976027255272
6.442311397872413
6.577613708049253
6.628059005678235
6.603352267455079
6.372452742152069
6.65401173549722
6.252344783146129
6.502793713205171
6.421488250284287
6.441949018326834
6.149006764025392
6.560280099602417
7.12521550454877
6.396179335882567
6.294664414240484
5.952916492853965
6.432630024593241
6.41643908871082
5.976931389170081
6.400497175947305
6.422915684211291
6.410694773125461
6.611278114248994
6.587628485123877
6.432321993915282
6.5017228928335
7.403055998109724
6.410599799469645
7.219436413886532
6.492826638589991
6.785159933743841
6.537873352022859
6.435129631137109
6.159753538785475
6.760911462404128
6.466823256226821
7.819104797119795
7.149919672447391
6.608634549257328
6.597689043340212
6.333372903092262
6.049437121959987
6.128128502435061
5.6581275949359044
5.175948469417336
5.266782978443322
6.018506925898519
6.254984605922976
6.526620723843005
6.441739524067091
6.058835667964819
6.944479091994502
5.79500991466177
6.143139145115821
6.9532939510947775
6.383887548665185
6.25295488353715
6.332581101258428
6.501222574026541
6.536217191598448
6.881869533699299
6.699002212359679
6.150816760187278
6.079576818300854
6.668841771398796
6.6152480164875636
6.96098065151138
6.9206438918973205
6.814773327360789
6.396265443404444
6.7819513247104695
6.773902742136992
5.793169385574244
6.431444894068013
6.712249824187094
7.212440902363154
6.83516961939016
6.82956896862417
6.668556389706871
6.832661912787521
5.695495740692694
5.669579208348801
6.557752946312612
6.763630768447049
6.2961608638403685
6.848769620596172
5.978049700038518
6.667384580971732
5.861244915289969
5.931241301536998
6.443935997564183
6.251115389163118
6.119707668563448
6.349489697309049
6.512642931623178
6.193337933329133
6.717954334690136
6.4941970547049745
6.535630592499699
6.825336006249984
5.827122492248093
6.374774694566725
6.262171530029219
6.209477539484098
6.512005576141511
7.157097012536187
6.304215793064404
6.55886883887434
6.6790430158918
6.335622762892214
6.260665613034753
6.635454951687605
6.638419848930751
6.688266061754415
6.584105411273444
6.5310992473888545
6.4783092090949665
6.742684389229553
6.290021557163596
6.389476774376218
6.434853562419577
6.166176552228882
5.531321519261652
6.292306349269531
6.637893140705797
6.16250520071091
6.411075995022841
6.374591528986158
6.054566391332821
6.631474631050295
6.586998786715641
6.318865737024372
6.448397914612012
7.037052873905244
6.325842243207963
7.093428409407076
7.826182070363571
6.4607562703083445
6.304430369205244
6.497294084681112
6.299137865707048
6.14776251473254
6.545606249162406
6.0293195726912865
6.789124571529903
7.059376487872337
6.3741160391598335
5.52250586621942
5.8721924171156825
6.261952772366434
6.735226493070157
6.873709791118619
6.327433412335722
6.663660009548329
6.611311280375769
6.261302536101843
6.292774254894891
7.059192439588567
6.3652062026326695
6.123386612770134
6.72140164458941
7.256479371449925
6.311823220275032
6.606585354972266
6.42627523870696
6.724369656766383
6.522995571270158
7.006083605426044
7.344374812320641
6.5696666120275875
7.1287382409734406
6.33857629950495
6.391434010332586
6.309054001258195
6.772446726603268
6.466063128239751
6.91207504145512
6.509656487914623
6.370788698535425
6.409596282792529
6.396881378833327
6.321187131590296
6.690820189546432
6.155129602186071
7.743035072570117
6.961103430046011
6.516687961398833
6.826940444939406
6.874095431042827
6.118835891187672
6.265630945776488
6.156197764258943
7.929044640962032
6.944749021622995
6.775810514742108
6.830611552562918
6.64776507798805
6.436371720642515
6.677944604599248
6.237300595320633
6.494159810608833
6.2920886100856785
6.622206704328884
6.408749424609322
6.542252727024465
6.33840854575201
6.487107567405942
6.440012469638006
7.124367311668323
7.554651331954045
7.0582085606896525
6.333360358445331
6.820925820033597
7.239121950819633
6.191369982138522
6.681677440340753
6.423705384698999
6.178248838110626
7.234098533961499
6.2637288122895525
6.939683928923512
6.16482696008262
6.658831852387213
6.900299043071319
6.31032760184755
6.692513580488388
6.525136645737497
6.798348531932677
6.054949471199293
6.683115695018148
6.541626567861816
6.544173527905278
7.727101540404422
6.600210518969585
6.8174303371225955
