54.994087344834846
54.99379719877137
64.61211945947107
66.01096334120818
65.48388499881236
79.32914158021165
74.7749136935301
75.76932039938437
68.72194268735981
62.948607212714315
60.51841351309242
69.4218279826694
68.04584622040022
73.6761761487429
75.05723979105312
75.04071745430932
69.07741148904631
63.210918338591085
64.59233749987582
56.28378183834347
57.110989402774194
52.614012011644704
62.45206585385977
64.57889806330711
64.39395368579439
63.3341697302238
65.05520883017016
66.04648975625848
65.31616784220199
63.92372196863726
62.683781322457016
68.14295086974221
66.30574201817589
60.23486151370707
56.82810236923553
53.401001083511076
47.598116816776894
43.09396835958945
50.227939765820366
47.26072858551689
54.34126515151062
60.903895697564295
60.28903896103831
58.74301005450318
68.15012091536029
62.31400244799432
72.0388597723051
66.95414685853126
61.017985078103315
58.286734829539874
54.656513077948524
56.89790565286536
55.21319200452176
51.01149802254724
53.90908677786834
54.60659510310862
56.03827067222294
61.96396212783347
58.79064798323777
49.61776282155965
52.54938213444087
48.12435890601712
51.216428189797654
54.97791008873781
54.33781211143958
51.86228183198677
55.61708718288904
56.248863974635
52.25662755629852
46.53176116662996
51.64242341558046
55.0386314096699
60.56900536641527
58.769134897003354
58.55956346204193
64.94027044196693
65.1132010768702
67.41875064481023
59.75321637462075
57.38661855930398
52.605534993816434
58.64235642540916
57.43734413550432
58.57912002001883
60.23448725452855
63.81402147574619
60.39239751738923
59.95211740375685
61.47935122765774
64.31491149488788
63.11549510629214
61.768477638025935
65.30489172121446
65.82964396560864
64.00458826806683
63.14315431804798
61.174671942525094
50.24578596602206
43.8779580310859
50.212861181677226
40.01747483112807
41.93604848801621
43.0286101839973
41.110150977536506
42.12033859599912
42.68992477886098
46.873481569153135
45.17911310534875
45.64749966303424
42.38354070710547
41.395752604127786
42.99321796379621
47.381203082529886
46.79502781529824
46.142026273485754
37.72237851254357
38.14825272088101
40.472158456826605
44.18814377161151
36.01761819157705
37.91458260768092
38.80487802424798
44.295530861184716
44.45032197211116
44.33373166730501
36.76096834005669
43.008612852619045
42.58949790118055
45.413455932365665
41.80634219787024
47.96054520937763
48.478064245660256
49.752165204957045
50.59888810321276
60.14412104069959
51.76492933603138
51.408033502462786
47.0973901224863
51.90473773530026
43.811901650667515
51.00040485976806
52.593397877487654
50.304922490389565
47.95429553832401
55.303084760393745
54.81913296362881
58.88897201501096
65.83306445190826
60.405591274273746
67.97104525764762
64.96431436215451
64.74273746151876
66.38408132440287
64.24278921857089
66.17222853189395
63.19048944918523
54.39156917793508
52.3248522033481
52.4024652779275
59.1950067462989
52.43556068811395
51.28514348747533
56.23816788076929
54.59606506836307
55.933819992511054
57.26009525220214
56.985290982454266
58.45863891358736
56.758786377934264
50.798714669076084
51.2972214509481
50.67750020388697
50.707613913605364
49.92179661043028
52.43195527068562
51.32867788216113
45.430387626053786
47.19759631345575
50.747271236257134
48.76707331312711
50.340492527633586
53.256249391450766
57.29741998765544
55.33912929731173
57.4355771197368
54.57691111718342
62.58354608491318
56.26577713864379
64.08515993643569
64.3721048089615
54.483855019812246
60.624792617247216
56.51504121469935
58.49669528992201
47.54252467147589
46.58273754774756
47.339996066432064
46.84662784319899
48.55340881256034
49.9313043198194
48.889006616983814
45.60027286424285
49.56424081354074
49.85133182170372
48.50095820106548
52.463687130264276
47.9811397556681
45.609180909922756
47.08496930629194
40.48089176188206
46.919100179518786
42.030975016805066
48.18958652588812
44.9685537044915
46.90941094183144
49.532564409848845
52.033948026047135
57.728294581721144
56.773711951054
64.54500289896421
59.67407608258147
55.70894141408651
56.1233419367755
52.09200536987865
55.52081144626891
52.74133648318227
51.16176267770478
47.09878497631525
46.28698731682683
50.44790965141786
48.974835472816345
49.111658162254415
50.3424633135124
56.60403459602684
51.18950646370415
52.78899411987263
53.10816852097448
46.95148482081831
42.15836932167671
43.76782217508827
39.14287568012857
36.85376835351206
37.968771649278096
32.08306435135125
37.018168082377166
40.653871450093334
34.602888240715586
36.12063442322691
38.70073429814722
46.29520627960904
47.771110892688085
49.12161303721341
53.74911562376588
55.243289045011785
54.2686952298099
50.79153120650851
51.258542030785485
46.514718484424634
45.173203864928055
49.33955457849392
50.1290332738374
44.0956930776713
41.34118571176277
42.08922158346571
48.44157197237393
44.83227776140891
48.37569854526144
51.36562743496707
56.688476943213
48.24792289884415
48.61793678972106
53.1815021341558
55.947940377702345
56.7380653804948
52.05448641262001
54.047426414071325
53.75063140044369
59.19129100989533
47.29046764121016
48.611174674362715
53.92514298135198
60.89387122017333
54.2636459430457
54.49771833316951
48.72780394809942
49.70158877896366
50.48397844074342
50.84742226801567
51.803108658682476
56.65456419029102
60.43027668547065
62.62233206528924
64.0530725996999
65.6656717773832
67.35698465206026
64.19749480051884
62.85345534998707
70.75079959919503
63.30940995669581
63.05568718684934
63.29527252914664
55.885619481475864
59.08903593514185
59.143504368770614
54.63506653027667
52.18548124701677
51.15092271741297
51.75216192935655
56.765657200618534
57.688619040878514
53.86272887143784
58.38995427958678
53.135383122667136
55.08364853806137
58.02104306299405
55.183940857583245
59.36791627456314
57.45603221603963
61.83228880537792
66.35559333623034
64.46674662890018
63.120058615225496
60.7422229011377
66.01801496874913
67.96333911590281
66.46366564395554
60.41597097522043
57.34108819430737
59.32456405651528
57.50500544647932
58.04462101415732
65.59511754169117
58.35651882251713
50.949747752658666
47.26525846729714
44.44052041530402
38.577186241604124
40.44004122559634
37.45092652158158
43.991133127549006
47.08007676687045
46.623299568105764
45.79745891919912
42.43286573989083
41.83891587696009
44.81609855347314
49.473843014435985
53.36829814704919
46.18448839441841
47.95976388533238
53.58046977880009
49.10311709774852
51.62039874855691
52.21509568010553
54.51418591450141
58.108716206623
54.502785315302994
61.71102199354176
65.57886184597383
59.880589517649724
60.271940282182904
66.14390816325148
56.913458673320335
61.42308728867018
61.68293825544163
54.102073444957014
59.45683970087855
62.95135561227622
64.23057960124139
65.75179700691771
67.85278783161391
71.18476199252433
64.07904647773114
69.01183048638073
62.875545656664535
60.41081169502298
59.44610933871828
61.46624901885429
56.554168910114
57.06967905819878
59.771512873536665
54.81099544481904
54.278334324535585
52.69199259693283
51.00419939424206
46.639743145430785
49.04853643553153
49.14704857463757
51.01370906215423
46.594020294456286
53.64382094202634
58.37858142193562
52.39406627678376
48.49384551464499
44.19618327188899
46.18116282207666
45.30767594217441
45.102007323811755
41.56846301135294
40.21907515818548
38.789721312043454
31.677898130525463
37.24817684988198
36.523589205407696
37.08401765323443
32.364631578426454
30.78361663177187
32.416583803991244
29.605511306662667
35.375439946470415
31.340390701736826
35.83494934944272
42.747500344276
42.71328415675927
44.438407667139515
47.526157011862715
48.461609609428564
50.20226584874151
56.88775071717577
63.88688840520825
61.1252841446127
61.526639542599035
69.07527074872775
69.64879846415927
73.38061144500654
62.674402579723804
68.0025082096489
60.11167620432057
58.60712779569864
55.39973766147461
59.125056904677436
58.76201437807632
63.32541878558947
53.10419608084385
48.3345246343362
49.54709138794936
50.168217065112955
56.33399496546229
57.84581232948398
56.686570990578716
60.69203945891956
63.46920449491374
67.21873786715283
63.045863705968294
65.61853918813495
62.097580361787855
57.355983034961696
57.052600783232656
50.856809622379224
57.051118245527626
48.876324093227055
53.8540122620096
53.55820741704666
54.833938472499355
47.76820539925608
46.90243118052097
43.87052709104742
42.822711898784206
39.12407224934643
37.44658108368243
40.42924770755999
48.6218479985725
48.207120089020776
46.39026767809371
45.10797417798074
46.659602086483886
43.27939719331612
41.72340560648606
47.44906353958544
41.44671796528445
41.43194675653094
44.6514288125875
48.602351203649874
43.09949224663263
50.89404750522963
55.44588477123246
52.63337805342907
49.01965078430296
44.702837487370914
44.66744295879695
47.418536007902766
49.06572489307385
43.424069163675554
56.280475177016804
46.64934789654743
53.8014794241953
56.48875344208094
58.13215181434254
61.76036423770674
55.147867997913416
60.77530273342533
54.59262549631257
49.06769841403695
53.57919428728895
52.80183914297387
53.19201349328919
49.63904585055033
46.85760262508143
50.93469228024995
51.322582326195445
50.90825452862959
48.825769594915805
70.42027979880243
50.01637767350595
49.422024785032676
56.50022883698732
60.850713302315796
55.33574291144497
61.92432348960759
57.1892197330549
62.44221237051008
68.55022324792438
57.96920290408025
53.8861923435513
55.76099310525898
45.13549000984525
53.55587075720899
57.15738932452253
52.4909260175627
45.344867946026646
53.947966537542605
58.36406578721913
54.98351656412376
58.0039816271459
57.278359753006605
60.297199930738266
54.56300687808723
51.80163962122566
52.56827608656292
49.98046609675985
49.52588852074259
52.795445056255744
55.17063678229259
55.490609745393826
55.407836401809206
48.835599256321714
49.31081206633397
48.25339619094586
51.78392199129335
45.99043024963374
47.0736523683291
51.494136455766416
55.50830762816425
61.60616508198843
56.376135693413666
51.57972023842464
49.75664366394647
38.22036167314937
41.11709958227016
30.359426375492795
39.3245065122838
41.58969567765899
40.82988705133544
47.94195846705346
47.2689969224209
43.153682183310444
45.22285885788303
40.29870605398773
37.88084596870948
41.618818818982255
40.88623387078043
46.98158712969995
38.12145426049872
38.77611466096757
35.97209734017687
28.967811674534065
39.17140881085642
31.05173526341871
33.60936391010927
33.57577024775261
35.34443745104609
29.69587801163398
32.57736847079071
37.262856541729874
30.413265536719585
30.229755445490785
34.82440672409449
29.3982997205911
33.16602516225207
26.296105797524184
31.95386352137488
36.626030394499516
41.670050561092516
50.02781042800529
52.74019489386478
44.297072207647886
40.22151521561138
45.52958473726288
37.45509040806996
31.51663963414421
30.677841491097766
39.64041747122582
42.75245229276503
41.48383416450135
40.440139279081
38.325639374326606
39.172521018675305
37.996173543140415
34.42644022207179
29.470596544966828
27.985042523567085
23.34661008311835
24.12919844954567
18.737369063269195
16.87765919769051
17.437266444102853
19.924939721717916
17.11097858874471
16.122125080206043
15.437974975471604
15.964198201263692
16.681868858616394
11.398934477137331
9.532477665921967
9.377081682612847
10.772323527190734
9.832403824564324
9.896408431028075
7.172598082263974
7.237966842732213
7.591881495170325
7.055184867859627
7.140379393057179
7.021074595253292
7.644334598766107
7.566132995301288
7.244463316497871
7.419868575423056
7.5858340052250295
7.398153418086142
7.797132561220613
7.030908132210486
7.297177267505547
7.063374785359689
6.970489871865215
10.327584771513713
7.391048534919953
6.738427735869878
7.152827557339995
6.581792702428048
6.529801923804397
6.916141448676676
6.579044812643757
6.47580995488703
6.908729320033247
6.308685027474011
6.608782336296669
6.460792648019417
6.293897458191467
6.834483385104253
6.216154760030261
6.6693371564881865
6.53307979878447
6.507142122397821
6.487815823744506
6.363019032836039
6.2001067455672665
6.243133842030518
6.723356335281836
7.103354915198216
7.6440897866187605
7.004035153417557
7.0377709812104134
7.269059350629941
6.845761894763803
6.790048916016956
6.9384738711358445
6.539497455179491
6.827364426962681
6.804934245948165
6.966006488584665
6.708470788444911
6.9334736163948145
7.359877853705208
7.1780206144034535
6.912911037755793
7.075117520094466
7.887989491924342
6.6113395682575975
7.462126303460222
7.309558831160219
7.915550803445823
6.856336505123423
7.557626667692134
7.284346566425542
7.485986492618741
7.027529840047794
6.374721000213924
7.149081749024769
6.973175089961869
7.490300617994015
7.094398835288247
6.425032131417019
7.062554048818581
6.4863564716142
6.9832853594145075
7.63384560378982
7.680072826533981
7.8686647665659635
7.080089297418371
7.444969780058477
6.666305881347764
7.442015872623029
7.5871201776570905
7.905562614620029
7.757604879118672
6.542987259911574
7.194290553752681
7.364241457587981
6.526035008293181
7.5888346107208715
7.210549944283602
7.249383692210056
6.698367939253437
6.630732997500781
7.7520219445380025
6.560230685818566
7.254701216784085
7.17025760866998
6.907655817247077
7.645601436313675
6.580216635909382
6.398621685589992
6.220599535097764
6.549405798408062
6.74553256835274
6.57786348559251
6.360800008896787
6.72210054392625
6.55966557156315
6.794970315476315
6.448409043368452
6.3876885568245685
6.667377654659299
6.575346244642705
6.59373098568262
6.416867626201113
6.238318818523959
5.957890890235282
6.402405269383668
6.612950966437205
5.2727476068003645
6.785290282537567
6.639041340519958
7.5905095722282185
6.201002248214358
6.620685938753718
6.773586780079493
6.558471222616476
6.544787630904131
6.799844735904891
6.271035175444245
6.949549051110334
6.728101178211424
6.738400520850166
6.806643825847774
6.626931509922446
6.9938458862236965
6.439382688246095
6.824112338039914
7.00671144902709
6.580335837921218
6.555411739120677
6.450383230078577
6.542190294667743
6.299799369509859
6.691107608722781
6.221919464957057
6.667292741287213
6.278515126986587
6.509860239029775
6.014522763438377
6.811037740385831
6.67323795197087
6.911990734205885
6.97074942960026
6.499397619246015
6.349880920370535
6.950451166064304
7.240872100706298
7.197737005396007
6.543221775717522
7.051498849338057
6.595252728318328
6.726431082236646
6.270792717782125
6.36572930970815
6.692040184800313
6.605640822227671
6.592699159524265
6.476884644049987
6.761844484682787
6.642048168248148
6.7484254643218025
6.382001552403181
6.734481527242265
6.54731174119996
6.923249533622111
6.5417962817353805
6.674637266114712
6.531280888203777
6.473875334979061
6.307609067625027
6.611391303971895
6.570222202083462
6.389358649939481
6.4875186091008565
6.446433669183313
7.078736531530646
6.930243195015281
6.366250920943215
6.834791605143858
6.442388380888961
6.175451320741136
6.507032518038064
6.61540820423142
6.410106703672294
6.58691471477096
6.840641122888885
6.710798974818231
7.05772975698016
7.084947186988817
7.058243640605825
7.21157320860829
7.139041764313532
7.0772210139520935
6.891129728484442
6.596676903804776
6.873935344448081
6.201807196327479
6.636130120886748
7.099522830810616
6.706568434366274
6.665532533413845
6.791295626422612
6.8111419071805335
6.658508872587624
6.703551840726147
6.984832645972499
6.9915654703360754
6.3789571598148145
6.391024670042206
6.9016065173438665
6.692291116350042
6.027206477214859
6.536617710111385
6.10025357182583
6.396677066567111
6.639614002772294
6.773080691484848
6.917691044809518
7.006454260547748
6.576625005488411
6.388783035283218
6.558452127060601
6.413471638952015
6.240403334676612
6.607674968147388
6.168224244586908
6.876066144381243
6.827112314477755
6.594810151545486
6.785955480843096
6.7602438796230535
6.8470726994688915
6.679715450696596
7.0035720272563164
6.43105747435102
6.59598483953528
6.586871358749691
6.718408230010012
6.789113384313631
6.45784712805082
6.544726021551184
6.849339989206626
6.210151782139685
7.179243601365189
5.955530855353747
6.705980826685278
6.669316215019063
7.213209996040544
7.066726224068899
6.342756661672539
6.604596725591655
6.799130346397363
6.888489489341494
6.323901268131178
6.199644716193677
6.667441630696674
6.30875113591436
7.5449677362537235
6.550764702555034
6.487395307032817
6.550127433755217
6.704231878342362
6.642517015543187
8.416485778289696
6.735134247037045
6.606403433947807
7.078091266616218
6.33574743807712
7.703506744546618
6.4984075309960865
7.258336423063999
6.210827440409532
6.526475420351841
6.854163272207939
6.44906922712145
6.352039274988783
6.307075631120553
6.637882036031907
6.615916377958702
6.282914908258965
7.059033961274074
6.72413433817599
6.360160752778617
6.50949619826865
6.535063120039373
6.691768540542749
6.333681187038597
6.856150846559937
6.704265878923755
7.025422181344378
7.133507277009732
6.72145195463609
6.834943144891051
6.804427824384262
6.992751491284451
6.68043161791541
7.000988061811639
6.596175415226356
6.234545977446687
6.7654044553341635
6.777993411433648
6.505187077157409
6.5238770773193275
6.98103757672181
6.5989343922342565
6.319856688131046
6.900469433298209
6.668980622058657
6.55180148720368
6.700373121526122
6.4679990412113995
6.544766256140266
7.84119664018064
6.771194280374667
6.6132678719981195
6.074043582097637
6.6055131170781145
6.120686893941238
6.358170038049001
6.905300241074471
6.468519980930495
6.485889116718649
6.503421178513478
8.221780229041135
6.749851240668993
6.787635468639272
6.841922407121828
6.970272576992596
7.483280659438247
6.927102548915869
7.452475424834433
7.315444356928555
7.607811681604059
7.116188157963132
6.978590447796871
7.41028529958551
6.701622391809961
6.2965347954578945
7.0516415422039636
7.163011560322283
6.517963980428936
6.720256189300839
6.687708762572365
7.307272826965702
6.928055736067064
7.467894327027217
6.52344569862489
6.1814307701279985
6.398706692956922
6.328111234906301
6.692449658628501
7.022747644341728
6.9938010312200705
6.679256874650526
6.409283869406835
6.57052792551691
6.509655155228498
8.453805162390559
6.4613172618626535
7.22296720300274
6.810447283817139
6.838119430954707
6.422064585554617
6.4393020900056195
6.723626073702401
6.646314128237436
6.972930817398315
7.7709017499502755
6.803628352185094
