27.57730342310493
27.57732465768584
14.14579484625021
-21.261094444870988
30.867591428157713
14.572526934974027
27.902157595281846
26.05719932105932
-36.204319562816714
-50.42303735408208
-18.628761368129982
-34.58639781575183
-47.26175694054727
-32.58533156093188
-36.28387791072352
-34.158798563998616
4.764995241174591
-11.215669457515224
10.735543836340128
-13.575910715339926
21.899638091405116
24.871453270597584
23.86654304932929
-19.710027494119007
-26.853859801051335
-19.09828862356249
-26.4697791980068
-33.993510170684296
10.498330071235237
17.993391044644518
17.52381059422563
14.314844402890321
9.430587027610871
-11.765332317917126
-22.711894160486903
-18.654684651509214
-13.337857610782704
-19.760943397090085
-18.072111157115852
-27.389749201882882
-13.350674702911391
-12.82181838283574
-23.04934146992133
-11.259167458544233
-20.52150658120206
-9.419693168354478
-30.76825799642935
-39.35297120561242
-34.548613871214584
-41.335526951956304
-21.774095262616182
34.90357101127665
37.66142731989338
25.315863003809767
12.002299631636303
-9.1039895832243
-9.075624566581768
12.271162421905908
-16.699703621785922
19.6055027958528
-12.768833628524554
-13.769810101871716
-8.097420921964131
-15.764482048987318
-27.078616274179925
16.137488917640756
21.376013975486565
-19.138788872096956
-13.521011856036974
11.880939611845827
6.516428789697955
16.7015000534849
15.56816717371685
-12.312450603358336
-8.740698627180569
16.91464138046702
-19.761025773915346
21.384111052616486
19.097067711331473
-19.492911679089648
19.823717699958085
31.962170851595005
29.835850475053633
35.56744038830819
8.865096677072852
9.1390571220421
32.70453489783982
18.324883071645846
28.451417883976124
39.20300560869532
52.5883094876726
27.585526065420822
18.77616493605918
13.007195473065265
24.219667480831014
-9.991715345708071
11.570710885883853
-6.939667898059883
-6.747910163694398
-16.716350248336774
14.171181051827563
13.595986714479917
-9.799808125315733
-20.14838479019012
17.775168389683156
16.67939501248993
3.1411431019421667
18.094737062498425
22.94410188708074
-19.82591437514842
-17.595478480895732
-28.51120481985807
-34.05303601735453
-34.042982489106045
-35.252080206341056
-46.747353239393284
-58.898424418145524
-34.01911611755192
-52.97015886025978
-35.4329031428123
-14.21582641173089
-24.340906620214295
-4.992968065482063
-20.821236173639882
18.967992486561194
2.050601514403257
9.795739775122556
-13.989573198750971
-15.076224667937893
14.059894387515037
-15.657165644906694
15.12696156021897
-32.31705734703935
-1.9536011160810745
19.37518087927153
11.062956975420429
-18.14929442358916
4.60870077181611
29.006433928709473
41.72514986298474
57.328489412684696
41.10366084315677
-42.05912226058465
-11.91646790075403
-11.235349155229242
-29.7233728317042
26.03844015964518
38.44268751641918
35.36283536277993
-55.69457858405519
-48.00032633189196
-42.17362037452362
-41.31290617975908
-24.49979699255407
-1.262061980548882
-9.4035045559597
-22.053644962275435
-35.55971899914234
-18.684777178162346
-28.33629925152468
-20.40678504800153
-28.135230972719686
-40.275083110455306
-35.63994769774142
-47.71444264736626
-37.55707379395362
-39.48332643999305
-23.82465453143972
-22.962385095674012
37.56374388497798
28.187330522267683
19.973020266682852
11.118437603889978
7.903183560859275
-5.618465584757616
5.67038931897682
-14.976855614482918
-28.824730489295295
-34.107221404172726
-14.055137315846057
28.029988762481842
-19.09397053144823
-26.354149184075386
-23.54565143163038
-11.12664318033447
-14.660737240241165
-19.35045326588663
12.997119346109155
-25.20094452548444
36.491453758702825
37.23263166637842
-24.08476640239316
-25.617633093913167
-20.16016674159755
-27.188049905189846
-26.438379875078585
-27.55311083455074
36.69880631533116
39.849321907973504
38.88636122048101
-13.684974364915217
26.119417208013704
-7.0617982696259745
17.399435751111273
12.996188205459834
21.66807975893247
11.460443100945287
-10.483606245490897
20.021008228222623
24.326748741840554
10.690171285774031
-16.861529978618965
14.074754022383274
25.42248172613441
22.987951428226378
26.762148367684183
18.674927066334444
-21.526936515730895
46.44636352912232
39.7418377389498
-34.80390806301894
-57.230230481470784
-41.2564243024388
35.25245453270648
-25.96902328660437
-22.052037375647508
14.864903036981735
9.183046965732004
-15.437627807711344
18.480390026431483
21.684451637280624
-7.37414525519292
-11.03492671514115
11.599130743572978
8.027973953167393
-7.320891978588151
-7.165403230736221
6.19073154802142
14.683716917878733
12.632161818456336
34.645009121848005
14.494400120686848
4.4116804909606655
-25.62352745931314
25.347810504134184
42.91720199472911
30.425642932117814
-22.27948400775394
35.36815842816702
-32.38572822093326
-41.25652933455991
-13.253618667181083
-21.797422879676624
13.996564240341216
36.14813108214532
18.063583199646864
22.09720686163556
34.696849449971616
41.1278758266893
28.03481107754498
26.49687918504749
27.491298776883593
27.634049442994964
-11.070850524970817
8.124519664983675
-42.54469791756729
31.89649779486653
34.650819955931944
33.50090229572604
41.812326814336316
-21.34257218925481
18.974626579256622
28.088406205499307
33.53489089597371
17.978567928501146
31.227245821952987
26.898128560173078
10.56058312268654
29.276403680161984
24.512301262789908
33.93770302010198
19.249856698318535
8.959120480655857
12.680241282276935
24.119460390869726
26.93084859125812
30.634419828950364
41.52031086957714
35.6957978643035
21.510239982346103
27.288660887834027
16.699405539774464
17.590033698388662
22.934280192368735
36.585072112675554
35.624396914837554
27.220541340644772
27.839550195697324
35.097515500457575
21.38640521074002
39.51118361267963
38.62359663358765
43.660304006392515
38.10076440475197
43.728069794619714
40.18469904289299
39.16581387342573
25.36895955974538
17.584968442367916
-20.443062872781805
-30.624803320233248
-35.911642406996584
48.80670404818339
31.145857217464865
39.412227836050505
28.283784010249047
33.209922917889294
-24.070933813744578
-9.956921820378803
-12.816011328895911
-11.260116321783489
-19.80941557172306
-36.92908304486145
-10.759870089302675
-12.72523324652189
-15.282848204010191
5.7282856382260725
-3.2998513984407554
-7.8642593991185485
12.080560510468231
-17.46973469242968
16.26962931184946
16.815748934795177
19.291680088326032
16.613285391538234
28.7144457056129
27.86181522396537
26.44535307709693
25.128240418470646
22.16448073614655
22.508397165169313
22.86288333345698
16.081051330956466
23.76549156052968
29.292212289947642
16.447013494983715
29.137560310042076
33.81017526227626
36.81528161621672
31.845854533789844
17.417105568351246
13.200537161241188
22.409048314534026
9.702999013180383
-12.208778683394074
2.497527738875627
12.935520324200777
35.05164387609365
27.56178916981986
22.386478117268986
-6.85150648247491
20.399309154542646
12.575354091976607
17.269639226287776
21.8636468333148
13.29649532433074
19.63914077876335
-19.36596997831586
-23.386669558915333
-16.2663158089284
-9.944457245007401
-32.90911286978915
-44.88531480755159
48.80452561039581
36.67203230217752
53.043509683638625
33.15944605563495
50.92706915693126
48.11182661303978
43.762109549382494
20.616430444321963
23.063498127285598
23.858558212626534
47.38106689250169
45.46163887353668
20.669214058727285
24.50699098659233
21.705280472375154
22.69642607920705
24.187439006418526
-16.91998742121214
16.56625426572871
28.447359999636536
31.5556067541228
42.97426688668686
42.51991500182842
48.36630059512641
45.28061724367989
45.72364572289959
41.01374979342675
42.05089547761486
29.801587015842454
29.423998887181053
46.47726230232407
51.9208615666124
49.36728470469196
61.7218308733842
66.5127935524143
56.377177629782054
47.89796219491088
41.288697676535946
47.012250935994125
47.610058658101394
34.376215550541275
42.96405894618569
61.52260688595789
61.20960987559989
46.8632573872968
33.72083775238678
40.74793158805463
31.795286403520663
25.171237367018474
31.41375598008622
33.18417809738758
32.951516300949564
-5.828353872206089
-15.350120937076124
14.225332553386888
-3.839021645620128
13.990059989340597
26.84672397071404
10.62042982600037
28.857601604802603
31.035095547866543
8.430753148843369
11.3907220789627
-12.14383422704958
8.724585977471275
19.574233226783754
21.634114640708702
22.669631907160984
31.166406421552576
20.561711214436915
38.30078004274403
20.56961309687958
44.103444541792285
48.3796857004817
56.127910397402694
39.590752072177374
28.912133186968955
30.08969479026001
36.32669379909352
32.81232169399827
43.34917018556471
45.43800240423506
35.724497416862256
22.916887704389204
10.183842437832098
-12.179695046298345
-30.51936282688571
-11.146500237883325
10.617845666284081
13.017494985592778
13.562277333592476
-28.192898165411652
-33.590312146400315
-17.171126092532447
16.3122372960484
18.152834834706162
12.657354042015585
-27.219983161610493
13.367846574321849
-16.530848301072595
13.699932097356822
-38.26626635588043
-26.937592192434145
-18.54110875348075
6.06571239041897
-7.845891921421887
16.000193120010863
15.08313343424154
12.351164556487353
-12.299161938475102
-23.19707941796656
-17.17137089789571
-33.7729796470212
-31.208018410919045
-35.627418358040906
-36.32650592616927
-48.09143778746749
-37.254112515242674
-31.299694432841008
-41.24879930338574
-57.12403552912498
-60.95837724583522
-43.12075909126969
-21.763863478306085
-33.294664266100845
-57.78056875282599
-53.694508917288914
-35.715224082570394
-43.64394279531577
-28.745489656512518
-25.50730751908007
-36.78770549612361
-31.246763864881643
-22.194263840887277
-30.518094805746458
-16.825986074647197
-23.168552219537062
-19.500924944924375
-19.57264177019221
-34.34991300381872
-26.489409506300138
-22.87396923217613
-7.727360049022347
-21.72287524953755
-10.106359658912474
-30.321962228789232
-2.1749044286336114
-11.332885827710987
-3.454680893485783
-9.557007812421434
3.280818205165932
4.598781531103984
7.256574886875421
20.38489716335688
20.86985290753164
12.650441274463736
33.67338735302049
31.248203158531634
13.900166517217333
20.227396481857937
27.87568896773015
42.65055380835946
31.923838824072888
39.0077850295377
36.759176235476794
44.66133023417918
26.010202504195075
35.06207108905196
35.98586283926723
49.4000183700308
-27.78441831849723
28.519589671522432
17.249674157135885
33.087101000658194
8.446088631976357
-9.205916434924058
5.214828166369017
7.469427296313897
22.254856699370993
2.0211830892090834
-28.737937362927905
-21.754968557266437
-26.90487603690333
-27.880035441040274
-18.64346872001526
15.349862969495124
0.9068064455556807
29.682527214143
8.96415618192307
12.855410163557544
-36.64296369164047
43.44947679746447
-33.34539906846639
29.8107705753873
23.123662990441602
3.703202449875758
15.775966531279998
-26.20870412450143
-31.647418891148263
-37.918396551421154
18.425261872081975
14.877031818024564
29.779740711238922
36.87947235253082
20.712244075085657
31.300023526116323
30.54373212570192
13.953942539126384
18.596391267263947
11.940082080806368
26.796533993459448
23.58995737585834
10.433662743923664
-9.072271813958292
-9.001365027046754
3.7557783279258827
-16.428008066786354
2.999900309197749
12.61629821592427
21.99276328263049
16.351178114300524
16.0678595300379
17.14231045554032
17.715500782699582
32.505541163748745
41.994827915084024
40.43316023981437
28.81765287751856
39.19420883968502
48.44048662879771
58.732942125573594
43.990105899935486
53.21461212897295
57.20280049295871
51.86549960796157
53.515936224136524
45.24046729502996
38.90947052973439
44.25561404460149
59.167531703540504
69.69953208722109
53.647004918294606
43.31631119615829
46.33424863832428
60.85604504050487
43.91354805321682
41.3266737145631
46.04420613004409
39.00696577246413
16.00243587873061
42.66601707794583
29.572432938892803
36.14186623525118
31.6947053760078
27.824085834061744
32.360119419228525
17.219136330782625
25.579896672052044
27.385764723115415
24.25168569489459
-6.858864587754877
-23.140107955010848
-13.325057119383153
21.156182676585683
36.66369557478289
12.397140987547044
22.225052798238284
-22.753375480186335
24.44595598102383
-8.344283323992846
29.931317936509807
31.230724202085273
-28.392544335415387
-12.324734768798926
-27.973315186022898
28.206046588074614
11.717457395818737
7.988645173103365
24.04510002970156
-6.031172357461365
1.4933434854803624
-18.309480793086593
-21.664508644237873
-22.775559688188967
-16.986472860921875
35.781664717656035
-34.388629148412655
50.9675657330442
40.78529181722062
-47.176118855767335
41.73921762829334
27.567185550098827
41.69313056301237
40.945064442308826
38.144729108373205
25.44474005713398
47.05182693216544
33.088321014757895
17.432728658450326
35.18800178167331
26.53455039962155
33.65049764171122
60.71712927721148
56.507502756166474
62.68432335232501
63.763342560907354
40.020823893797946
-48.64271577779482
34.945190160553985
36.77616956624532
43.06692044584062
32.254861893918395
25.14988496323262
25.466733584533696
34.861563407941205
24.15809903102449
29.877631015656487
35.10210458605432
48.3180469598677
47.799205373000035
48.103097349037796
57.65654294760432
44.13889129031774
37.6052462435335
41.16876952304453
20.403151795296374
23.847949673905948
24.52821234794883
34.857423197162696
-36.30313336931598
-55.41672541726775
33.74711888031731
-42.14755765072659
-38.0019953647482
-46.16991450833441
-30.931059869789625
-42.256640256571046
-42.458246803110406
-45.235354986672206
-30.605949528215763
-40.95205443769673
-25.577622136434773
-27.835023184410524
-15.457966111841536
-35.334429637676365
-34.32922547431581
-25.969795520023222
-6.435960089024188
8.426682981084133
16.855973344789888
4.888665816405989
18.200653084909906
16.147079136083953
15.446547298689493
15.052919303629821
16.964093461231414
21.73877560718176
16.794536260082317
13.008963746508226
-13.375648637927755
27.590230824959498
13.700857611469404
12.443598896622753
-14.644994886584053
-12.870107173534647
11.530195083117079
-29.58566721967624
21.945572888277386
-22.038231674576306
34.32380488303974
43.675272525108184
39.91878796362456
47.469920807891505
44.4130798621444
42.9226374084603
30.9033143608352
-17.370864883522852
-20.762278539007053
15.00677284047876
-16.281851983630975
23.256574022817773
-16.779227373160964
-17.258192047277713
-11.64415131026293
-11.261996452141306
16.170916009410334
11.786828724368231
-8.396826788918812
-8.628437675222614
-8.961784212646728
5.110068303364756
-4.394460945442205
6.175582028024573
5.704653633754432
4.228782506100964
7.1016616101368015
-2.8130331337226395
-5.817796173069091
9.695120403854377
-9.532998916088184
-10.472783290346632
-10.833370957649919
-11.512372980977789
-13.315850711968793
-14.271367901348546
-9.993773739447429
-10.435050198949058
-11.575900170267227
-11.648744704904843
-11.863933217600325
-8.339378238401784
-12.62728016961797
14.572570120127706
-10.295091345347931
-12.329997941888864
-9.123654237200958
-5.394394045644735
-1.6132188308507143
-6.165989693272422
-6.196317532341823
-8.173036458113767
7.690750383798067
-2.7862165844061924
-11.954730567853256
-5.2130076508010434
-6.220264645346955
-8.39184515575847
-13.232512640940213
-10.713727277863802
-13.120428180424163
-12.048892034978191
1.3540605332434965
-9.627852941759668
-7.332814088446432
3.0666332607674707
4.970459565486436
-5.248538394958392
-7.203176393638217
-7.236074642911585
-8.767523408695867
-3.9622336966060683
-3.890083704404791
-10.088418758055363
-5.4250527174764045
-9.490817431488496
-9.761688648196598
-4.009574715197182
-8.351936999005183
-4.404049052102365
-8.294079525599985
-5.22127906182144
4.95153360628099
-7.548254470435118
-5.78085472320865
4.361908960491535
7.144283854861501
-7.568259225581741
10.540924122826487
-7.5062893409119
-7.462277069882621
-9.92258332195088
-12.92827460899663
-9.734121844791797
-5.583775386132816
-5.599362905208492
-6.4057848090203455
-9.564488273046637
-7.837232697386863
-8.511259504017307
-10.50046504656603
-10.63309827292473
9.929756243869804
6.686888939325472
11.440076284993097
8.277962324123253
-8.673067726319667
-10.988453633543282
-7.871103140156432
-13.626633647687726
-8.618106093596099
5.2234368854869
-7.018287488308769
-10.245640240254932
-9.000706702178686
-16.57831423734624
-8.481892219047781
-3.279633149029216
8.014132746709043
3.812778626116404
-5.7367218940220575
-9.636600094203082
-12.871224956870877
-11.24852263776192
-10.322987624419223
-9.499395615596363
-9.702954412456993
-10.00551358408695
8.674405431336053
9.585774796505051
-6.733373163655943
-7.769715644883326
-9.720157448241775
-9.942323807804222
-10.001692906634199
11.397097994227872
15.669031658691628
17.683725854021425
16.77822529706891
16.81297332403654
15.41731750120597
21.749630492758477
17.216320552847286
18.14280116848065
12.167744015920649
7.961835829738065
17.958213835369058
16.413582775076247
14.937859212374255
13.597202917361926
24.69243123977142
20.5782566719086
18.985237901851853
23.904395178956573
17.12633372692821
19.96785372266597
23.592651309424117
17.043321710908174
26.898482949954527
20.618097840812815
28.4598079371816
28.637863601037186
27.752652380235148
23.507444412598304
36.20899704204228
39.85169024707004
28.493118849690244
34.26238785483367
22.907972860121905
29.832412532138235
28.39767671399198
24.439279453520555
30.499646036791574
27.686440843043787
29.812893165949564
23.97553352442972
24.44332740773743
24.00976712464151
20.712545124292355
22.195750104333076
12.285032664154135
14.155914554096448
14.462032101767939
23.45192109133754
17.576047035445647
23.49509170512747
19.619403808799554
16.736330351262453
20.760540066411192
23.902890367283383
23.932896369372877
30.661135961409677
41.03971654468771
30.559081481423554
25.50173127879904
29.55843517911055
29.408026819676603
34.47306541115397
26.00207724410416
35.83845193690293
33.066476077816176
33.90845007892411
35.22551704547792
24.410828930062273
22.931595663000262
28.282673820578374
29.324991595660087
23.978372295520302
26.948688799190965
28.983930240978413
28.874474643410505
25.671719718660082
15.018515955551008
14.874140997400389
14.437086328165396
17.16236945620864
18.014749656841058
23.05648171738345
26.502621345582252
21.363950307475175
24.00446856737152
24.65860583663284
17.505477825533863
25.014823627263436
27.519712500988376
30.468537384957227
23.71653602440171
23.641240510069416
21.469676810778008
23.723248880923457
25.09910963696053
24.037680682740305
21.509280716097937
23.748450076297424
17.949620047061448
16.616786053875074
24.124801286016712
14.604155572452354
25.509038340698385
25.414568726216096
25.056736108523225
25.28580281167203
28.18008851718969
22.05111532314582
25.391138209140195
19.181794220400146
14.153604129338746
17.39928393040048
20.77854791348043
22.50713301235828
25.410396160244776
23.860478910654862
19.77667145872544
10.125632029855625
18.336442131882052
19.4073989795804
23.108904638638855
21.619296268410984
28.648535423130777
30.963939790037127
