27.57730342310493
27.57732465768584
26.229100851488212
22.566460524642572
19.75990331416804
13.187903349855029
13.02505504780184
-30.898745981951446
-18.229701629963454
-14.157174764383585
-5.194874751771962
-15.615285253733886
30.165811390037927
6.5325880107806364
33.54213447625526
27.39648269458775
18.738323836919534
41.41474664639356
35.31238649991651
13.53662987939995
24.109409764881256
19.426305121957927
-13.818097735524256
-10.628825342641948
-26.817384933573585
-18.007965041799263
-19.986149285913726
-19.6759300196886
16.77013208669524
20.346695492488855
9.61121571599931
21.854350811829516
20.59646307670834
17.587276012129017
30.551698327806488
14.886141514124962
23.352294363440784
26.44375418055238
20.848637457453584
11.726624843741382
19.547673663135065
15.882739630761073
-18.810790073495166
7.115950796073561
-3.2533233200150073
22.397709600528895
-35.5548447960145
-24.13632600737038
-42.15359643791398
-48.6654038138462
-37.80997944589802
-26.767535018449014
36.1880916133106
31.117247561280685
43.58891455787062
22.524557984561753
20.22318077994177
19.55713546772182
20.852106397668248
29.748809035460113
28.874086508563078
16.461371716265635
38.41412666009466
-11.649571443589268
23.788987052913445
28.708989662408094
23.436361204155673
27.883204145702955
21.263044251905693
37.06004695818252
23.944527293871275
-9.555559322092478
24.22494606049179
27.221533406762962
31.935934174195175
13.459334126710758
23.354999738232312
25.37843369986234
-10.42810440226692
21.144376332575355
-12.332462648182835
-8.890135193322358
-5.3274875975740805
-18.23118000244521
14.89286275908305
16.271271161866434
26.47096021935357
-33.597964148964984
-26.93983125837805
-36.25917269497804
27.506137224274934
32.254574658848746
18.95868269336101
32.14049849800173
48.91034493180007
51.217536372617275
46.8127509562014
-22.80369191551795
-33.85522292723616
27.67824985886321
-18.197215752021886
21.95991030410785
23.17174054168184
23.120200605880367
35.04312345645771
38.45166830378125
41.53593378442872
32.122062189834686
34.656529613989015
27.092274903572836
21.163864549748627
13.234099817327479
12.966407406718748
-8.04442693329661
-29.84138206391253
-42.044021760901074
-53.71013530846796
-31.681388182674482
-35.76855689879212
-26.32448402492105
-18.609859463944396
-19.534676223089555
32.06720692918727
-28.82465270514668
-33.29557524593275
-51.85666123899325
-31.763074545223215
-32.63252184377367
-24.701452661258852
-35.772837306597516
-21.542596052713773
-31.97572682389132
-20.955971525615055
-29.30103738035132
13.419231601416723
-8.852356357186117
-31.550245482144597
-18.33262344903783
-23.68083650884224
-18.465420224204205
-39.696810653503796
-36.644595589637774
-23.473399397209608
-14.626107623860646
-7.0480141309655435
-18.255552202250374
-6.092462516520107
-16.633490211920794
-24.7855459349308
-14.866338170441997
-39.25054692811713
-45.28988432248293
-38.27640305089586
-30.655945848658522
28.89612454199181
30.214463577058666
41.794271112232806
35.57687030195591
51.64614313649969
40.09193681594946
33.12523580963579
40.04038246208329
48.84611399478493
35.20358308952801
26.5208330674741
21.432110224154066
18.395952873072048
14.922708001659862
-8.9903117899052
14.02627629500309
19.74663108418029
27.392601237792782
15.51527753100193
26.301679416007744
36.80451479261046
22.37421991634643
37.39813662643906
43.340876294001966
38.082521724807336
9.599995700152313
-28.264506037246964
22.536429471557515
31.352927506873026
19.09744089733051
-32.952677417723514
-44.38776171068174
-18.986238813117026
-17.76866870806876
3.735501062284494
4.214078855316876
-17.020129178344174
-23.30565339840743
5.056009841985108
16.80593236755497
26.383714056466825
12.924191952831206
27.504000997836965
5.172591662014244
1.2964520847230874
-7.800361534378741
31.54427222379802
51.052494803431664
43.09260439742587
11.188736060813506
-29.57162820414574
-6.195218825290283
-9.550502966047587
19.716540202943854
-12.306456825273647
-21.39943858763576
-42.350049722160335
-26.83084515551016
-31.968269653320355
12.480623470745872
-10.306853127126322
-30.55453322203354
-24.134471236419532
-26.652262810049262
-42.55553911259674
-57.45983464849435
-42.639554956306284
-43.873012610216925
-32.50789360355021
-23.02256411777395
-32.88539930699017
-45.04157807670382
-30.512701985103035
-42.17046201932922
-42.0167575074768
-34.752070327485825
21.811206628023335
23.153322902313217
22.275503322551504
13.655213687603748
5.180478858986981
34.116900070423355
22.491619830181378
12.341798415282705
15.467032220132973
32.87783879206375
-31.193768151698478
-25.28603494111093
-24.417743910317405
-35.32150178390409
-31.074061235155767
-38.389605232088606
23.521232286628216
-37.46810723513626
-7.633855259597124
-15.268512075809722
4.35329817866315
-18.974902009723305
-29.27408053747202
-17.25656232711935
-20.04007876245037
-9.569451392741058
31.821339478439015
20.69841324048564
22.854530021996354
-15.757042858367686
-37.2579137865413
-25.36422922905545
-36.66694330026612
-31.608591515570108
27.92429327610268
29.747042921300377
-31.471687720734376
-20.990771579505147
-20.358832910057036
-15.589251431267455
11.841984123360254
-13.193914974716124
12.938037980107392
21.719486705784174
14.205552844639676
8.110084197359804
-22.6040224673107
10.859710477422365
8.699363886478865
11.14404034633606
12.449668176646037
25.568475459623993
18.774330191655654
9.732339767513592
-21.59658040129814
2.5791127450499056
3.7862200505999075
10.174940484052915
30.896695356975282
-20.573210403276686
-30.009149475619406
-11.450348384819389
-20.954639989204743
14.028419650632971
15.177659649666522
3.8748404620254604
-5.158178394974836
22.862812157945434
-2.14389557930469
-21.211155501856396
-17.178589227000174
-23.24815526158931
8.999948669051177
27.983822554754244
37.13381807116728
46.621036830859715
31.81549668088126
-30.227570376619283
-42.72711540263618
26.730902213373966
21.72239246087834
-28.741614369162495
-12.28521710258627
26.57456421778723
49.33157732543391
49.478771614127396
26.150279645527146
47.99667536828102
29.16938130730447
40.89611091385424
32.20240220606552
-26.03765356090636
-34.99632231576769
-31.30522607967767
-29.248699035077895
-20.484864708112752
-4.507077477775743
-16.436480076515366
17.338388553301524
-18.264796737099378
-35.79747604432866
-27.535465745508397
-32.08217583868809
-34.76679606177911
-20.383524875682525
42.220478537750715
34.051097719634285
37.64629547854228
21.632246253062654
-36.67781224228956
31.91368421813701
28.796216661110595
26.1796380893969
38.87344736917142
44.02339328313122
37.06780255064757
56.47813465969311
-56.12182739799959
-31.22838493024043
-46.6900808618056
-51.577406594920866
-42.9400591343377
-32.74805039369058
-24.367211757845165
-26.560892243817662
-20.296559269563964
-21.075590959723318
-16.79266158628399
-7.575796889814341
-21.168991317532583
9.428224988578261
9.821634751709437
-27.03824075257169
38.10330204682016
25.173354653294968
24.141262737205537
-5.5919655168354705
28.619119855429496
-19.71045983717145
21.508410347035774
10.825201920688833
-25.11105397407741
-30.296335949151178
-18.14332315286871
28.46172771698497
25.08491912647204
-17.064746758436804
14.163452549813575
-7.1276427918610565
-0.4714846506582819
22.72119278178787
13.702209286791026
-16.385420354665797
-28.914985708970434
-26.751719294936972
-31.545028395600646
-18.601093178729798
-23.90461021722817
-13.867516640232994
-16.214097726792183
-34.09218562557879
-37.30947405337719
-29.56138854344207
-14.48961049601843
-34.14374490404977
-37.13032195020033
-8.87826106672911
-24.647497402415272
-13.96393142313639
-31.428871507287514
-29.75039886448787
-21.26436147692471
-17.627260187276914
16.17792819161828
-4.560885962199376
24.969981102073532
18.82484409822732
3.2659645282754823
13.627775826204873
29.42761981492627
24.324778252230498
17.733412926677797
-13.883733048263176
-21.68650712439271
-5.311871746358348
-30.578634760947857
-24.873452298381135
-29.054493974326174
-13.242402196498501
-8.406728264312857
7.1944248845616015
-26.976332868889514
16.68491071539459
-18.728454363825044
-18.096337730647413
-20.171345802488144
-15.825533847236647
-29.217417514191744
-33.32750167921769
-47.995531111129594
-42.2707672224788
-42.376552008414066
-18.032476335310925
20.860856751839552
-28.20760734120088
-19.44024024791493
-9.89210718907011
-29.83040513790404
-24.416967494346704
-31.51060709666951
-36.86042915742266
-29.189947624443956
-14.616737261056773
-19.910657731186948
-36.14392909718963
-22.68632597780258
-18.662483689226136
-28.862017619216687
-36.015289592629244
-51.44187315878457
-31.072814710317104
-41.6033188918872
-50.75906898069431
-56.0556943648202
48.413738165770106
41.03502411520128
24.796827228347407
-24.9211275334925
24.59056410317505
16.024548154865396
9.00433148108168
14.525442123941739
24.698986615293766
19.675106577628622
6.652307242778393
20.316891837311992
6.3872627198425755
12.271042323907835
13.008019982181235
-3.094928762413174
-16.370670165703377
-50.02625647919087
-31.702221201271087
-49.6311968557033
-34.47072875468327
-28.80319167332018
-40.549815979065706
-42.69512141835364
-47.348325601898196
-54.24709750005706
-42.57706475616708
-45.02322097672278
-46.8378164745448
9.351685987352472
-18.081160763436348
-16.558787855176345
-4.055866588354836
8.846585109656557
-16.72632241190896
-34.027559869209945
-35.333571688695514
-49.06027107956326
-43.55460025145589
-34.46170063141935
24.103353627821946
-37.34189600544366
14.018979137127657
-17.129304223717675
-8.83025780642015
-14.879311082567325
-20.083018029702213
-33.316602354443546
-23.591035912213684
-3.13301620622922
-5.267612759728661
-8.65012346647463
-10.44015472673162
23.32087798086883
17.903270173583575
-20.375313481835303
-38.09908371478231
-21.200690340462824
-25.97527816041518
-36.19292728184107
-13.2454035476526
2.952095792263643
-16.62323082300414
8.108963476683469
-17.246503276174824
3.355388873181158
-15.390754387837406
-29.057238629184724
-21.4241117695838
-15.32504049464214
-19.052303893987784
-8.550764771120303
3.1650697377098513
21.08195494373877
16.186641610421102
28.84372333029531
16.761709480669737
27.720598381437192
4.9725861150983865
-28.84391664491026
-30.609095853848007
4.951671116981656
13.29239881819382
-11.875199789283558
-17.255116754375596
12.745446890887383
11.353830566588204
8.319225153658234
40.98234293658559
37.55091197383663
40.95127325897322
28.234468567810907
27.905123064546167
39.98506251943826
-18.248903625535046
19.058903731641774
24.814972787863486
12.094679087108782
13.742604313173523
35.91553192538343
31.5177554408385
28.620226656291468
18.06329604288177
40.15825717064714
22.828451318703777
28.67098852082976
11.788874728517435
27.70089777707257
46.87809002996734
24.28445349646901
26.142068091527687
-58.01993816150474
-38.82409447428075
17.852067839610825
-27.972827028068256
15.968398758781094
27.651029554721244
22.678045089086204
36.00017351212177
29.378549179336325
20.129194645110577
19.87002573337637
15.916021004445385
-13.298232402726756
-11.166848085357072
-15.552303706599902
17.09435486571966
21.56946957812788
26.22536276460991
32.61105788945191
39.840125608542166
20.875079221627264
22.375741301504373
30.71526157058468
27.087870193915933
20.699646689742504
17.458149328862362
-4.512163914715736
-12.309171803358456
11.052979307696859
18.602975045235898
25.667071018710867
29.230530338619644
17.859080632314868
7.9616383968038456
23.079537212089807
13.992894298144812
-11.64157752340566
-3.9552407507186036
10.084190658055787
-25.71073929176134
-41.52404450779675
45.29419802042141
-43.71886828858643
-20.871333130315275
30.54041665646489
34.95452828933698
23.422080335989637
-35.29747371942164
22.67835192589831
25.485625333570514
41.573012089183344
35.657822468139344
29.204494085116554
31.857605215720536
-35.26239862433418
-21.243214908496363
-26.947736723893783
-6.93055339576121
-20.0980522922888
-33.96291923060111
-17.46395843936064
-16.766429576511943
-22.153465839542854
-43.2501327693385
-19.358105383535968
-17.442007440442936
-20.465405101685732
-6.93668486873337
-23.87918679838893
-34.36541501643712
-23.389645929837176
-20.571757411513858
-35.22293886519253
-32.34312936338162
-49.90427960565776
-31.420968335379758
-12.522177778509947
-18.450180931178835
-33.84883122680109
-23.43316407150419
-19.023973607712687
-29.957570673074752
-33.0297711379115
-44.73949850353444
-18.707392497641276
-21.029667107496532
-15.48729032921137
20.308932580229378
2.856357642537075
14.467152268753802
-22.76042475957363
-19.877060747134514
-16.03382031723504
11.567277087694324
-14.426147999179049
-11.408407067172742
-16.501988243169247
-21.07448145413924
-16.19753379870505
-13.638433368319172
-14.848438796931745
-3.971954794380568
11.980864198748012
4.815504064432731
9.161804207591953
19.70515499614871
11.166185380179604
10.59972100776519
-4.619661957222923
-11.171084053657838
7.101036749135068
20.646796722152644
-7.426014668973576
25.18696250575878
16.6212511907495
15.280100216918399
19.81773614268746
17.144166269237317
-3.7007509670134504
15.231085548482392
23.408321367241523
14.25568724662688
17.131715661807586
-8.446225277259963
27.943463487436958
23.186383647904005
23.887585484542182
41.87963813063533
26.752888614434337
26.208177267811248
34.99243125636392
37.65618007364141
19.6004254653823
32.11758417624412
23.813809656407226
36.58343385785004
39.30722223230139
44.6894400111206
44.26396094259489
36.62255140138123
34.556406885408606
40.346114153854764
48.54970380933789
37.03764327983387
48.55362332177901
60.88443083358398
41.576129931598366
43.65266799353516
37.739387153684426
19.15791735063247
20.483947250665597
44.630602865746454
21.481477022368715
15.344745811780776
22.07676741507291
13.324973781119832
-8.546518471836395
-8.286525771148595
-12.299818533989246
-22.886292590138535
-27.76993911954475
-29.95238874331372
-35.58820535450385
-45.90911339661041
-36.731395575843315
-29.347040579069965
-29.086372782688834
-23.374006658670535
-7.043312849761139
4.033655136668611
-2.2497870383407976
7.046156059649377
-11.62617747077014
-14.919110268646724
2.894493868015024
28.747495647139903
8.172284335170525
-10.913048202532359
11.960043647129122
-36.480972541847265
-34.96155096909653
-46.89164768156127
-40.776909713969765
22.693844832251575
7.962627470048492
-17.624899722325985
9.391051221681025
34.584357377739465
-13.380865662919954
-18.277785167761692
12.31813419120583
-9.431357336273313
-16.76704029835191
-9.903418220690607
22.571914235443888
-24.012035091122286
-20.398259343500428
40.219512579970356
-36.65574868470228
-42.542608180681896
21.982988964479183
-19.9734393547304
-22.437942850600706
-11.499319261427669
-15.827592559029842
26.78844006906931
-22.015012304277395
-6.839591317939956
-19.4601541933091
-10.180424392062688
-25.90686962762823
-15.982750726548328
-16.24306494792714
-20.21234269174981
-11.297266138827045
-3.1327554707904945
-26.548300066134416
-43.562050505990975
-36.03043286202155
-56.78853865780851
-44.850069413977444
-25.9181162010425
-35.56050813166716
-28.764092128974113
-32.14548006158968
-15.415344350383391
-24.138344544554176
-25.253856354535053
-39.941317794771955
51.489687389559734
55.45058053477591
40.03089279304902
33.170913007649496
24.454853934097187
27.67990243375181
43.92538464000238
42.54273175908344
-33.54338398109989
26.799468091017747
16.03309602285317
-35.02119894845254
36.13052778124926
-20.195620884821782
28.57735902217808
-20.442344066349694
-25.78432075963783
-24.69062128933676
-49.937244963693566
-54.93755385724501
-51.596533175508974
-38.28586066360917
-31.676334539247936
-33.454016636540025
-37.515830076828415
36.82548677872078
-48.09659202735002
-32.51882759492194
-30.24050002705264
22.075768822036242
12.355384651263375
20.52050456007212
-28.607363235915678
-30.70577072577847
-34.24951310002485
-30.914809860224018
-28.81819717057107
-30.474440951175865
-28.031432360220094
-39.48625755886985
-31.928337208445843
-22.54989754669383
-16.387094266269564
-30.78765634435083
-15.272091276989112
-23.606348503116568
-8.210054853553144
-21.872346240510602
-22.601412381908776
-21.51019501983856
-28.57106720145551
-24.75664159560719
-25.767246876612823
-27.13834077179948
-25.493048177611062
-25.283287725339303
-21.627676690610603
-21.75827436845113
-24.56815769078684
-23.976789082849617
-25.938738857451035
-23.882760638258883
-26.58945397213851
-27.239692609072925
-27.136156718764216
-23.000953732924536
-18.422891987302688
-21.99094470869333
-12.62732478731324
-19.908651197830473
-24.40344072613878
-19.082684430254695
-18.66900019854936
-21.134268010168444
-21.16290242154587
-17.794817816126564
-18.304736827949956
-18.900064795157192
-28.679709334863382
-30.931601408041978
-23.545210715778847
-25.453801521806355
-21.622161381860725
-17.07029290483556
-27.095117915184236
-23.247425268248225
-22.67539979650408
-23.125581670733197
-15.27537103946324
-19.307768479867985
-19.09302731759744
-21.49756078236266
-23.545026923748004
-18.422437538072543
-19.051406945393236
-13.803904835661061
-23.006476014378553
-18.64096507722206
-13.73021184610902
-19.122295942689323
-14.39852357675703
-16.632071744224987
-24.068373437229614
-19.85284499210477
-22.56916810122482
-22.80165058332884
-25.857190936415495
-20.235617986891942
-14.741153439960208
-10.04716036885758
-21.440845568731188
-23.038738012231757
-16.06999520838291
-19.237466180416597
-26.290290842727707
-24.755072305040883
-23.84717979462684
-23.37883777972015
-21.406970541034635
-22.96519579830036
-23.53117430636183
-19.004821715188832
-18.056603819439427
-21.34219149952557
-24.59977404990899
-26.127339006587693
-21.276618014102592
-19.816690204909893
-20.36456047452829
-17.512094587031434
-21.130915182327797
-23.744710256273706
-22.822899689511406
-20.15716196573605
-18.333395194198157
-18.843924908714133
-22.645709765629118
-23.33013692569881
-20.905433025234164
-21.40349250444515
-18.67030352568627
-19.210326062381835
-22.238888302546954
-19.046470030512673
-24.70580810827334
-25.682495407489093
-23.44196620351669
-21.86617818120964
-22.451901824469374
-20.1489686282156
-25.867574488409677
-22.64585041898429
-24.495850949665677
-25.80317761174625
-19.622122947814297
-20.46550031596845
-25.597783781594618
-21.56397356045733
-20.984161405464462
-21.34216407707813
-17.83435709192106
-22.806516939757717
-24.353502888840115
-18.77962683901575
-19.083713948294896
-17.400101597178836
-17.433052658157436
-20.156885987787287
-20.125349753553788
-22.6964528532515
-19.27579207748189
-18.569002921842912
-19.736007007842474
-23.352322157684643
-18.268359791060593
-20.524636558018923
-23.045043193752534
-21.83940799854886
-28.804459925197442
-27.930082146604693
-23.158878246683933
-23.017764160353178
-21.70154766366869
-22.699151592419526
-24.75388375136396
-23.3102629993618
-25.934826273827813
-25.96848083035891
-26.27091559850427
-28.04453164432253
-24.20826063482922
-17.855548617299828
-23.15519399299805
-21.23443204727395
-26.382332434965427
-34.874214650255006
-31.949271107236108
-28.161363588489984
-29.039682318218787
-25.855868807432874
-30.74275477157738
-24.73592558666165
-23.075247654893722
-17.705180083208166
-24.107951763845563
-23.268422154678255
-19.681217364594982
-26.072584805552175
