54.994087344834846
54.99379719877137
52.059151167461316
56.359470227410874
52.56397782432929
53.602514645238976
50.506782901272864
49.90466026633748
56.70387911117279
70.30550660371141
62.41104043753937
59.77533813099821
60.445539693177054
61.92989200701489
64.95341342931681
61.869220665551715
57.292405340701734
51.159269444176594
51.737607667821436
54.96117810816278
52.621366916830006
44.7278303251794
50.34985106068874
47.28303949088962
46.58716241351869
46.954815392134535
49.51467319792956
49.87804827574177
56.98696526492196
53.524416428764596
56.65139289689569
57.26356746885605
57.37570145995847
55.1964263224076
55.1382164604476
57.30639186145358
53.75994499893146
54.000276034467745
51.33095258847519
50.26113424753615
57.150218769037316
56.82014158734924
60.21017002876668
54.2122950105445
58.94087518938754
57.82308538508535
56.07918839558185
55.924705628547166
52.49590316395386
60.93823852905295
73.19735291755546
71.55239810071316
63.44709622783489
60.73283571365859
53.57905618864091
57.546183713843234
46.48147944194089
43.68710018893244
45.68585291923249
47.118962878201586
45.36588440625887
46.912241338138344
48.889991850737275
49.66062301399436
45.38600994705098
42.13765531283013
42.49686496044493
39.55073208727364
37.33472976355388
36.83926796196239
39.11511082138672
39.13005677430742
40.18626309791747
33.53561606982738
30.511385843577717
27.71776826453172
34.08770866624292
34.04363794730274
36.262486626060046
34.490799307766906
35.59622856018817
34.50636436092251
34.86147510390819
41.35927740757056
35.84242639202845
39.05393164529347
40.48858981855963
36.88326996918289
34.824950149034365
38.50378990152454
39.7942157006331
45.04317726479904
39.80827089961808
40.17963414164308
36.22050433558731
33.59134422506934
31.296271333936545
28.209689699727562
29.569561626471856
32.15356526946369
31.584970448272163
29.424480160173175
34.990636588439436
32.46072076017641
34.470164504755935
34.66455299235636
34.0569529970864
35.237500523007775
34.6903021194245
29.273925794296254
33.630276203208794
26.917112931755426
35.999866428237496
38.497649297678684
41.391118073127515
44.92004814362661
44.03158209423142
45.670736261537805
49.8330096808953
58.33475238283796
57.90115917114671
62.729956114518046
65.46487236830566
70.21343985042508
76.57307287555106
82.57176954554069
84.2233313738173
80.09078235473427
77.31700402468032
81.24233973788934
74.76333803181929
72.94751023609066
74.78053053448755
67.22619327986706
66.43768647282897
70.96303570290542
71.7278136629909
77.22758259815718
75.82495377290316
69.42987115263205
65.97178585365052
74.63849076937173
76.57816740867379
71.360751043303
74.3768422103937
67.2773391535339
71.19522000579808
69.85837789458319
68.45388094689987
80.06812136750686
78.7441551673938
79.59100717282557
76.73516070907655
77.67599769681182
87.89725638723694
84.60478631843849
76.85566703453216
72.3566435359341
72.25543712203881
74.64802199528368
75.92307602037246
69.85654213962127
73.03323077002594
67.64983862381612
66.92001253594255
74.25665865738212
69.97926258360968
71.52950034353184
71.03410793880214
68.60772371583018
70.38978803349073
71.23807597611331
69.49811514373974
66.80504951335952
72.34628726621293
76.55598787721476
77.15419417190468
73.38255050521192
79.89802503451712
76.11687146725367
71.29431924758167
75.8306759621514
76.6829527807069
84.45840737549753
80.05053106753378
81.48010787711058
81.00742817129631
77.78007665524349
72.1312535505287
74.92128730239418
74.88154926383504
73.39777450788662
74.36145655594233
70.97260059849836
81.38884530752689
75.97159851189387
69.36900520983686
72.48214621705255
70.23585225928188
71.36050836475773
69.80549708266119
65.862637307744
70.95482935215672
71.58662672192295
69.91605835798664
71.06978655475807
72.97572249114467
76.22973660007726
62.23235954636128
65.4085430923625
65.80709044953016
72.79385767471862
64.31029716643896
65.20177676545227
61.34937587865009
56.19088120030955
59.909673654417126
55.44678449520489
48.02802936501895
45.1758223681594
49.62490219099063
52.123194200334616
54.8490424451432
46.56406091517873
50.52032638603464
55.82315787675147
57.686113390366046
58.31973829853818
53.61235012109425
56.05102939141773
52.9202293695708
53.2595694424297
57.78140073806389
51.780399504755536
49.05940353242069
49.61214203093891
51.73265733321904
50.41311125704597
51.945929056775626
58.33494720267419
65.54336122900375
63.46836768336743
57.16074966317428
62.515424188178756
58.66748486800989
57.74248526502626
53.18646150761832
45.95350879733626
48.368242530805084
45.15824211066383
39.77981978034273
36.56118555895072
36.822667175254416
38.31034944265757
31.30476951662962
24.175080267711238
28.361362321461645
25.990959756018764
25.80439838571988
26.817530939494116
23.76489678154869
21.48860692122717
19.631126705736463
17.675852914034774
12.013665007191292
17.823934474134
22.317780842012237
19.507913964697046
19.858399467381254
21.147771342695236
18.145564018225237
17.04263718064461
22.167961279769617
24.19899745926232
25.180944664182594
22.447811378127067
21.17462654003376
20.58875800380146
19.877447090978674
14.695095149608871
19.253279733053052
20.71755021942228
20.349999552940073
23.624817853973692
24.59488574824603
18.802614792249734
21.474377204382172
21.111325325139315
16.930235215992077
14.270688310736215
13.346911823998289
13.577070014768651
12.93826228271146
14.427539771191798
14.862555309211045
16.172644233434703
14.912221534649493
10.221856341777793
13.578557824277805
13.262937900303497
13.671241268415631
9.991411168553809
8.601278907280426
9.455234823176816
8.591534931973026
10.042219847936545
9.323362060945188
8.934255301338194
9.118613474440206
9.823370332006329
9.629654675263032
8.870993787189283
8.69129392483426
9.699751836415569
9.226169661271046
8.917645146062462
8.907966441196042
8.848387524765505
9.798675084395265
9.777822534688852
9.807561869968646
9.647880213808689
9.47895575095395
9.72323877444777
9.29495439705305
8.749996196834509
9.307286176631216
8.836888880661817
8.97574902972039
9.467995076717783
8.836138312969048
9.007592505575998
10.164480377129038
11.165415914746424
9.556180748511244
10.290158291173023
9.941248680097015
9.6106849106919
10.05158328394795
10.33561588084139
9.931621377495027
10.399359222854024
9.863663755482394
9.302883132726965
9.273852456942636
11.238874145042129
12.756950044734987
8.51777232729129
9.675699583384981
8.682932623868226
9.462301705756353
8.64454965554474
9.910669371268105
8.910843094886935
9.507302325683309
9.036790438415707
9.193793548161402
10.21700895882759
11.374487065518096
9.445552193245314
9.41853628615419
10.764808849853903
10.822352278359775
8.985169939748745
9.609376748483015
8.89411673128957
8.906120274928764
8.777096347727358
8.513231448799367
9.285492379572423
9.979419424341865
8.947348718775611
8.940830411670474
8.853874465761061
9.727725147231174
9.058603193748956
9.128003562621107
9.447810628513855
9.307411104124451
8.999368486152285
9.105304093621445
10.708951736059488
9.313254660823914
8.69866873229574
9.284848830227006
9.51826827399505
9.260803869361261
9.070723542418527
8.92656422285609
9.302768021924592
9.127841487446716
9.751149450526034
9.56459826695454
8.417542740125672
9.545876033900269
9.101351001643724
9.917309739307065
10.939952443652581
9.458221105289361
8.679531243800046
9.48401008464888
9.20201075424506
11.284088978700446
9.761066499352612
11.55068506148338
10.046414288209078
10.09056814485772
9.637625204454327
9.363192726657466
8.56985680942682
10.435576266603126
11.70770674403517
12.42010703881959
11.627201199273072
10.322502581160903
8.75617342402588
10.354350927945411
8.753508522789465
8.562150598983461
9.12737023594291
10.877554528372476
11.417601516832569
9.972816922651887
10.587171215235674
9.302253786266553
11.068205684503509
10.754050053736558
10.203332259444554
11.152115418535772
10.573462250298372
9.119258012305886
9.72816533851934
10.388786790825256
9.339243062648595
9.500307357957466
9.397524734920335
8.898578705536604
9.767524655411888
9.00697662438254
9.62100006225443
9.794876188957597
9.158268323104908
9.741334436591771
9.072228036021217
9.643316874859137
11.280791197296905
10.52056720448862
10.203478758480143
10.921371678500723
12.280952192993642
12.348165718813398
10.681323535891979
10.056308801409468
11.06167949403643
9.61671717642409
9.902635692794764
9.895867803004469
8.392888673388219
8.448889913226969
9.42936084449224
8.928947489990746
9.349881997407513
10.161851621068413
8.719909746605811
10.113659937646478
10.947404155359953
9.645903097924492
9.435504703277056
9.178132101823262
8.961085433185971
8.850001100653063
9.284948047804631
9.274086984168733
8.717004454549182
8.796208181944632
9.613035380531338
9.63280518170295
9.94439082666036
9.466858115440939
9.33960389717526
10.591328139474706
9.99072110058205
11.670732952704922
10.015690638949566
10.801408394508917
9.716871639031773
10.249059870523762
9.123278062464525
10.027264714844549
9.245106791455942
9.419814623453991
9.69185529019262
11.09077782609977
10.333687071216858
9.90439910148658
9.409480111646406
8.973450906699666
9.064964238786947
10.46157114927092
9.902535968279729
10.133793949454324
11.397693401067986
12.227537172160632
9.116239049811773
9.122972016459771
10.190449240640731
10.79836133761092
9.54355244229064
10.20772376864636
10.631717727176614
10.904231925980975
10.738028990293863
9.256251518458008
9.678226278986163
10.341827684924251
10.048433587691546
11.502111904668817
11.635761892867672
10.683319106882305
10.7240779329223
10.514781171828627
9.843340538389342
11.085656522181004
10.919413897544219
8.963859168890824
11.019408299693762
9.563880466399649
9.513165028240314
11.395289701658477
10.444337263914344
11.34166003539993
11.33415837506095
10.885342522762702
11.254875680774841
11.002602274132991
9.353982751438709
9.567171591480252
8.54278527518728
8.708444547569993
8.414902262036852
9.680798021116011
9.026422727202977
9.796054290632854
8.804796061632342
9.428700883215086
9.783164354845333
10.34898431618642
10.146224093653402
9.510794261718996
10.952477413979135
9.458326309644002
10.363102428373255
9.52611086320671
8.681005435913905
11.01019444536785
10.604538978729401
11.203056696714961
10.46778569385013
9.501231719191718
10.641375219236531
10.763815304233201
10.075141451713874
9.47036871334102
9.086016890446226
8.664883898426092
10.005606654384295
10.887171283223406
11.003026741725163
11.228414745923715
8.888729585727265
9.315223254911341
8.400082171419555
9.159470908542328
11.226176887923437
10.62458491012061
9.17701638984177
11.40289585655987
10.80890105801938
10.846168053381696
10.96211250892312
9.777518066743836
9.768044216776428
12.761107796896344
10.902412445207819
12.738087371164722
12.742241193663094
10.089662070523302
9.47255870690063
10.219756412273131
8.883514066306724
9.610243849417477
9.52301976379402
11.459592865018314
10.949066453695481
11.193062690046638
12.343366855008608
12.577892089223932
11.8662053290657
14.635750193799153
16.236123216733436
13.308924855948227
15.407228245473057
13.62249174318894
14.936896981165566
12.454343271186787
12.83406760506052
13.299205862863635
8.991553169531945
8.776677502399124
9.9671261394163
9.083949673858594
9.754543680360566
9.63936513025923
9.228901271914518
8.807705390536592
11.444466741122053
9.159685823917334
8.888050638252817
10.011475482225368
9.873872696984561
9.499133679379538
9.4813649485641
8.954404501146703
9.130643149961077
9.310417377257778
9.942531679447352
9.676055600313685
9.333989009974793
11.133364288824508
10.534729323636691
10.820778083528136
11.58785582852744
9.067133453688987
10.628033909471599
11.50546715069563
8.90042366528388
8.983108727145588
9.659848351244907
9.865270319354178
9.71824474783317
12.692196740411921
12.560443262582936
11.760335874296587
10.028104718221229
9.775534100979705
10.289392063774088
9.513119246038357
9.788104303737805
9.399319760272165
9.22842992460624
9.282952482957258
9.748026880443316
8.790178658258286
11.69636068934019
10.398926271779255
6.867007944484415
6.727247616686227
6.4155349845469285
6.9963212614834065
6.650661171449845
6.7891220302937985
7.133699992660969
6.744882794437713
6.20400296518004
6.22812269618608
6.676455486506406
6.259599163258662
6.160436918544013
6.50475581096083
6.202906867344007
6.404967546986662
6.645577860320664
7.159332824317275
6.405557637560881
6.552634826292528
6.996876181660194
6.144400644439723
6.8855955779367735
6.620454183529241
6.453580127546836
6.266571774742092
6.723932550662525
5.908755192281042
6.303813498994288
5.837251779176747
5.658442007583529
6.4755529946870185
6.028111065837236
6.062718507124442
5.763273559133602
6.145994506023789
6.03637131182298
6.515078099848774
6.668908181374846
6.367775754221588
6.638818866840649
6.656256357555744
6.158131887789811
7.059953729464143
6.023554953815335
6.695107934600153
6.240513298484152
7.55459824528583
6.36414389084091
6.413862016433059
6.112729644603798
6.708380071008476
6.479371060778851
6.858673293628362
6.68243579494935
7.350867340850489
6.863807322149735
6.788071420470331
7.031770064088488
7.056943309836508
6.702060027441653
6.442660374808652
6.4909091278448905
6.201247346559116
6.950141495438354
6.649126873510365
6.3866449536929535
6.350407781622626
6.461744306676546
6.535012416842553
7.099601819669648
7.7843003309854675
6.760553924163558
6.878416971807556
6.489128337796026
6.868741848770636
6.396639144757226
6.882952702318603
6.502617376960699
6.285443907365941
7.174055333013675
6.705879105114161
6.791426200732292
6.353263855906961
6.882454678321544
6.756880855573385
6.515170320732702
6.029677372130049
6.451352262910511
6.630620718586024
6.47115928093865
6.7144648045161714
7.000670926703017
6.478716644863196
6.83367420445491
8.023697978430116
6.694465027590681
6.958015877289239
6.618800377259927
6.723297841563739
7.230077887915469
6.66268960543826
7.043193964884169
6.76390080215859
7.42978365826023
6.949629667689334
6.717678940712252
7.222517452849116
7.750512275698538
6.4314602569571155
6.6636064883664545
7.298380851392133
6.812325167606917
6.713533231073001
6.599865499119905
6.67680359187704
6.8536399824382555
7.355477683021111
6.589220595668913
6.807558009823774
6.875101253196083
6.813080311128015
6.665721540635638
7.0230876981089
6.521505196023699
6.938676007970174
8.075284500869675
6.73249034080257
6.708460307391766
6.598688660812407
7.015489282798201
7.17492407081652
6.415177294310353
7.8527905608632596
7.021330515641605
7.010115392938983
6.351676476718716
6.512017329982321
6.672215769474212
6.883377501941771
7.185971035749917
6.64201672543746
6.865243317064428
6.60001252438482
6.645869055810057
6.460821204071685
7.127245602842403
6.131965259336847
6.243666561244368
6.355646112939764
6.477152771484681
6.264879983800254
6.335901310483656
6.027734476804691
6.467503593670301
6.499493935491162
5.36840986885622
6.258496448336056
6.437936811469467
6.442540613788762
6.605515169610843
6.418442690509482
7.5995427236911866
6.682995620172182
6.661044925558546
6.922708888329585
8.095207017664267
6.360357968179486
6.63727337427544
6.7766615004233355
7.536792877764529
6.736037501657367
7.529936145883434
6.3786623276869605
6.673128522730522
5.894823615632437
6.389858502490506
6.642897312948406
6.638015795646367
6.628770757209085
6.693138673894758
7.30526066713039
7.182299706653341
7.241733918502892
6.477231318324931
7.730860905008291
6.060467632732312
6.656582468060414
6.6387987525829075
6.7931162207636575
6.921769207420074
5.887599971401008
7.279847769061914
6.3405101947015226
6.896255999797128
6.976822373172635
6.9016318370694
7.111869857375771
6.77468350661128
6.421811976296758
6.176770763696975
5.855045880295613
6.359230744906424
6.771963299653036
6.853198229844274
7.978917319194948
6.170077168192858
6.7960463624869885
6.430353955708979
6.459918232224599
6.05686105184819
6.275589707566805
6.924090789501083
6.332376903171951
6.444619564674456
6.540236814434754
6.371365978726054
6.429741740231076
6.582541173567648
6.459526093032551
6.219908913107553
6.569542530172618
6.5207845733394585
6.89264301466276
7.088512642795147
7.033848934721954
7.35647137570734
6.592419118459266
6.988868188247681
7.101132832654456
6.555346080736301
6.4299926052553005
7.379129250058749
6.850072330202789
7.047555383163996
6.872119514547841
7.003825173227895
7.900982120414245
7.320245768273534
6.497863441648309
6.633970276328919
7.120453131709645
7.036735446016238
6.6504151639298765
6.716337826908993
6.700504970662404
6.615982846521842
7.30963627449377
6.793343115511201
7.7187466463943455
8.749368323783115
7.051007318340841
7.179590689438874
6.901385908117381
6.34629191036065
6.707393487578993
7.037386416217103
6.859717645315311
6.9197772530183235
7.1121009240631015
7.274651017956256
6.661789728452175
6.822797825372894
7.192016672268215
6.663335099026596
7.047965686739876
7.209683376804634
6.931655245006546
7.049070002374983
6.2561138669568
7.2531799447288385
6.850607926018578
6.723035880746188
6.772321938405092
6.475082690169824
6.648347403513973
6.585342072163201
6.766526878169023
7.473433800967838
6.562230465831259
6.195871397847397
6.597791825002524
7.063251637661341
6.954178977355564
6.433312051234374
7.383479571956317
7.2344415249808645
6.8769981262008635
6.400376067333349
6.692483543840553
7.347900704657917
8.17723178866723
6.401503440647054
6.420567984314564
6.880653923098043
6.220906366066816
6.107614578067621
6.2380522314639855
6.424227418778019
6.830231583906195
6.528498040967018
7.0093469632009535
6.3872642861245374
6.822557601425715
7.060650073563926
7.016740804891617
6.4882640839618295
6.1392108008996065
6.08633790700965
6.359843466808173
6.624322718001255
6.018966749022525
6.473741927814907
5.926717741231871
6.172585149309705
6.2865906002106025
6.62111834362307
6.424677293590517
6.575126379285089
6.594020670248354
6.3422265419225905
6.946100042065006
7.222241946680411
6.739458693213227
6.743592260474794
6.359891866515154
7.515943073333206
7.039432709971125
6.614780165489059
6.298520290382604
6.311363567652654
6.178738925277079
6.141714466917282
6.825434530292742
6.602343847707827
6.517154981990079
7.081761500533248
6.58019564643327
6.318552316228733
7.716439546379024
6.62694977665707
6.133961366591019
6.305918898698556
7.496452802317342
6.398124258089891
6.78537888783627
6.703221522842328
