27.57730342310493
27.57732465768584
16.248712191659767
-12.68780555791111
24.764046878280404
15.284688864328404
16.764701096654793
22.598437944320946
30.407788462936264
28.69768756095119
13.737751214410824
-16.259437963761602
35.61629303662698
27.616963449887766
34.28466227770049
22.488779705899336
11.497208409183148
6.685212255966722
17.937596524592
18.640282935202144
23.349799116207492
8.616203587015127
-11.6186683069931
-14.862437759179862
9.828924982418577
-13.28837653558856
-32.09306344968673
5.4383760521472135
-5.850599706157742
-21.764195251298034
-4.130535511817821
14.823597868675574
10.330444694553906
6.001462304827596
21.11704417697246
17.122488973366984
35.53938487930046
22.75234434240846
22.529871166339937
21.08237828438129
15.512494108958224
19.95362267674788
8.804485259862878
20.998151800885456
-19.510124070174207
-12.680118750988491
16.263039310354582
13.107752342315111
20.6190197155475
22.16838746315868
9.600192446168794
29.411058585351256
48.22622116146252
-21.2445965625574
-16.915012266835106
-13.188401820164431
18.473752657378444
-28.41920274486558
-27.074025543507865
25.978338596772797
-7.78357310526794
-23.955141671855436
-33.019594345002545
-28.69713411878817
-28.2684300724604
6.881229624793376
-18.711020337863204
3.3585067287027246
-13.82741205281216
-23.44004412253031
33.49645206121722
17.199397918265557
-9.878855302989521
-12.704432179735043
18.518556759149693
20.637514903836554
19.547500672135318
-16.506924758834593
32.42463015065557
30.62040392368101
30.54491048524053
22.285069177880068
-26.775918449574707
-28.92937996163497
-25.919364868813858
-49.74688827305888
-45.2647842874977
-27.036316199667542
-33.99097069686955
-30.599782750511963
-29.42578419404889
-12.210284897587767
-14.400703931732517
-25.572557431596692
17.25615350775393
-19.013833775802812
-33.90047418633131
-35.57344137256091
-28.85223604695656
22.393277282903828
19.287676649792914
18.552943134730075
-20.66091416786917
-10.428712701156583
-10.102781474688987
-23.042723730863912
-19.95317121224121
-16.73249807977705
20.984314866076613
8.894406759639008
23.575330951963824
23.938021205566116
24.686680377789084
-17.781261449345738
-18.709515396597475
9.435555941889382
-27.683480458014717
16.08918820930593
20.267362847805035
1.5834440525294702
17.936587498652653
18.809365368700963
-6.993667165702901
-10.959415503188305
-32.45828424436015
-34.48976931465947
-39.08288237274067
-35.70137015213573
-23.94499922562695
-28.520333811384976
-26.82262813082079
38.36244509350973
14.430365636485462
17.652065516096318
29.720323111495517
29.982906167885186
40.184134187332134
37.841044565846
21.511548776204336
17.38936698865618
23.49827013848525
44.69007235725748
26.09160282852174
20.46483092908734
17.341100935514135
15.867798010696951
19.026261186176487
20.565503817189974
20.542206892106165
16.578092766862454
29.66621438510515
25.03706468640606
-15.519878343271438
-18.143909941371817
-11.985058071683126
-12.031113136014106
-23.726556363686836
-12.215516418781132
9.940303255790841
9.8842268903567
23.556631974060032
10.247587342334924
-9.89226768482649
9.9920081205713
23.359581078415708
30.98735985541087
30.50694606961022
25.376428987639827
18.18161628577692
15.40239627991996
27.62744732026511
34.46546235183359
39.75813338384777
50.13446949508067
59.38934210786163
56.01153812035161
31.532147393954585
41.15993248823979
42.3088946914601
35.15181926833783
38.186057211454504
42.363402229058124
36.28054419769437
47.05999180968304
45.654091796482746
54.33797002772277
55.9389336679117
52.042733496652126
28.11809363802048
37.295278546891964
33.23852635120619
36.16585763758853
47.2566373709308
44.18356044605988
37.07381317726663
38.39985206807748
51.36073818494396
43.4296378405788
29.866306626183547
32.14928211705801
-34.60353883429527
19.719024082005372
29.92003989817819
-51.152049856710484
-51.99696537062729
-40.36279849675603
-19.848903659975143
14.341266476684964
12.54549147644791
23.094300402080613
-14.265709309725088
40.59781417471708
29.343011574628118
25.04405702777538
36.373992556686495
40.83787692203586
34.17368312190329
26.979567097123063
15.808618449371213
11.197053368253723
25.4389763234296
-15.107482560546387
9.812749553792214
31.90494034220996
40.75476016075977
41.97707397530923
45.37809115475648
40.35003106838014
40.78376621899477
36.035637509393055
34.32304496231541
22.929163353234596
14.242331137608222
-17.831757766863756
-19.607385907318545
-10.611454639200387
-16.250472811715504
26.51902147696493
1.49339532748838
2.5091910680429614
-2.8960061763153946
4.022568070671568
8.311139556962917
-9.713428152928014
-18.228006479661197
-24.645865327970217
-17.282640611410585
-17.373848697262805
13.808937182570213
-9.532936040422161
-33.869917467452005
-19.575254558047927
-29.98263824713834
-33.75342107783385
-31.402352538280862
-47.567627526699255
31.940798383682065
49.929727137572684
27.898835367680345
20.01272693170775
35.680116011971926
24.4458919538803
-28.05647316644411
14.277551484189157
38.28278786953127
11.665615900242177
17.678324465980413
21.359188934204028
32.95377674882629
43.232935280392304
33.03999140168129
34.44850746663344
35.770795349699135
34.95113052035345
44.38201367448565
42.004683822912384
41.392693160569074
30.95552434948614
28.869696304773324
11.027492823339081
19.122003558426663
33.003283700718484
28.685439193224656
33.595887431222216
36.441533402129444
39.3658981658056
22.918689054049356
30.159015967369246
42.03082489547428
34.931227061372226
41.767917429235894
43.398431326821544
49.07341175366719
50.16466393424309
26.41960936841098
26.79608026007871
32.28031458089594
32.78400033472612
-18.11623754761534
23.162158231115093
30.131504416643065
20.310478797604613
36.62221097409622
12.372001124669984
31.593815931675493
35.715273916285575
27.07443388251495
5.084308251129437
-18.160519116004636
6.262042842894777
9.578397411599687
7.979488632219518
5.390597267228382
-2.524563440362457
27.223713759541003
23.424211970482528
36.43344557673087
28.15165196776387
20.290521157213686
33.99468627576839
40.7394377684842
55.85075437559551
56.92617142244401
57.060261240778786
33.31811841074007
7.8723469990782196
19.448369061417832
22.598205693476537
25.732619213049183
30.993650583092272
24.650825445532455
22.589699550037512
19.39150745078044
7.32651263064172
-15.770367418208455
-20.68873384701841
-27.300661069451053
-10.84843551847223
-27.008484228931312
-19.92364882279286
-26.529949739629462
-26.996473748358518
19.400874717190433
-18.427230942327977
-30.94880907662739
24.214359595079035
-10.264332415135197
-42.500862417144546
-43.492750079895366
-39.83494276952666
-34.86551215205071
-37.53685917759718
-43.19228968986892
-48.70303245099527
34.68742929818172
-54.92632512959243
-49.92503064026367
49.3582568753393
39.864457343450994
-46.355534944044
-40.424909036175734
-17.85397643064824
-41.306871659889076
-48.93566510499707
-41.18468810413309
-21.71555231156935
-25.367512161280146
-22.143645143097686
-33.55053937418143
-24.822202105195164
-35.90087601996362
-23.747767655359972
6.0602638927141586
-1.86867329220656
4.642612101583941
4.980712109922811
-10.162167001011948
-8.809168165946085
-5.399658732802951
11.143815201145848
-7.930444385671881
13.187715983796132
-9.310806032275506
34.29832792558782
35.42126241505508
-30.445932292265454
20.162201276098873
-44.003241964690595
15.734151486799664
-37.494353185567384
-21.113867328152406
15.692853414948868
48.81003436622717
-50.807283638282044
-38.183672480495716
30.038416674756856
17.632799633568787
13.310075574908959
26.027229863747994
-6.523169458103352
6.359248485638654
18.792243246793895
24.514843879073535
28.101242463813605
22.687242131230434
23.645696961795174
17.57122754155535
10.430781214322948
8.423044828653579
-8.259819076275672
-2.7831937380811635
-18.20371238486447
-35.08567709682344
-26.372647767415884
4.555736930830572
-7.6320941817903565
-7.213314065521739
0.5845584619568143
9.86565722459032
14.012831350813311
18.15093916666279
11.54532430170979
-26.90691974655405
35.92915300013407
31.68396517519605
26.015371703445176
29.363457594974566
20.437947722000885
19.747713011320016
38.281743159223545
25.07189018074983
30.769196840030236
23.782977189001546
21.92110244562128
14.682637203392066
9.724602031013472
-11.897033513926718
33.33278675405889
33.83984331146383
36.57591449197665
50.149782741793736
49.53124070143526
24.491865599434036
-12.812386260158668
0.6019576972003602
2.5640860865449544
6.692415241361322
10.942918790330632
15.460515674379486
16.075721736478204
27.2422386950475
37.313537036343035
37.99827586694123
36.868192706519835
23.714280819106147
37.423436793188934
34.72556745309375
22.35587243231745
26.421395188413264
19.935957068750188
-27.638048570085147
-17.55764237417249
20.97423340878185
15.735083211705149
42.462157807008104
7.760944021074201
1.6161472291447874
-19.6018837577051
-27.111785053690603
-18.568140676273877
-20.999792460091204
-28.360167048072135
-9.438022936829714
-8.04714202676308
-3.2214608368684603
12.106315842529089
20.728701419402945
-31.510047684729948
-28.93989579105558
15.306266053331674
9.221743214796318
12.795020506726795
-26.215447766162058
-18.923434386694748
-16.29355852397655
15.102617047021527
-10.190453886847067
19.179553298183897
25.84793106488884
14.889272418502118
33.092690105477686
9.043017650313868
18.418439877096244
12.996830811114883
-14.421414985836693
-10.458299032225968
13.237646451628132
-4.296645010839216
-14.601050290912985
-8.697890187065791
16.408090353889218
22.39011610826349
19.5661382928482
15.210246374550586
-12.634288460038896
4.058340466099779
4.5001262129958475
7.031163265461374
4.409144777140918
7.84872980056313
-22.399204615152605
-17.094021740390463
-18.548764041948253
-17.32484268146495
-19.6214215638363
-16.467428702192535
-7.773194701036478
4.557699318335868
25.999992437752447
7.762323412048105
20.103752555682338
34.18886532841561
25.540787795625096
-20.928284019076802
-15.87106117975019
-11.314295599623664
19.324347958584575
28.318082787823755
33.66897613531721
47.8847469447236
31.567265698042984
11.795631866306845
23.736121595464372
22.364875185284586
26.708920762847534
36.8389519919236
33.25409842398915
32.689125988315155
37.965913660953206
35.97724668239708
51.43694266512685
45.032762272501486
34.66122736517076
36.420833892732965
49.46466525682612
15.2172474573881
19.09672585922583
23.543570585040335
24.310245665373657
21.534965862057977
16.202917387675726
10.51377098790765
12.990183990246793
25.878541082898163
22.463303626799362
21.46554945177393
35.38197061585115
41.36442628758269
18.94939925230883
35.61392171717844
24.27599823962457
34.533968300236666
36.07776833236259
41.75265488637667
27.696025717883092
33.934742959687156
26.289876734024336
23.428730984560747
15.39195636895902
29.62244958033349
32.375026965563265
25.45970546142763
18.97514959064226
29.850036596831472
26.365016465317044
30.290983770470923
22.435383842930783
24.553816281669075
29.34814737453273
24.94428780445234
39.37182405059398
40.93063601228879
23.037720035108514
19.230483198799735
21.66016130334234
18.45151306935331
19.70318782923198
24.763332299033472
12.939558573250618
19.443966731838625
12.097192945929045
27.002056138726413
15.36772582204001
17.085651433454363
11.341996426651159
13.658051691896388
20.560314299387933
25.138400598880366
23.205940382842066
31.63204851005958
25.79821094104785
25.01444016278728
25.738310715895583
23.634675539852932
20.52415524648024
31.099569109455626
30.977201165366072
29.810120110471377
16.869288597442516
22.475034328849258
22.363167913871568
26.857704719830235
32.46933670415629
27.727584464188244
24.241058812038915
35.477004384179224
30.606523692168537
15.720763257175106
25.866688540857414
21.853053867605237
33.10875481185289
29.14708531593132
33.35546540022617
31.347404426525653
22.889649645538793
39.40714732546602
24.60181670177497
34.63533147614122
35.796609337911654
26.025956271632744
26.957068682977297
13.561928885560922
12.13522640076461
8.390283938248288
13.238364358356668
26.174142624460174
19.91190084151203
27.756204725777867
23.156023979428586
22.215049481863176
29.401922579307946
26.96221426649674
22.392260808627505
26.618163414825236
22.666940915070082
22.163974515770473
24.044400960545566
20.425884547398226
20.141954817976785
13.817489159544321
21.869553534692386
25.304575080287414
25.539904276233326
22.989530651839054
26.162601927500347
27.617573970774213
30.24499761691974
29.743741622739154
36.330260875916004
33.35653374887474
27.25524802460592
31.976636839694397
33.0061861891865
25.76873229275356
39.72497589759879
26.836460846490038
33.0192906426873
32.1805742099292
29.722698157287436
24.397236529656983
33.43039415651042
35.45799555789767
27.62717420177956
33.476237025679055
35.20508592673396
30.80279972734275
29.837721835862293
24.764173356161113
24.909811061343454
25.27243851894086
15.159625539576428
28.71027905929499
24.610453903111118
42.71978888658651
39.30674636909809
34.85638787274718
30.357954967284517
23.593934053740156
35.77470095628551
30.94081999038552
21.880687494074156
26.97647021414169
30.729594987967893
20.357248198927543
19.16024205767189
11.546182672710074
27.966075755090415
15.46239876142507
5.462530609491361
-8.323816336207308
9.701888728005295
-7.722251545819571
-3.511064510780784
7.412766833433579
8.695056233387128
-7.258506569309647
-16.554325562898235
8.764019453142586
10.996562461399769
6.879719915540361
11.433160917837242
12.244897703872386
24.283692845765575
20.565914931127004
18.726009363188073
-22.06627652637488
13.237235898672338
-7.966970079071319
5.592913290703356
5.337751220436387
7.17476016805396
-6.931581127099488
5.259267104477007
-8.31645159422649
11.729903478651766
2.597866663581517
2.4555925998585937
6.59098705630428
12.267463001086412
9.243851274653178
14.217782720006436
10.247746946387197
6.248787466704539
17.025942464953612
7.638998006966081
-0.4672424342972671
3.352234543715561
1.836730110927354
7.282874933592273
9.653035736099403
6.564354346211364
3.624742018219719
5.783396071641132
2.8234569277271566
8.554940821135217
6.768904741118372
7.944476922855395
8.798294397040527
4.069468446519056
4.7645583782426
11.100324107485347
5.401831385691579
3.304259078217628
5.890110386869063
10.900734615456116
10.66285530403032
4.09894766385613
4.308247765674984
0.49097132598049736
5.723517205267019
0.705432716778789
4.075859585096097
5.976581709662237
2.0545016675126053
-2.721737647391081
-4.79519329665176
5.478788396736506
6.685277605593888
2.9287385683666454
6.691642688956321
3.3689054589220966
14.197161194093471
8.633828366462772
11.54559836516758
10.666646847643655
4.960394334847008
2.0343485550752987
6.514665872543601
-2.5206042549906855
4.19252571722732
4.712019348928784
7.090971448456519
5.048371263753572
8.259140983472596
7.829615383546021
6.358858997834736
1.4373613727136254
2.891353239845433
-1.4217377846898553
2.9672393250695475
5.418253481244892
5.326443204974697
11.881342279630097
-9.768937579433539
-8.974491325138848
8.320009624036313
8.568082661573712
10.583107002690392
3.7960995570630516
18.939369881307382
18.680987089753476
13.885963730518425
12.572553772853425
12.54420391080895
12.091323582868412
5.842007559476627
17.601619015773014
12.617606489295449
13.066263118328568
14.454248815740987
-15.134940409530175
-10.07032999906237
-8.376663594749678
-14.05774242645262
-12.172470148658217
6.042748802085039
5.928432422834118
6.327348840836988
7.421186582553621
8.584050550459704
8.00060093064839
13.218200248552115
7.733811847943561
7.236522179888359
6.290634319874686
7.359329374807428
11.293024879515078
8.311458227196814
10.348258529963912
9.113007820200004
13.28580496989095
8.39544359185855
10.138121122697838
15.977574818191533
9.447819424236851
5.341670058806562
15.673225655469487
13.150388266797112
11.889184634796647
12.984193797833036
13.353928238233184
17.444532272478803
15.540877448304718
10.280517797659394
10.835082340487363
14.693331365772623
8.726567164925049
10.254061000356218
11.42725433491674
15.815379591466986
9.516064584620931
3.375627438171194
8.360897667801078
9.343834900090554
10.229998495064653
18.3666272899268
12.18494658017693
12.632951914681785
18.17013024361627
9.511822744366679
7.946549930831224
13.031935035260638
8.754184637779465
13.255013751092415
8.46323902768105
10.088739651634516
11.483644454122038
16.428021936562818
15.551837884743911
7.923844957173832
12.561094258648916
11.147931306044377
10.722086053323391
7.482108163788429
11.639524916119932
-6.4640878227452445
4.534331728089527
-5.370810771070409
7.7855744420438375
-5.177658572463569
3.878355259136856
-3.9727030969737265
-4.044005886189889
12.536729157903512
-3.8211639143620517
-6.963697494858121
-5.228769604630706
5.135159733553064
0.9760603479836584
10.43128299357502
16.99214242872017
18.89321661992641
23.306473828951155
12.195087564294484
10.301578233586913
8.424617228375386
8.197574995742203
13.475788277673741
10.695383095904306
13.918498661432077
16.33653846437258
11.89847662072324
10.416099145154806
11.33116992565112
8.758445042317682
12.287315575111014
7.354795738867685
3.388329689552242
11.32866074303279
11.929043611538136
6.2002479737705105
7.336753317413183
6.015792915648377
4.09935574910256
10.065085178499215
10.823759799123394
11.923285484144305
9.617949654317954
8.202062163089101
7.050561445979687
3.5849544859074203
7.204952449772188
5.8369013856610295
6.3031270310108525
7.173768725446202
5.196965164328233
11.267081805792735
12.116564095625833
9.073550469180338
12.239743180417918
10.10893876686702
13.860086103704964
19.254551031246255
14.193011897307146
8.944355179101985
16.52238264436264
12.64940303927492
10.042496665148922
10.387685275369966
13.818478293250774
11.406769350424158
9.680614212702812
8.24864329215844
11.773447239764796
8.909562898416382
8.632251850731771
14.453559120823517
16.93004427167151
8.069510639894059
15.806583757536096
16.616936990585845
12.413648213036872
11.738637578108493
7.761014796475579
6.9762337153339
6.1579691770548415
9.883942637511028
7.4172673573681625
10.806048612620218
11.978538866775601
14.035984605601582
12.039567588375942
13.911143593800421
8.226810044108394
9.94117767274272
9.656899152250615
10.32368944696911
5.705027468699103
4.927303471390262
16.8572248459614
7.729395454794023
14.293222244409678
12.617706743167641
11.527406590184727
15.007679645765272
8.658375868365706
11.471101133295441
8.828998618034602
-8.776607243864225
-5.321820531528899
7.155729250897529
-9.384069351102214
5.496995210613261
-2.155702958825576
5.389901946386856
3.3294723481309054
8.28316099930166
6.3123189549993315
4.422621073577396
14.049666876160789
5.499694023883433
6.347245441463666
15.092295093840987
15.221016134484577
11.3075948773985
12.398920488416932
6.847913001310034
6.3788966724602165
10.051140704400938
5.018321583199841
8.387867469807052
9.781543721425761
