54.994087344834846
54.99379719877137
56.16644517699161
53.86845999084067
56.08846906568817
57.813914986735654
62.65481703043443
62.09347628181626
57.61832117642212
63.845049411799785
68.78465093007361
64.35249008782777
57.67593943999332
60.751773650070724
62.89402157092936
68.87414379131097
63.63615821079506
64.70079738224456
68.5919559186827
61.81815747672435
60.73163976585708
64.01986049591743
64.61846944595317
56.39899564463536
59.86281213767804
64.3524071830561
52.71902085295084
59.646035077300546
57.95226455796141
57.32619573611781
59.80766950364164
62.69477207276432
63.537608975672605
63.14845647822714
52.234210671984634
47.19614826579776
47.345218951337294
50.99865389267536
49.582280360866456
49.7900253773918
47.245271390247645
57.18389433412902
54.852427092056345
54.71587813901386
49.916326614805804
48.65422129637659
53.742508730394576
57.98193443376253
54.7122737526531
47.82245518937396
56.37704179906526
46.56000877343979
49.11390432465976
51.47390648698365
50.768383531589755
53.79386700289686
52.91490955146108
51.25877989764743
47.297705331841
53.9903969718522
49.65804810370646
46.64863291454488
47.75401057008786
52.186513996823706
45.753765965356486
44.858150146502204
42.14367196017948
44.142106713975856
46.22988681966629
46.088914768842905
41.781928065233224
43.29414359108199
40.663616039282296
42.64114470985203
39.530943892627796
44.98739536857627
35.89770192292749
36.207902708011915
33.87513146859816
34.039522881946205
34.25190109567473
34.62700787457935
31.984905215119017
36.33679750625718
38.50126231377417
40.09758820745001
43.55723236277486
42.07788515040585
35.70818864663828
28.6310693743586
34.515191480764855
35.43430668574602
41.05407917329681
37.53335557564224
40.47241318058326
42.9362542804868
43.89589823470625
45.85158101797906
43.80134676218842
44.67185547930974
45.144798434809076
47.53329011415074
51.391891891267775
55.30118815188413
55.118994844994376
50.40985708699876
54.08207101756371
55.26073134648692
55.99569533508429
58.95532963289708
57.9989921053856
57.637370184045636
61.87853480480089
59.89231650674904
56.31803593110766
52.598059461699755
60.844993470117636
60.629478333706984
51.74925395748791
62.67768900584666
50.28621835589296
50.245517483386905
64.60700163361074
61.06678302565568
57.37710260615506
55.696494868246816
60.07656979734876
62.72259097574194
63.64078457653947
63.26821819562038
65.7877209016832
65.55613932637425
67.59467287256219
50.300970770134555
43.98551728735276
47.947281240844276
50.35026096630745
46.17740124979617
45.62605999140947
44.2041469206859
45.6342703983254
43.844689247487764
44.777009952432905
40.29089849165143
39.72805781586229
40.11792731409407
38.400709795541204
37.679462937354856
43.88724123197795
40.782889212627
40.36157846709503
43.18199553368224
40.74067706165072
36.986241267152685
39.56279040776413
46.76749100318851
43.77163261061228
35.18770005248547
38.657668503718675
30.849279287590424
25.042893112684272
22.089040255243358
26.497131872026475
34.50342906359174
27.037707222263037
31.222091522341874
28.088915728759456
28.443484271234134
24.790542284657406
23.652908317674157
19.28692008955375
21.646150606398443
14.456883111082831
15.474752529023272
16.66143555830743
10.615887588055061
8.786540450760722
8.907888132107361
9.271406998027622
7.247558161064157
9.261838235884815
6.8251416648265115
8.899981081373719
7.334504270611838
6.561216178896516
7.76752820571167
6.680548376212535
8.363856257407992
7.076621588648585
7.373406887337018
6.258471513440513
6.972577042708489
7.296872683752527
6.900361411703004
7.038287602039656
8.018033269442787
6.444261819711883
8.38924890761699
7.554768027696683
6.9362911856469935
8.633640555883751
8.448433984951691
8.53254757023949
8.760781036956917
8.274386740784541
9.073823736170947
9.120676794950514
9.50138635963012
9.089333608170302
9.22881032163266
9.227665087310523
9.486232806042873
10.169900435175514
9.555095699244546
7.853823682938151
7.877932532043787
7.978339254534535
6.596246336660774
7.795343738561786
7.767446693778533
9.199496601339076
9.669079130807932
10.374105927763056
9.148179878176249
10.132920419425096
7.542282425025581
8.749537229612205
10.884390035426534
8.931787735413586
10.513469554346907
9.315473592308159
8.77894324849799
10.84420791809179
9.097329953797763
8.757967206531726
9.014250654279197
9.047779942319181
8.159851216571534
8.409781948871629
9.986341183424294
8.902974536465157
9.887105150400565
9.18467512256863
8.334949176623217
7.804435053971333
7.695260506256836
8.527436651696378
8.854116116713826
7.796971142610985
8.729555002065483
7.75512310378797
8.116604115811471
8.272486371195033
8.874147095907142
8.360784431953286
9.657514482378188
9.590755330194277
10.063857941751529
9.366381250106448
11.062222401636118
9.131669467537678
9.19636344415083
9.222299631991518
9.12871597427757
9.26921185234579
8.973770327699443
8.922921931800794
9.396149043211116
9.564929469062971
8.971859086991667
9.901610058535109
10.397697092672606
11.363524186920372
10.50834636792369
10.74717995942453
12.432151758419447
11.264451788289982
10.98668659804089
11.007819160214884
11.15370669423877
9.191172078629183
9.59350595696765
11.262932379581969
9.55602785703887
9.555732649045247
9.755474546414568
9.53823066288884
8.517125652912068
9.130685914462685
9.528103990356982
8.656748210381632
8.705670681416604
9.086497026023197
9.889403412091706
7.5021599291023024
7.887397453065465
6.957286762656725
7.519000497823092
8.181095040612337
7.038756114845402
7.125871512468257
8.047336792224701
6.893233882194606
8.930690309143525
7.935001151308782
9.07879024973394
8.829983074898783
9.499635691957884
9.992831445182881
9.83156726985853
10.186258993432457
9.31750411259917
9.212538087560366
11.418697007430591
12.208296507124107
10.2260248435446
10.00547160466875
10.734714779262886
10.422564044736617
8.879241667559826
9.64539109615409
9.656038672315931
6.202524352243446
8.382259669914937
9.641902521151252
8.334757672505818
7.903518747450476
9.177164833694603
8.608030152933082
9.136691214592329
12.038628235897198
11.0981758605035
10.308989804060035
11.271045624852439
10.780872458998275
12.306710496950124
9.810463799316647
9.896232793119397
10.936882622963928
9.03101115546874
10.315588587556565
8.619470912973604
9.421745230735498
10.268377803217795
9.825977657270087
9.192041600755514
9.082530702172875
8.256200751374402
9.278157347363692
7.857138597801653
9.016118892154813
8.144222021293976
10.031121548071654
9.92941353060552
9.4484349007222
8.89818615684163
10.699010127416887
12.790441371808004
12.222773606818143
12.314617878401698
10.301954805770642
9.554286760245436
10.677018243715647
9.212103361296455
8.958268381842188
10.653843645821729
9.030735894724378
10.120711135482017
9.802920267827828
10.312861750785093
11.467774917521607
11.436820201230274
9.097167267016534
9.451671579779497
11.297703957297877
11.454389374796584
11.237236764549698
11.089375214047157
10.721325249721067
11.2892199468715
10.983753956674342
10.537769141591598
12.582820437476357
11.435902520389478
14.619826326239568
12.37172116546266
12.13784177240104
9.577477107717105
10.63395549862953
11.212872240254228
11.246616341619786
11.930725494849987
10.524961619635647
11.384349375990334
9.976134235971518
10.404178247324243
9.767645143856933
10.2578926822023
12.152009405201756
10.439466978502795
10.050809200474728
9.848671694623038
9.152949570565427
11.619548567372654
10.79835118793708
11.65882085307571
9.771983060030747
11.167460140816413
10.496267519406683
10.77669681834941
11.312463014702393
10.921937262272738
12.272541549214438
10.974448863612169
10.004668253451818
10.920864955437565
11.13468139120149
9.69808304611185
10.807414282160627
12.041214187787435
11.004106495327393
11.28749960882507
11.709027024244795
9.900812547224481
12.058257340074281
10.897435835217841
10.198457688165695
9.636610605508432
9.425583303156387
10.086523062545366
10.13460357141475
9.939247396135707
11.152627872883494
9.121449442699038
9.102063482009786
8.952022194902845
10.993342446095818
8.760520187992544
8.743904254545543
9.222772121860473
9.306464984944244
9.390638122313511
9.064094761168363
10.399958937575873
9.148496384896834
9.532344585446431
9.09301790391891
10.258466106057805
9.51494959926375
10.926574240960282
10.274566360148752
9.911623151316865
10.242337696273266
10.749690948870066
9.767822956532479
9.307548773396416
9.786180192921005
11.209757472156417
8.821509997161034
12.858625221504749
11.3483623570651
12.272037342262754
11.306611178600441
10.737439142227664
10.133613447030665
10.556306548081924
10.228902975830538
10.714033527185913
11.095546510266917
12.553963880907038
11.230622141394994
11.462687100829516
10.372284858609232
11.06957824451529
10.528533333119412
11.515912357077422
10.887934319571015
12.849994292276584
15.061693968894728
13.480015558052305
12.218361664002343
12.606631913184035
11.278746238603881
12.463091774776947
10.96001555982739
10.90593615144944
12.615889388722636
12.938772982255902
12.086930372843504
12.327750815916293
13.085813007105616
6.245553677038432
6.539836077068296
6.656427944038663
6.407802337571738
6.221780713480527
6.655085719370195
5.8156368499511535
7.300000547940945
6.423613662177431
6.774224090447456
6.659252037125306
6.244402545726746
7.6266379273986695
7.806005226861372
6.354924674778179
7.436911982998032
6.881445178659844
6.5232757928887635
6.548819323329692
8.015135548851262
6.1899686606112985
6.5937601227712275
6.815563485057104
6.258066538162253
6.166934885645469
6.510672718511545
6.2077604824794985
7.087143878807883
6.267266616208547
6.070957578390279
6.8310255080733
8.52272203374201
7.1184482215325815
6.457585015718694
7.080228163136517
6.207080872350546
6.269446101396817
6.554869136430959
6.368796885064191
6.074340083359434
6.22592242255565
6.435644684397965
6.25862691180042
6.415949278772228
6.440895692039185
6.857420809104281
6.36938228589629
6.262955671950022
6.323777493321613
7.996501998405112
7.91308040021792
7.470024891088558
7.643074715730991
7.9093601007032035
7.630505499774849
6.8985771614967515
6.283011746491899
6.794951668400539
6.123341493129303
7.165426583078195
6.230867161050654
6.569650992292521
6.619019291088374
6.526069708404579
6.517054610690309
6.032934199641351
6.4631724101286965
6.772887129743027
6.695818747983976
6.806823427401815
7.3755404355362195
6.460829548001875
6.619584183019714
6.99372351033606
6.638737967302845
6.192222376982733
6.34508037379014
6.4699349799178405
6.61205617595247
6.245231609703898
6.213795902213402
6.936886850423292
7.139413697840856
6.222931443316382
6.045379628736514
6.370882581030522
7.028166564247001
6.379219604833295
6.620443720070911
7.071570584181547
6.511368172951739
7.898140651555731
6.933901967554007
7.295993124568162
6.4730489280051575
6.300676850104328
6.748962784139048
6.169905894822388
6.348661245489617
6.557597622365996
6.070229783154171
6.50173708432322
6.307105453452563
6.130256002592764
5.990250564798246
7.857059370835266
8.668678914890911
7.476926173306613
7.698296761783001
7.436623786208826
6.175952785840986
6.729304581525231
6.228385859235152
6.330114023051849
6.497590635825923
6.84888208564328
5.622795946840543
7.995223349781375
9.101645477080016
6.333858476716542
7.320392379243537
6.563017762010933
6.38401918006895
7.459666222209285
7.641404326097902
7.350875360440267
6.53442928949823
5.857393814333295
6.224296911740517
6.720316598116725
6.389068987247935
8.057499391377679
6.695551461530315
6.167507992859252
6.108187460096757
6.277562933487292
6.209661027379917
5.968317925276463
6.52084105995934
6.589380509555571
6.566217717778772
6.079675554811701
6.445995432356846
6.320216410477358
6.551645381134695
6.167795851585679
6.198458985199824
6.643921563980869
6.3883377490746245
6.406309549292768
6.441205149360452
6.446352494823835
6.436122274371727
6.214554475708874
6.374596424072579
6.2806681298774185
6.39789385608288
6.087991595938008
6.129158150074067
6.052763596756895
6.510824462978405
6.4323524728500665
6.243057459188478
6.308655970932248
6.355785053931728
6.481955386357976
6.627408899314031
5.907304408563663
6.288477841337683
5.9258858188662344
6.294622492421598
6.992501826771046
6.444180688296424
6.799879131903853
6.261305460675165
6.748146530513062
6.868583063273075
6.732429489716018
6.643696563099352
6.020374637336067
7.552950697442363
7.512912889012877
6.830832250647291
6.986265464963341
7.588824616104378
6.0565441744311626
6.491070057375852
6.027191800385063
6.1584578184027
6.432673942559147
7.0574860454134996
6.0161646100466655
6.430636397291973
6.421198228205422
7.481788802376149
7.04248516606494
6.810560341811759
6.591175937225712
6.000417934828635
6.23302533999439
6.869202139319427
6.453510191909331
6.269253270995216
6.193789159896684
6.40589250720444
6.078890812551146
6.194297150138741
6.479036187942321
7.643514875110855
6.202111384843722
6.0984319169101715
6.005690622872521
6.277398388199774
6.3544509187443365
6.431588681768912
5.824053880575657
6.378277556185075
6.2981170130237105
6.204229231186643
6.313707120776581
6.093576876591508
6.609596847011494
6.630309230662461
6.538014361145403
6.415226954808517
6.288291959066518
6.4577113085315885
6.109918564237664
6.265983722912431
6.51591769175156
5.90205702339527
7.346721344152435
6.469435292536317
6.273690807288227
6.557389055206384
7.664166575874588
6.160161450102658
6.410041004684142
5.818931357556112
6.182621247548459
6.557997544531728
6.242465222100181
6.715373028311621
6.715104472894084
6.334336581333407
6.088855868612845
7.044061007765163
6.4376740361235925
6.727883625078961
6.469914470159292
6.36851265926664
6.895310582089316
6.210875969344793
7.548119711863566
6.9175728498146825
6.308675679536478
6.502347876111114
6.337080094590306
5.969630169152151
6.2738996585113975
6.504752209336347
6.129903532523687
6.404706758787884
6.662447416783331
6.718099212865951
6.585514258164702
6.241359150912883
6.2535057545976755
6.290808107932588
6.296902922323467
6.511970053194106
6.429818010673419
6.329544735304024
6.316099550464353
6.331713458085247
6.512310804607967
5.917390272761428
6.375273916077107
6.586162020627852
6.454076761289065
6.101638107347322
6.481064897475943
6.410264633410649
6.371111533508366
6.501065139489984
6.3746810797745
6.723244302170061
6.281738765955277
5.93834920873029
6.435274958637651
6.518595032386281
6.056850995273521
6.029837409616278
6.262677971457032
6.341875674117908
6.303686087353533
5.928539124766702
6.67179182599598
6.722062554225712
6.762683984041408
6.131851095983541
6.011822109763431
6.444068797468901
6.166074975733774
6.949170738235192
6.552660179503164
6.581837016571177
6.733293899988881
6.478350020441228
6.452824099890336
6.568395759822863
6.243436423308336
6.594001211258333
6.547834123084454
6.65999075891746
6.402604306644753
6.22419818991195
6.035705520401294
6.219537839620403
6.215641059280993
6.28203328097522
6.270836503651138
6.254668385573695
6.577956042498353
6.657689155453691
6.66434336280747
6.015615661899484
6.029376909245163
6.209530307647002
5.923744453053867
6.316007571600644
6.360496396685308
6.178135562926587
6.390533500537356
6.471577825268942
6.025553192883995
6.196697900889449
6.287142294973199
4.824059563325637
5.66902930413903
6.180347273795374
6.983981016467193
6.512340404105663
5.952567371319403
7.554192541120726
5.937214823323716
6.256407815828174
6.314176923356645
6.762797581997008
7.84823731999397
6.676669545594377
6.136681222752532
7.785198587160515
8.275923597028383
8.334797170348807
7.911957652805874
8.230928739839234
7.438938701139143
7.682592722561474
7.659352027195142
7.082318500436134
7.015406947746419
8.62748041512477
6.698900248893249
7.11444458640734
6.720388456352651
6.113265934267412
7.3898755983984605
6.072336977546201
7.820335912017032
6.1096958571458755
6.0497262397621325
7.391458607372043
6.910730137793964
6.149422997025779
6.570262977272549
6.568567417519588
6.484170691310494
8.03182458050042
6.345682169285607
7.028717862056962
6.9446131810807294
6.750954301173904
6.551101678960437
6.42772566902124
7.18248438719467
6.51405091964048
6.977283981575591
6.4491513793389945
8.031132547553558
8.422540349536424
7.865955870958072
6.028509857385102
6.186886517779859
6.125419510343289
6.564267253980228
7.060159897661182
6.710036018723293
6.499173958689186
6.5688133134341955
6.6719630376082275
6.127669275445562
6.041753908694042
6.701537803415017
5.971204180630547
6.058709653252757
5.877700770958528
6.390569566065722
5.989135610354605
5.887029914324279
6.0611558332039825
6.029088190889581
6.729379390604022
6.63377768744547
5.974741168386401
6.382366260776906
5.999993636999495
5.84409692785254
5.7638824382166245
6.117021203408126
7.149689076904734
6.231997515910447
6.1231146231752245
6.417814795339599
5.728620362624162
6.7515123004903606
6.919810851618928
6.750683252015689
6.264924681928771
6.116901353741742
6.412193796886755
6.447823713342523
6.864047857763047
6.302662464533067
6.440888364794335
6.344804809458721
6.10152360484147
6.485378021188828
7.460125065297181
6.699413475323977
6.316911975736696
7.315928676289146
6.433904217390019
6.524262869825245
7.82976287893638
6.148125456793674
6.275386202143187
6.218911354147906
6.431769205334639
6.4153576313003535
6.338272839677749
6.728819224852532
6.434831809739188
6.3040949313254
6.198089639807344
6.212945571898886
6.421935510345084
6.138916760082108
6.582536052527253
6.628403449000918
6.166384043316039
5.95934093796579
5.893978188684954
6.451570791505465
6.436895308316016
6.6811747745676175
5.959053120669843
6.555458473010779
6.126330106027053
6.391906389647142
6.422635739708096
5.938689307048243
6.14576059354656
5.916008137390518
6.291227724941591
6.2654663214637925
6.4438119659008954
5.690843173721586
5.906116666836895
6.300910295303825
6.301449705240827
7.026028075886203
6.041085881670721
6.585885223341732
7.982432700736399
7.826493760982213
8.100020198352073
7.729596578356754
7.70252961237501
7.765810242572885
6.380082442842594
6.0279205151755875
6.189206933056511
6.4426411622228565
6.498150086315287
6.064318684432081
6.198966358966694
6.500632295169128
6.210653117674454
6.122998547085235
5.912554028100365
6.609940245921418
6.469853910120644
6.368543815466781
6.1168546214261115
6.7433974428228876
6.245804509875981
6.744393593834152
6.636276070923582
6.365339884324723
7.110750158340225
