54.994087344834846
54.99379719877137
57.28917025122679
57.26555266689139
56.78793975125434
63.42792507243773
57.93809469198233
53.94415993442689
51.95625291259579
54.05834896266125
47.92757587454789
57.84896760099647
57.83566854410875
60.217570649531524
61.44068858738467
61.356798044862494
63.01313830067921
62.16156188489624
68.85314687114271
65.45758662857088
73.11154489713358
75.489661616297
77.45590723485884
79.34542961244942
67.8286693220698
66.216669131874
71.42727135826752
73.62226345681343
74.74453578361629
68.42725369087171
73.56734683737857
77.14787027205429
81.87323596997268
87.1523853538306
76.70975835439647
72.59770655542889
75.13458585073849
70.59088582641755
73.69338398620104
76.06701470472571
76.34626236190329
76.75501770386123
76.65642908804432
67.54409552426831
60.90539731109644
63.60856566073389
71.38305934603933
70.5877255530922
73.04137809719367
70.08638091443144
75.02063626645915
70.44010225204835
68.84072608889151
75.37269882511146
70.21257598453798
65.45270182228532
65.25602686920493
67.0535884161126
65.51118856080106
65.6191434268957
73.55887428776019
70.13712948425935
67.26248772562009
63.8819775085956
65.54079689932624
69.02359836871919
71.53276394156553
67.01143588860808
62.746360796397866
60.0357498293928
58.553504810183654
64.04825907523136
62.655256921761854
63.090090676820495
58.28533125888702
61.651373989102446
65.26060257895878
60.37714635178378
57.12049335466335
54.99595343214465
52.871068463110525
50.33874417215377
57.58567201714576
58.574519654517914
64.87070890802384
61.98593995188745
61.75271057651179
63.98322486536303
71.32239834646705
63.06617471779231
66.01078098634115
59.13384274847619
57.13633997510873
52.77835614266455
53.70662264752687
57.57729083548654
59.59036633438865
57.30094944384406
59.32763211058004
58.30012780780852
52.54829763236531
57.69678411265835
62.71643968207573
64.43364646932196
63.63919212437857
62.133966231612796
65.9326765354611
72.33281019455627
77.07711320096165
72.23719313266787
75.5339730418031
77.73993971225838
76.99384910104732
75.48009772798554
71.95627103113893
75.61358200568948
77.58478436129944
76.70385327256652
83.17946422641354
73.47550414003346
69.32328099308442
62.50680054373937
64.20202183141818
69.16126715492719
73.02812426995472
74.2451738208899
79.69827066425593
75.04016288114697
79.90429619891997
76.3408682567344
82.0004661880898
85.40200356527671
79.17751687232455
79.62302560946156
71.51690001480031
71.60452987256447
62.05389932467135
60.875635443883496
54.01481191789075
60.61336819442457
57.45322653137637
57.87026972000333
56.34353460517382
45.38945571496045
40.58894631102944
42.968050756702574
48.741599821669766
50.30751430628313
42.457475044209325
41.76923012343785
49.2436932112549
53.13165018644396
51.29712879433485
48.46338310962492
47.761854948614506
50.29545135359424
53.01831809322235
50.76725264933044
50.741724881217145
49.303077545427
46.58075887635423
48.68396721325715
46.60259457434594
46.33707690340119
41.97029023762832
43.42397684948678
43.87094936476216
48.41087717822801
47.66608566523042
44.70876212409489
46.92959919916789
48.23162516114032
52.69149940375437
52.55032930772293
62.584058022375324
53.06187400450661
52.742820908216096
48.35882530465088
45.97816244138657
43.492668545034796
45.69415529964707
46.78021452348833
46.21648471983251
40.84520316170293
36.46436337543694
47.069931711789785
44.33607214060128
42.73442004396279
42.79679484680432
44.73933550128144
43.03233210786193
45.95310024214377
39.35907595261781
42.52226925932051
46.11570925008679
46.463948338597866
36.68357852366657
36.88144982485697
35.82669340226867
36.63317352150649
39.901309476469024
35.158908077823604
42.69662907230595
46.377108199676265
50.62832422377713
44.44023992201319
46.690640780446806
47.86335968795043
43.51745399834572
44.01589836384472
46.503736703407085
45.18001406762793
37.49792830704053
33.06799234075014
35.68514644860938
44.75913312229717
45.397240628371925
43.33605869273593
43.86749176386372
43.55612395140802
38.052361789490526
35.19267127109287
36.93367879559177
36.31117787842083
40.57664758058358
44.343451646987674
42.84065159043216
38.084980241058446
47.458085977644345
46.02422190237103
45.78884563266718
36.35668689841365
43.06181607533208
32.241747523808804
36.622884017694005
36.746191737305345
41.40746947928692
47.01346248095126
49.82200018264518
46.4826290962762
50.6258291755293
48.83455316677678
53.15823681178101
48.97631526044312
47.94648303511647
41.17741147890047
37.586134311148435
30.4374793144891
29.782846953156838
32.45282319492436
36.10805157989009
40.683430255629744
40.4459875514916
41.975589552636194
34.87676940136888
36.550081835401535
33.18737491239918
33.84780075564482
33.625207734839634
30.95889660103287
29.865970109623817
33.16855022183852
30.81101688047892
30.73381907211777
33.42821376491937
33.31023941790409
34.13644827340686
39.27124324991511
34.412502236460014
27.533320517927102
28.243214197971433
30.555873038279127
32.15655103952661
34.694209388457104
36.153102708608984
36.53327832830451
32.7420240368663
35.93158692905526
29.267772313359444
33.121866311751795
30.414605380933114
31.40351966557893
28.224069714813428
21.168646623543076
27.796131567684352
27.79480976016293
27.518162266253775
24.85864702270893
24.831354612347322
23.128671932233473
28.562786188186916
20.769499213237165
22.077420208837435
25.15293544691473
25.436171464483486
22.59358882417486
22.229747601935525
23.95397346025598
22.350266022634905
23.11534034927782
27.372582947207775
30.505104792334564
30.968082960468973
34.63535137981956
35.82700573495299
36.02309927361545
31.471483106372645
34.13357023073619
37.11531610631947
39.368233995706355
36.38972875527728
41.42642917699592
48.09485271137377
45.98553833979864
45.64692577645825
48.543296104391096
42.65884303696109
31.2776168280809
31.399586795493185
40.014038937655265
39.7273364421168
40.91488235744284
44.93313333491562
47.661994982930274
48.75268368318893
47.17928819666957
51.5436493389749
52.2440859931155
50.861591027516184
51.74568230198413
45.02876536082173
40.90420304291772
42.58149756493582
39.2980380371412
43.14279360750679
38.57345549859249
41.025638000227794
43.52856053759668
45.21198999448726
41.046513831471415
43.111465139328274
42.697747571173316
44.52964228670082
49.944870401618836
44.328009619577216
47.89165539448429
45.127315005369304
36.83344941353835
40.40903920389722
36.49117280256768
36.17237862850603
40.16323236813033
40.10719844685963
44.31058433988616
47.00573477099436
48.577358290276294
47.51165902490456
44.55699204053074
42.69418466829462
39.76208093413338
34.761243308857466
41.095325115345865
35.13000063923534
40.74474638649552
38.246819053333084
38.1262394894422
36.07152256944008
36.23189489982846
35.79345534795275
32.771499325518604
32.256630875110076
31.44362878905629
35.03269035051688
35.19902308245693
35.75337299218712
32.81221560266625
30.047255623775357
33.32742197700548
32.629858540307346
36.99884727966462
37.91183237321742
36.80512822333555
40.008251519087025
45.1234409956379
49.941178403700434
53.669144844983016
51.26909890838401
54.6832863563979
63.65425883710317
62.15461828155117
53.59600939727193
59.653615770828615
54.66557354439287
66.1681774999151
60.464334319027486
53.120903111379
56.97923288074159
48.215168813461375
49.97558753700125
48.52754067848427
48.138108487865786
52.72802091013659
47.94182023281397
45.08327214028384
40.32591847646779
44.664200293472035
42.65304529250465
43.60746790729592
43.82898526420605
45.90167329635061
47.48360736914391
52.03028688299848
53.26788346210125
53.37736341605526
51.23446595537253
51.42382140286957
50.12659064325152
51.76802815912659
60.299631866121985
60.84520557801056
54.435341495392294
58.00374675048593
57.399192985723545
50.72345094046575
57.61571531691654
54.86329699275284
58.80949271243874
57.60180596385544
62.78388360241431
60.00504787493703
67.915064491058
63.288919371801796
58.92597172514688
62.531600477232956
57.8874234165864
59.32107660398975
57.2000468452381
54.76036371915757
59.52906707809342
48.99484858700222
47.10680090389855
45.5707759101364
44.80756193212937
44.01521214450927
37.62533458497104
39.22253609085154
38.01142606515338
44.46731658996624
43.2323319373632
43.124485704857655
36.44200233990382
42.21022988038069
34.077003596784486
40.550125526731804
34.93471439135636
30.809222601278517
29.840150452687183
33.18471166245107
29.839681734388417
34.85178353754447
35.250550348427254
35.90721649787994
46.749959291450494
47.34820489715186
38.23331640211128
41.35340342600915
44.689780156193514
47.3365757670295
48.33121980699063
49.90680404819926
49.929730172629114
54.46101580677003
54.99764316919467
59.495518129364214
52.32485357101383
48.97946658586664
47.107879854150774
51.97929999067638
51.12699611990356
46.11526975942494
46.141795818898856
53.9493585632239
52.84926700453255
61.080634356371576
66.07222116308178
52.69404523807014
50.80413830493796
55.551758349881105
55.600141936033374
68.58542765374376
59.75047159590352
60.80688723084472
62.04524715446133
67.1872552034431
55.518264974917926
58.1851318258623
66.6019601828686
60.53102105234234
57.37076516576484
61.64485058072216
57.40939140824923
60.061714494275485
58.62155082665496
59.1734498410989
54.93582307162468
50.33509141945165
44.62736846467782
50.104457492489985
50.41808235375229
53.16481510402475
53.271142811252886
50.63061397815097
46.46088512479494
43.083355988237955
42.0123475612237
41.34965077204662
41.19500564761389
42.88207208939511
37.3255006459755
38.16068613841575
36.51388413030301
40.65955368225725
37.4712001533306
37.99387764608188
39.418233493269625
47.10619558905543
50.553715608138894
51.911340591826274
47.86918064444895
49.96832350000757
48.95303488289669
50.79199412910987
49.32525771245594
46.90329935904875
45.99389034218335
48.382344063916214
43.62636900414546
43.29886613261375
36.6492808875924
44.276537686760456
41.7844044904695
41.73201900935965
41.03263329571873
38.311136009580004
41.78726287344975
38.74404031152417
41.84984689184087
41.16962626515504
39.609197935407906
44.21060397665247
48.5545884150185
55.557116477580735
44.285919059804115
43.50005117161555
42.83030175845813
41.53436086141468
37.36738652904783
34.698269590784584
37.53090608759564
32.72168252414628
36.77170936480222
31.02020574888757
36.608308843890775
32.35487377690467
42.27231854834192
38.98129723963234
39.791466874968215
39.01476747884726
34.289134950982074
37.36601402693481
41.660737015248046
44.308117591595476
43.21053750706224
42.33769284387134
36.389323205713154
36.71898641773421
42.15383349920785
39.969198422666224
49.855023348055745
46.63014450845965
43.46243148059874
38.73928118111494
32.444264529414944
36.40066450938399
32.797585955622026
33.04837561960057
27.79463795428844
26.174885492795436
23.446065087141736
27.17497070228844
22.129909140778306
28.775435388721448
30.879761483369446
30.461434423092474
30.279965854529713
28.575456737668514
29.133605091876607
29.598025820841354
25.02684012363852
25.16004960173936
30.995876775829586
29.801309847069128
30.219111291960107
32.00961096354793
34.70366777715619
31.998195356232735
29.866758718699717
28.25488445235335
34.688612948623465
32.995520899373545
33.39069712941297
34.09324810645703
35.85170364479915
38.34732495320921
34.67952878079973
38.26529567843199
38.940659812538186
41.76381369593786
42.013021917979295
44.15923861888036
46.63804718201741
47.957221658878005
49.45143666774745
48.43487064063306
38.86721185863041
37.090930094727064
40.67157024323905
38.036284657166576
32.75993540305075
36.70952478003563
34.29970844200534
38.36517922817438
42.91939982957261
41.85687797079471
42.61523809116549
45.19363596423443
53.19109400805
48.75223394869702
41.62714767695725
45.53766453393674
37.41811996938207
40.102995034005524
38.16548829980157
38.37285590976352
39.6889652623019
34.731266477147265
32.35941808473734
36.31921598624918
34.684871756280785
37.278377821321754
31.78896357808673
25.004135405756916
28.714646442486263
28.99697246662784
34.01243955524093
38.744398613554246
36.13255554154669
40.50726233502253
44.31660645780637
40.77779216045224
44.92569516817944
41.032207723836784
41.211880938366875
41.63325528927851
49.757638621388104
49.2578631953249
48.82014667485564
51.174397310086704
48.816073156963235
49.439136991235486
48.322294329235575
52.871519588490614
54.56955950537026
54.72395015451024
55.564795489015395
58.79146620530804
63.03231513530975
58.382515549994395
61.5360795023265
62.294035296349186
60.88869988128449
58.110100761848955
56.86447801589518
57.8735644519006
49.72461844847933
68.48337920547968
56.11959194387799
56.09365162262718
56.98911173254433
63.45961192619603
63.44968100027149
65.62065162075966
61.204845968487106
62.78842154066328
65.25363678367533
56.37068578473139
61.92792778379216
56.013005373389696
58.52618832729385
56.58296668381823
55.96019959820403
55.90697192038779
55.87456173495769
53.6125416548324
56.60496816034813
48.25833391880584
46.99662472631342
43.95002570154221
51.598570341499226
50.48593269699891
54.96356139273188
52.094302013236096
54.99506491297406
60.026035888616555
51.17166808035377
57.231609123484404
54.42934146852784
54.746374263723354
49.50088633902337
46.598346977236616
41.77683518249225
35.593243786505965
34.44811060339047
33.4603137946442
36.106020848638565
36.98876715016935
37.01331016475005
41.8404960746194
42.49881049061759
36.73529654190866
40.26777061269717
43.9939018604172
37.81028735967356
49.17806013567932
46.181869731509494
46.46940040001766
51.176400567358925
48.62465955744455
46.27176163631455
41.00937804707179
39.1028920748361
43.631952464015086
41.669017780970094
45.04847803440917
42.51619468499741
34.717096530504975
36.30686936366998
37.33112262915561
47.16628339035543
49.3653809016344
50.27082437597944
44.045849011979854
36.84336299673579
35.15699336006057
39.72122948890093
36.72185025729303
39.394836098988876
36.51428641387578
32.4303896517602
24.761390486950454
25.737505225962014
28.100653202397545
29.427129559010762
34.138480876519004
28.356655949700478
30.265682333912324
39.37362221698961
33.81294480337167
30.873911761348197
27.42865774920589
24.881019733076478
29.737073487403336
35.838625351169554
30.213091123823084
29.326996763881063
32.2217576891493
36.44696597201837
38.81160016031393
34.63132848493179
35.25503063821613
46.48776242923907
44.47503324696737
44.65923740447239
42.13693458179402
37.840086735352884
35.49321126670405
39.222874505522675
42.55858478539722
40.542803336189486
43.290276827667455
44.17981926480872
46.36761110676488
50.356422405191964
46.11928901190714
48.355888587464655
51.500929251330504
43.06110273435309
40.947785133066965
36.436237811756826
44.66048651825187
38.732039859356455
38.49032785193529
38.02318120134133
40.135298715950334
38.22149534630852
40.07672243569228
42.14027226261059
40.27420851238597
38.48542635634615
33.65533532378046
35.545134624048586
32.32907903050488
28.086900149631912
24.258577610996817
24.257451892343884
30.21030884085145
30.076077768881746
28.161122473167453
29.015421701527245
22.949259046866985
21.206885638323403
22.616573629577815
23.251755368641206
19.345534880221162
18.32416908180928
17.780112439494406
21.571663450705152
19.0105523383201
16.30727963727341
21.969992864797874
14.8464717713373
10.011999790985332
11.449516996004343
10.004219594897597
10.07617839890115
7.755000405186896
7.387648276545404
7.753827184130366
7.346135856358212
9.528239772670812
6.878552724325842
8.900358706004768
7.913289321928679
9.883263825622382
7.948283970759711
7.876769405123002
6.844870198523063
6.538241268271471
6.165012775531621
7.269310556623357
7.044198339354286
7.879706609450251
6.425888626735669
7.195373289041428
7.745037479113017
6.9904356835050745
6.823592926447179
7.107328040595372
6.912747271462365
7.9187336308358525
6.4513134727927035
6.672682332768767
6.384352805739466
9.711531169034698
5.741827427529166
7.143517678675467
7.637689439029105
6.860867890868039
7.494476847981232
7.768325978755842
7.449253271888274
7.809094049849506
7.947167863842961
7.663629846131352
7.313020625178107
7.201076592531766
6.593627825119225
6.856749127555372
10.224958564286856
7.364657886951516
8.383265857504815
10.498781071384393
9.885544462426928
10.213331736426623
10.066676852136814
9.388705892244229
7.009935910180957
8.176455967140669
9.652624529298594
9.9363140840042
9.813437316631695
8.101497499359033
9.200474169529018
7.723118427889268
9.88487330147994
7.317661786468397
7.040762782994681
7.0288396761309
7.822776999647865
8.588697359190379
8.170360884817521
7.51926725470081
8.033528656005439
8.162796178276048
8.315009322904965
7.051070904768326
8.640331888383606
8.42763730185544
7.914910642035771
8.044134489808114
7.43049876650136
8.282648960398848
7.867043606980538
7.281676015594941
7.365380366746346
7.762595559790278
7.406470994006125
7.71118568506753
7.129017154986479
7.128718043013415
7.251024516251929
9.151674696742313
8.711381854671755
9.00651525912958
9.205612636458937
7.179261259126542
7.478643580065624
8.700742078714503
8.66541004570629
8.854928815804975
10.530790489810824
9.889340897563121
9.40469221456462
9.844372781682958
10.431012051756925
9.286516109672407
9.22151014030918
7.9374825935344955
8.469641847524006
9.370202390984021
8.4594823005633
8.593354341207622
8.9898048974174
9.697251564710292
9.033594500772772
9.13950071347431
8.511053099658199
9.868581730780676
11.76168639609815
9.294890789517922
9.728894798976217
8.967608871593333
9.283418509265903
9.706690092965623
9.176564503806475
10.157842072697681
9.967409281279725
11.307351217259894
11.184810779676075
9.091402708733646
9.50514352477256
8.820713042119936
9.142327011164511
9.334150693566302
9.75843473924874
8.740187733959642
9.564306198894526
9.419562538186083
7.121689990151678
9.803646404989578
10.023586458908518
9.345773121425218
8.142643458796936
7.04500453881312
6.585826151024341
7.287317527507056
8.180298064369392
7.395537842429635
9.03682225142626
7.408657640911746
10.433594998425459
6.614960884903609
8.155667552464221
8.392831458777732
7.161287626406246
7.822209575144532
6.414054212150517
6.4589965067372255
7.758585691188298
6.9652845252679105
6.415506884470691
6.25562499380507
6.1849654252689525
7.439961715482043
6.082894942073914
5.813787105410058
6.176894232032458
6.109059186647601
6.062406224690337
5.802188017626313
6.208618580898893
6.019061918575334
