27.57730342310493
27.57732465768584
12.599917825184596
12.143326701756363
25.03582176986226
-13.87773280867811
18.571602855374827
17.42910135698469
-23.175439118954834
10.333907294309613
-19.276572060322174
10.171326653095418
7.830943605987502
-7.7275550802565744
20.96070359976871
14.627050975737632
5.6672664683386005
27.984491497649653
21.477583977866285
24.014064997023567
32.99725192399023
-35.69474623662672
-44.499838408681924
-34.58502909730102
-33.03030193072326
-35.580582610867154
-40.20722851630794
-38.205340912439716
-25.429673852001713
-15.06421793924305
-31.75663943388354
-33.82707643586973
-21.17314672905021
-14.33078818911004
-17.895140357945625
6.916838571658112
-3.7650532616397725
12.828157185730278
9.76794749552382
34.36190515645351
20.30838095703767
15.877321419482778
6.458353478876554
15.722380270625214
-7.875823081432428
31.309245991437308
31.842202404469212
25.447517065476237
34.02398263145057
31.02815789769602
20.528957007906982
33.266245338996406
32.75776603998761
16.022561097086104
31.65250267439412
43.29569237064986
38.05072632358258
31.116430349621336
-41.536398959323236
46.446779350945036
38.99952832793738
34.99559512978767
17.21269627036898
28.388170459161902
-16.838452385656613
3.9714963025467713
-15.229671930132676
16.81919002594965
-23.50755886910082
7.161489732540552
-7.711938344079406
11.887953161783631
6.765932112750816
22.00384227573525
22.13446158108413
27.41430379900356
29.415228145845635
30.623171901217436
34.354934107201096
10.439773988416674
9.299118397436088
12.798341574163638
24.320504670037035
22.27520488807976
22.337868304555812
20.223113105790812
41.74159637764389
-36.345136495194645
48.99011858931699
43.042031722447064
-51.70276428912533
-39.67632001285931
-24.77283568914935
-10.348671760486077
-10.108256198487437
-8.029239406469818
-12.17061019581454
20.90678993534858
-4.942058685486796
-16.10135336789201
4.843333244064023
-11.280152375292534
16.771817388104004
-11.01562888826304
-17.243768165079143
-36.12852797841443
-26.62388559656855
14.390493856007584
-19.750953697173358
-17.22429164534154
-20.502538104606135
-25.743132325682744
-21.799734913350854
-16.411777547903284
-39.17376412417819
-34.3753466282327
-20.98028051647032
-36.15248232097538
-43.42724007920273
44.32491559514312
46.52293065860088
-38.39142712327968
37.36879652413313
34.52196314746663
41.051976748552214
38.81267450877543
-24.381591907875105
26.93098590922193
13.438355384043145
11.334411245154156
-9.1436440779915
-11.170392856086163
9.776175527168032
10.049220625666752
12.790555390941101
33.57436669195312
27.438502391394515
30.947102584392574
20.889777090391174
27.58475903776414
27.187873242459126
23.12019471158986
28.249364101751564
-8.50205399476559
-17.712123546267488
35.51739753613395
25.9951332690005
39.04141425590804
36.58517402432368
63.863985553256434
61.721551077217676
49.10821902468512
58.81653341638502
40.55083350730116
38.00606576918921
-14.596447164660807
-32.41025599598866
-29.601996987402114
-17.90223616932207
-9.703430240160873
40.2147596665789
45.086114720832796
-50.71935840082641
51.239413486537906
-36.953106419275926
32.68068786771741
29.8428628507519
34.128922129349775
-23.60719213170633
26.127836406895206
24.45782924041746
31.63868794556063
27.433481078769265
8.319621795036374
30.656174375648714
-25.59747664456218
-25.60975168365086
23.57114438709492
20.26181746626347
-21.608303960875745
-28.788971784815327
-28.308361554395464
-38.11021119227836
-35.8552539046895
-38.745361953448906
-37.693326135712134
-31.75453500296206
33.90813634574522
-27.472848356213273
-18.378173129201187
-32.04399473993656
-30.717759883094914
-43.02958842421195
-28.457988083019984
32.94595354599347
-44.298852879760766
-41.74875272380553
-21.102858860744224
-26.13649874347283
13.742232828010774
17.800439078762814
-21.164333990088824
-47.77701587865286
-36.13556385719462
-21.161739819516935
17.07913318703863
-19.736313672208567
20.63020292276564
17.14109734306498
30.551783998555226
27.233838364985424
37.37993615224857
26.509137852127537
48.63809730563711
48.22230772595891
42.601255615349174
48.40367474691204
46.43555168637763
41.11528484022214
47.248177186786734
-41.69272788644156
33.43644183504108
17.530235018677775
25.14910420719526
-27.14846921503089
34.2952689104118
25.812464067880523
24.905337026432484
15.974741746993754
35.3067424304325
32.9494723852528
12.670436524310457
-30.263756120982723
37.70086740112429
33.98107121230809
24.424535260084287
36.221543795306125
41.29837495691861
45.841149096512794
35.824870788181954
15.262523296565844
32.062302400933014
43.085362959295004
39.10421390393647
33.016174901237974
23.719846029249844
18.852455253987642
28.50885303821726
21.208473077636164
21.355299850913113
23.468225655036566
25.36559130293509
40.34390819601349
28.79228523674063
-37.235728924621135
-30.548150093956465
-35.65580728316254
14.854562548928621
-27.62001780561529
-42.29641166778282
-29.62627051504273
-24.486588340184614
-24.83578012226208
-16.64921385589446
-9.530108911787579
13.405809700241264
15.40179462077966
-29.025510008637767
-19.601948565423918
-29.671800924974587
-28.263061290057475
29.484577807188984
25.983189385887364
23.76974882967153
-3.320309930763685
-17.87967142258247
22.618272284938588
13.287074217251243
-20.853999789271462
-25.583952670847175
-22.73627811071553
-29.538019601912286
-47.1969494700556
-16.656210417606875
-38.86847480732665
-38.07820595835197
-39.7163849088683
-36.220612577492936
-50.380631546579934
-58.978262345977306
-34.685995848836356
-30.64516912724693
-44.046826854394574
-30.652950128403116
34.38145144302463
23.760721793450216
-43.935113069896445
-45.69850921317943
34.687153782886334
10.560189764829914
-14.898244570076793
-23.158532112510475
-16.909881796000892
14.94462952095363
6.190435320129251
19.23383409314967
-24.851388784540234
15.471047833653488
23.263212822582034
14.685926327365243
11.109247900209006
21.561706974512735
28.320724634111464
8.34738151761322
-30.00773815375546
-26.459925629733643
-11.963937220150841
-20.00917318536402
-6.485817985605512
-23.108450793516315
-32.979372417833744
-23.67570723918327
-24.29564024252437
-35.770878609258794
-9.212331867735744
-24.346754840713686
-36.142660781925
-12.47932096354724
-24.884220878041262
-40.34726214325205
-11.52937788306499
-4.15790580709463
16.56824981746301
13.429166965388717
12.87908075423328
12.340114350991168
-15.847871219355289
21.39635634494605
31.33623002418337
-30.228132999381348
-33.90685267215191
33.833594264181805
36.031185428544596
18.06405679366358
20.14758958407661
-22.372269393161087
-34.52770914894722
49.15321789597287
52.84902173426116
56.192092716196385
51.72349057500707
64.48378651093657
39.44881082979284
32.882626584245955
22.385073249956147
45.09305633940689
26.31288509469448
26.27275486049353
-36.43901205957221
37.5549065960925
34.95824214270556
21.672158056223527
-13.043944822375341
-25.300380991550764
-17.649095711834143
-20.25171693984697
-19.295606431034248
23.385377190668002
33.356512129940064
28.440004030781775
34.63276591264996
17.579029735486735
6.910745709048131
-15.056946248493222
-34.95876231142719
-49.96556164622728
51.70890149177005
-45.67245020267029
-33.360221354143185
6.7313508151344275
12.162052617911282
3.6793072259445307
-6.809021838693118
7.422880507980767
7.951362532966222
-9.165692104575932
-4.537898896326749
-21.681688539684288
-20.249991994688614
-13.21418991081834
-23.484142959078973
-6.181995449091602
28.923156336714758
32.7300400113205
19.494744183438172
15.1795841714415
16.313908053424658
-7.642032388837241
14.972936935382553
17.71360442575961
28.115230581957213
8.264261434614538
9.783656844652713
9.20043289081286
-11.057559970697064
-22.964466722401916
-29.50186889629604
-42.29176930471639
-31.820137210661184
-20.89081997316458
-15.882387067207288
21.990842168019874
11.630013071059395
20.249196119191755
10.779550404659489
-7.790406470879321
-23.62358901299209
-21.385001234033613
13.33137346237664
16.923051945861687
11.501045323257799
7.346224518878919
-25.22956578504484
25.716875673439887
21.607331835646516
20.86201583847444
10.008681678821056
10.09342348683481
-23.14393996104735
-32.03433222596535
-31.40313343103164
-60.74287416266392
-59.51768689692708
34.14545978170795
-22.748030033058104
17.634173019800244
14.528906872204193
-19.722233372418042
18.03291572172901
22.36188481118733
-4.136176746070886
-21.419748295435408
-13.976639055262622
16.469937990248482
26.454754080746284
-21.0808419271083
-12.056457561274417
-31.99565389309812
-16.848302657436857
-34.34097645610974
-55.88080356007119
-40.453203653318724
-34.28680163065147
-46.954943596321925
38.888603249358745
39.72231491775611
-32.321272897479275
35.81438074391347
23.498844525080656
36.6016225874973
-22.871581064037663
-24.761303984134837
-18.839313062606074
-36.925852448275634
-35.67808952859626
-51.74446127634991
-29.895801521223664
-16.255603702397394
-29.77316428552467
-16.429937483423654
19.042116496367303
-20.932116993907698
-26.718809343870642
26.241368471672384
-36.332848388083285
34.34175787517599
-11.987644852692313
-15.111917504298187
-34.7125019382239
-42.872583705323336
-28.591370114111903
-14.444438480082775
-31.65618448887573
-25.956598932423766
-16.191860377991652
6.539719674479712
26.564885190951557
46.36453647210923
26.57347910067809
29.69082056245047
26.785221360436577
23.30847585624236
36.73620524015016
31.697803997391915
34.49647413144465
38.30685781270039
28.814774665980483
36.97931466205295
33.824539700260694
27.32264681131262
35.133045606934985
22.526585315699226
11.850931169655674
-9.12388144556022
19.83463859848741
13.773410856445173
21.12554638841012
14.24421504961765
38.3399254687538
35.04023591247065
23.106936095163135
36.032809433468
41.45839745944829
30.462815754625662
33.12154973122124
48.08378877020716
39.08146327338267
54.7588809943833
32.70924433196778
36.85167752056823
38.739002187094584
23.105841089032804
26.22250844974541
28.817966828362977
39.521601342090804
37.79627113780373
30.484626673992015
32.40244358710521
22.587452129714503
39.64536399116657
27.382299831285376
25.350651945158283
13.90981389827173
14.775286664002056
8.109750175835527
20.736370177383158
14.89534384407838
21.130992502739584
18.878831195863313
-23.125272486395595
-22.620770798442184
-27.71865984070858
-21.116249263989452
-3.9297601092213346
17.91638485721465
-33.0744597088989
-26.875096208033053
-40.11840845786647
-56.54029263808252
-44.97104646373342
-25.05265996605895
-21.3094032335824
-29.294530003920187
-17.18330301786594
11.637379896194524
-8.671763901500547
-28.707487198394976
-29.41146850419821
-26.74537418589227
25.85313863136862
18.19683140653552
21.942711595978427
48.79938079567519
25.28894540301507
28.855140369918804
34.08659975500082
25.355280768856243
20.377817399823936
-17.45204580169322
15.658672146152263
16.723615841057438
26.12832432473393
11.642733458732613
-11.459188446380368
18.839095242900793
21.027050650582073
37.874875035759416
39.25477438044415
17.54825921996232
19.735731057708083
-16.280200830428154
18.26945639504523
9.231067052653707
38.3287857880766
63.01316437061654
60.56682771564698
28.39519637978392
40.12756455369633
35.369384853648626
31.22095606417341
5.080744869171743
14.871700781804128
8.323372835056745
37.68499770345415
31.53189814494318
29.512943093499935
33.66228430827256
11.288315935868422
11.960678130593983
-23.17420071836033
-20.62711521856999
13.654504175633257
-13.549714433704061
-23.688321172093765
-25.898929812749326
-18.93459790698307
-33.007813780003886
-16.038894481535817
-20.14590004217063
-17.2956579620064
-19.484373413965717
-21.807489760481456
-13.206503348403638
4.074639829672003
6.470706191589636
5.014540626526448
-9.231082177818502
-12.64721642040946
14.283822707980672
17.860787485319257
11.984056018650088
2.5745569025465826
-6.36997615566312
12.44981452455727
2.706845659464592
14.725935789292745
11.737883190636946
-42.779626193301766
-45.025197967180674
-34.89332243956491
-25.27464117474225
-33.02657371651932
-36.02412591884992
33.85772815613846
39.84228268216264
-57.535157553010485
-36.642104280098366
-50.17178402906858
-17.423175365813748
-18.8462139831034
18.882846196695418
7.9709707568604005
9.85152221527391
-27.579611063217058
-24.52318550197367
-17.56707129622703
-30.411325506817455
-24.580574482690746
-18.049452505488244
-20.76175881920813
5.941615185989157
9.325778307883912
-12.109002012127336
-13.479146094922092
-22.758663232613376
-18.88277575381349
-32.129857791244525
-25.923539780035725
18.370613270825384
22.83765303682264
-40.57067644384826
-33.91388935266296
-36.529813582413304
-41.178201772043934
-34.638268100611015
-32.66103792353824
-32.12405589630058
-29.559513017203784
-22.407128533755536
38.85497572643785
-33.96566969067146
-24.632844895409924
-36.0415653123606
-17.6087193673576
6.904597835117547
-26.552159743037084
-46.159825857609036
-23.738115863682047
-24.841027370370206
-21.149476976043022
-11.298391657052191
-38.21973990721176
-38.165441229457265
-33.03411357883817
-27.185296650239763
30.294428889742015
45.40206566171343
52.223960663455856
39.84840623955707
42.55169826608387
20.43896992296789
-17.564243157410466
-13.736251786352499
13.644590923514366
23.209084387456596
24.95259855315956
25.06011770002958
40.191876190487704
38.43313954567991
23.846010528654443
-26.264839746522284
26.93438180555086
17.406253608901004
-36.97102681730365
-15.116154409934026
-11.763798394051467
8.68791083818845
27.751170756602146
15.568036839470407
14.371914307090716
-19.98499031969239
-20.89330158147611
30.767094305630987
17.273823557754806
23.936406889690595
13.2645264483895
31.363025030327577
25.283494284826297
-38.66380113599346
-38.21470312775908
26.821251621321125
39.7529497804193
25.259072538963167
35.48134700891227
30.133594655954607
30.84692736754838
39.91634700108465
18.517053914855005
-17.428725486193706
10.853470797558371
-24.30491347287211
-29.961409363368567
31.030284837253962
37.853967187976146
45.696256112365205
63.57290149273272
38.76557817708679
9.259182926918635
10.519126213670429
27.318052180888742
-12.585414964024624
-12.906220278596164
-12.879902738503276
-15.0754235148048
-5.005897336216924
-11.205243688056528
-19.567576008910176
-26.021148900323983
-24.24998620059626
-19.948816469503075
-9.996216546159694
-21.358950936760476
-36.88024875416748
-32.347540608834976
-31.873013195698164
-32.31653737623879
-11.395980374897254
9.407251555125368
26.656684849582504
-9.982855892390912
32.15926986154042
15.74706695439767
29.69784375364981
-57.68059736167469
46.26274813833239
45.346268483201385
51.01592754174846
45.01433359690408
44.0098327581734
-32.71017805149149
-25.342350590409747
-26.05106489376425
26.364969973701502
50.183237267205655
41.14033352475629
13.002357692113636
-33.62586459932375
-63.369875608187286
-34.04782202212243
-53.012078580866124
-36.64982028695714
-26.937099922545276
-12.855141574157118
20.379268805456313
-27.117365275172812
-57.21721239652607
-55.363348006521136
-67.7545670498761
-57.69763391128298
-52.66707821341761
-64.44022049881605
-56.03299868076276
-38.92448670060575
49.11336647597157
-35.50247920106529
-45.06355224851585
-40.52822215252696
-43.173824900728896
-35.26607334958966
-35.20814104993441
-35.28223808320019
-30.381816174729316
-45.96923779041848
-44.32981571907881
41.684189668879455
67.67242237959323
60.86095681894082
52.86192597079933
-51.05666905331751
58.07403198033058
-39.655084484487766
-38.31350327902504
59.33411238688126
-41.027269594119105
27.663985977295134
39.736755576322366
-41.63178528426826
32.258960873295386
40.109525712488825
-43.69272363894631
-52.071039198819335
58.72633264455772
28.56910633561339
-36.545045885509694
-35.48674928748182
-36.4192561010946
-32.272713985342214
-32.036987542638116
-26.020890773451175
44.95096779309328
-43.699513711989354
-35.73144615543735
35.84863019652997
-2.48563034079162
-18.88937865114635
-17.773560332194705
-25.66383727298161
-33.676492136256726
-17.558124352473097
-14.2772536105035
9.700975867280551
2.6494043565958045
6.859448890081247
-18.024385016391037
-30.52416845685233
-20.62031966045858
-18.202365043590763
-19.85353512426252
-31.362754779643108
-17.05241857190137
28.678983849384203
17.293143572822803
19.361878562403767
37.83370071268821
-13.4708049274089
-31.048705526307785
36.1106403579977
40.92330542368341
31.851578088723375
31.62577906588668
15.455578205425676
20.55308520157408
22.081659962872987
41.06702597272278
25.67508472739647
26.590648892819676
29.89476506400349
31.04988361497102
42.953036358152694
34.711539009866904
27.695920271419585
11.912704057302262
3.836130217126066
11.084399749951176
29.435477520325232
33.071473811665406
17.488429445935253
31.09806057368214
27.86329734449928
15.115005421335205
23.935153517023323
11.245930007413488
23.24505435439167
22.7810925606684
24.4732887944712
40.8309926917706
42.323448810371055
46.003025306089064
39.47066059265402
62.03035687692802
48.12298586575949
24.74055570938613
23.059622635684605
15.981179919042408
16.900540240341687
4.682229259924054
2.5010769209622854
-20.724490256430347
-27.522934594543823
-24.119053066284057
-23.17294279830313
-23.773937929611364
-33.94679669072718
-34.403829937310725
-34.05762861261449
-21.12918917942848
-22.12750407988804
-20.564306526237818
-17.34198938232613
-30.485250992478157
-30.50876154816377
-38.59225690032343
-34.09753811094748
-28.608574035170093
-20.265991290960844
-20.254002776312
-19.50357022535084
-42.418785205322884
-35.08241089978186
-24.188413702623862
-44.444560269403475
-51.70782584541658
-21.515046897986366
-11.327826307096649
-31.272373893621182
-30.452133217603453
-31.13897775332936
-41.41703665017671
-24.003997828233896
-18.555270811602906
-41.51881607469088
-20.646532734549954
-12.099733213212906
-33.26235397682777
-13.816753356572823
-17.95309788248392
16.224173689549826
-32.104814619925605
-15.566051344537902
-17.34377921084804
-8.682550405322171
-18.15089643885949
-35.185277461606
-27.491243574170625
-26.042390614327108
-6.4509872445802054
5.443080552912809
7.803824959668179
-5.660978166911462
4.070215295416671
-25.549724300843376
-29.26302384170477
-33.32837555562499
-34.58445338920624
-32.580763071629555
-19.780125678599628
-20.94502035457387
8.260176157331182
-18.56749365819613
7.786492760012206
7.183569169195704
-14.607323609105487
-14.241702463756974
-12.95290816038638
-8.759807622905283
14.070896813275139
20.304645104427966
10.484947330132556
14.361543850104006
27.733611177022695
-29.34791970617376
-18.527254382503138
-26.625490105161134
-41.58098051700681
-66.19818053378924
-54.58267293620508
-48.357629548806116
-41.64579886664855
-43.19070437773003
-50.82795797527105
-56.32557692213395
-47.99657594694847
-48.40712614093042
-43.220103153443816
-37.92295354209397
-24.706231340803463
-6.494060786495392
-9.930530554666182
-5.9837355756226795
-21.021322108421284
-13.25538281556576
-31.310201341270904
-23.19136741817344
-32.92804683736235
-43.17746898411038
-19.125594340897642
-29.572484400579008
-15.69585196704464
-18.190400975384332
23.457036383429404
-53.33635233307223
37.025460880477624
