27.57730342310493
27.57732465768584
29.6496402105692
42.843704967974006
27.721603137060153
21.35945752160976
23.369672680268014
-12.782726486335282
-3.840032425469785
-11.450399281198058
-11.668802351839632
10.645898137728073
19.546463091214452
-17.241156680397996
-13.414685319442587
-17.44537974982013
-48.50393373520739
-35.52513526450062
-56.63059738778446
-34.80058565993032
-27.774531789345744
-15.281288447480426
-11.94294427416861
-28.85253043826085
-17.785455140519744
-15.2206254516562
-25.344909272013403
40.68083854168411
37.89986550978778
-16.000750363611882
-27.488896714217145
25.74719127033031
-29.644000647605843
-42.894980484214756
38.74352423872969
62.48992694863742
-27.46368486540556
-11.881964858233255
11.394876992908783
-20.5686015060442
-3.535145422220777
-15.704082614834208
-27.186176689304457
20.14458169372423
-15.179487150007729
22.410001442459247
26.69977701763997
1.7169842816934953
-17.19209772141737
-26.099308486521874
-21.638566681297508
-23.540917257150372
-13.249956828639082
-19.887713530010362
-14.520422174630983
-13.68424143615247
-24.830726892388316
-10.051099790638665
-19.154429659188946
-6.014018515296493
-17.992771591782148
36.45168282430883
-21.01545863915599
21.1181039155613
9.481836924338866
31.610577841310302
36.34284519818666
41.28249758075419
32.08753560078436
27.91947576229148
13.270702106150553
-2.416878125547313
-2.861250952691274
18.509634260223088
37.16698028160079
32.59163982389471
36.75235030832665
17.86792299891377
-3.969341997012132
4.565079071867077
-10.728226435790058
3.69993112428096
3.1671081343872167
6.801946711513682
-19.081547285844383
5.881800805129742
1.8837889544035875
-8.970617017257979
-14.944032422663406
14.628764005410172
14.914882455334642
24.059209112051903
27.366536081018825
-6.864695501798476
16.131469753747126
16.790637636507423
-10.909467815637026
7.717144195335524
14.27689299997564
17.216893041926692
11.88680769052479
-27.986906200935437
-30.497493617615
-21.617122408699345
42.49070976593319
14.33921908496306
-5.17174477780023
14.72902965593697
23.698026745354298
19.45149144675069
26.515651801269776
23.391403997800406
11.192464763347633
-17.311002664259572
-15.64432930353363
-9.823954104859517
10.726332747832595
-14.910288774753683
-24.61623995173088
-5.628160979021638
8.001656184473033
7.816718118742222
-33.01421071006552
-36.06600533863826
30.67471770825055
21.168480111607025
-28.096738793193005
13.26354576567703
12.044908254371318
18.28143296199928
18.775258764990724
26.80530656037618
28.653726139792827
20.840803351853104
-2.1283229798492562
21.689536873405665
18.109215275792472
-29.525628174147972
-31.57533259294219
49.38945441143549
46.81882686568594
18.796592215398796
25.027669687325858
27.93175470180154
27.52847658440234
12.19916325655965
15.277980571588683
23.702328235157818
-36.00207011903365
30.988422056935875
-30.72444449436696
-24.66987722889258
24.336476090818632
42.60534477642797
-24.765641174307575
-9.872986785874044
-21.63849288433089
-13.315084457716205
-25.02977537554754
-22.86409553204579
-40.49492797535363
-31.457672900953664
16.82212030239394
11.439267226426132
-20.43149546877006
-18.104242171029455
-13.691461192706642
21.960012546470107
19.58859850646188
-16.87185695152028
-2.526439700532121
15.705319714309137
-1.3128678684458404
13.421529835456976
30.74334093565221
4.05236588347375
17.693103698647068
-26.609471682668723
-2.717602455495388
8.548565772348066
-23.857692206039346
23.30304277428853
-14.727964043982661
25.026630522482915
19.01579918782574
19.384783840314583
16.695767742774283
-6.529163059246126
15.334477752575873
-10.181100887627784
13.872866036281826
15.895198095619076
7.6618886106259785
23.821302506642652
38.061049042274384
24.238465849019413
16.709116274388172
29.661075797777233
22.993035786653227
18.76092915205839
11.013731003031781
14.780601632814188
26.815957303234757
21.434160867280927
-14.750939706800885
3.5922824509130282
12.155280476995573
23.8495665783913
8.340704590489098
3.4980978089216053
-6.435014677832617
-8.08714787810735
-20.922520327497175
-21.03013615342081
19.154847212255326
22.54085746122358
21.17106303997009
31.85003609636427
21.59031534980761
26.63187756554006
19.001363197131603
-19.62359730197824
14.00729745173694
23.244590870480103
-32.01190286702001
27.460723734181745
25.62966281106738
28.44550940560968
25.65078040083973
30.99954516317779
35.191893279248106
38.10001409010861
21.215172968771828
34.147343963092545
41.562658377819886
31.54769127756305
23.827553569933368
29.35168550075548
18.513781412813785
-19.97979833449483
-27.69874327472625
16.52415746860567
-4.085837734738706
-15.884070000812503
-32.081196998902996
-27.78973095078623
31.214362946508253
31.608134820062496
30.306857842459724
15.48790203454871
11.02293246647083
-9.70609963715372
-13.295195792725318
22.413622497691733
-32.42500226711177
22.358254666876785
-28.959847897620236
18.518571607350122
22.754424295743128
6.35313120384419
-17.35716436323844
-11.482043639967374
-30.12989142255607
-28.700650431185256
-7.484345268012126
-22.203258004810717
-37.943356234914525
-52.05541251854724
-34.823748685541354
-22.87092122238198
-37.90413380348493
-20.445672574380335
-25.998642379676433
-12.85732388639214
3.1525381267918644
5.237320555913185
8.936808814765312
10.868535382550194
13.735484432489791
5.470241055665598
5.382765904397139
7.787586877923976
22.760137228531164
12.004666173014183
10.85105234132585
-10.944821018564477
-1.5706484112542607
-4.173072962259236
-27.695625458569996
-12.87029272854517
-19.714715821950158
22.80912355136277
-29.90262362399059
19.11646607391348
8.640636522598768
-8.834750338868057
19.575255834604317
15.050653451129241
-5.911153785608103
-6.733240453042745
-22.236286409058213
-16.424733765584868
9.869085310346986
22.572086865102477
16.41275777111105
-17.04516057396638
8.687160641550388
-20.91062113800474
31.273590363331913
8.506198210797061
32.201959514911316
14.664000899398271
33.21635025371156
16.738948613973342
20.717112476677578
-14.15846983493434
-19.11313580386189
-22.70441157426073
-12.28721172896916
-8.799711466370093
-13.37821019352774
-26.14295999506971
-7.216294926507859
-14.366719716817679
-37.330045923035605
-6.73995948031072
-16.97096885625025
29.000448242300457
-28.991430477749386
-19.478728079045133
16.309718913536383
-17.214806038867376
21.0243582230044
-16.91805036375073
-22.696966194792658
-14.801576340569191
-12.769727257283826
-21.75019611063083
-32.230301375382666
-17.077747411386337
-43.47165413791404
-16.25138789000471
-28.688209964172824
24.85196623053959
-17.489674930314372
2.8254294302080534
-18.298278604496584
21.701391568425723
-29.090148680504438
23.198821628432484
14.231637081600628
19.838437126304584
29.2607103983152
14.88006560072867
12.917043389820545
23.094447487684004
-13.600898095039437
19.74675726312848
10.755233730860937
-17.39416358032918
16.5207258490184
28.564090333157754
7.782896944269707
24.7355033083934
34.931416352735965
20.759547345302007
24.685711113826436
44.00642106615867
26.091046275344414
-8.345836162787359
-33.248589526870155
-33.55918994559027
-14.563932893223217
-19.485287477554103
-26.613639475241868
16.32343099452639
13.389325686324343
-10.618814667708401
-10.41467074445996
18.381075260982783
16.364000866790715
-20.254123089622784
-22.700735180509323
26.08074245566939
-34.46477946866575
-28.050665846737
-26.942800860940356
-20.21419349135394
-1.5583116691130239
18.663969837532225
-17.756067696525484
-14.466323540576713
-18.12368612611931
-34.284508070684645
40.178786174927865
-13.747863109529797
-8.66968986845825
11.178089867030227
-21.201542096238537
-28.383581965186774
-20.067040299854867
-32.544753794178696
-14.483753269488716
-29.874551075753097
-10.028765082507455
-44.96161737362897
-33.584111320425066
-55.4046457790371
-57.465396077595834
-65.24409763681149
-41.50779416017342
63.47304078440389
-53.322727223938934
21.88868220216849
-29.6516581981084
-30.282281504356693
-15.124168754563398
-33.70356934832501
-36.4959927835008
-31.620454351625394
-34.7048215661897
-47.656543879513706
-46.674638938813175
-33.00900592173356
-51.29812306312305
-53.71267825199734
-50.579264787768714
46.87963015792013
-41.27263401773791
-28.99255291344664
-38.58377821103009
-43.08898778991957
-39.3164279537854
-31.314547243782307
-29.359509104848176
-33.1780776053202
-59.21959364935602
-37.01400452845005
-49.120466743300874
-37.6131560226305
-47.63560160685305
-32.02905256372816
-29.88367785117529
-27.748812589172005
-34.07267188212095
-31.30752163486067
-43.30726299099013
-32.80677167973679
-13.592009927349402
-6.021372341973013
-29.443960463824144
38.43632254555443
37.692725817705096
33.61440579520593
44.90970792290457
29.56981455082856
-32.740860912532185
-35.59158092143111
-31.435793414224403
11.088076946974903
-17.832076032379327
23.287708152376293
19.61809231533525
-33.646715921330994
-17.575987910137986
-44.134516580503316
-30.65950409743109
32.69296342418108
-30.91658306923026
43.50567514234838
47.06632204923641
23.148524241884676
26.028823420371683
-24.2689954358976
-8.917719319861977
24.579903321619085
6.392161851669745
-8.085244530881086
-12.071878671746438
23.166286307873257
15.967458217288502
7.17896089812591
-4.91262223080768
-1.9232769796304565
-17.307080173952787
-10.717129089907639
-13.683023281719699
-11.243147034939978
-7.041873518107749
-16.841831686445996
-22.016347088935802
-27.987312815482664
-15.410104408220594
13.698471611532923
10.478321341827975
9.728596394696536
-27.24704332881674
-19.1207858657853
3.6311889089917466
-18.74867770209653
-11.90420548881626
-5.896701758787386
-16.099454270698665
-13.625295292847664
-40.69900043718891
-39.222254486677045
3.3027856278059082
14.723189056373744
-16.798211004338256
5.2019303546515285
-15.12666673936058
-29.093770570605887
-17.907511564849777
-17.20117040525266
-13.236816654679068
0.7657279842511051
-0.6314638401032466
-25.895208008303225
0.616589900617218
8.77936760284655
-7.930715689352795
18.26453890026519
-8.371647472639758
7.262724664996907
-12.601321350705655
-14.999010734892659
-11.666842335207866
-5.605814414816324
8.959450707857638
7.068743866093032
15.50137837043147
12.059585082299646
-12.440142032130455
-8.996087460767873
27.17033217485886
32.237280934277216
-27.940664953786452
-11.740444955849767
18.093800903255335
11.609894599608008
-23.06684737364156
-34.64720416501224
-42.03644812718461
-23.845230663156563
15.338419557078574
17.943701619245186
-15.831350083327523
16.15225949163804
20.929281351340595
12.312424372673116
16.064128337214136
11.991202427590643
-22.0421845564234
-16.174937545637526
-9.493142654263055
-23.428017654773292
-12.082645236583382
-22.550270621088046
-11.317252335243653
-17.480626850158977
-28.509545774228375
-30.130038052093756
-29.679228959052878
-29.163116506788853
-41.5826125691724
-37.766779140534304
-33.73549367921542
-12.606054559632561
16.256584170544322
11.791941053987701
-11.312292693086961
-18.27789683727758
-18.609910098165017
-16.05143168033119
-5.419482296603698
-19.46592605620865
32.594883016882626
-30.632524813654758
-16.31872673392649
-9.436331266106214
12.209479185919779
27.687793064750142
29.161347462393252
39.64129276321476
14.512939376068681
25.66209129819121
28.144245028643983
20.391224410963446
28.74569571813745
14.248783376638672
37.047937556994775
15.428720854034072
12.672921324806891
22.43384241585137
7.4020048320088945
-12.383484910482059
-10.635483504706695
-18.54112280671398
-27.347204956146403
-33.220499527880165
5.194836279629939
-14.784711474100487
-9.472435760781801
22.725239671049458
-27.138309038295517
-23.23781254676714
-6.467517658596533
14.130446183634694
8.839291190238042
-12.023861623303885
-21.68474081789422
-16.506969630923805
-30.992973843674424
-22.37282913933298
-27.507241966148623
-20.25958337845565
-21.165945240791547
-29.632630874312028
-30.956356585349983
-28.277061363481483
-36.38678330215279
-45.191162971518125
-30.86911521111102
-18.74792006850943
-18.476406136404655
-16.112758333328895
-11.58820438511521
11.876812547973714
-14.759442231590564
-21.747970242782547
-5.278240874893026
16.049113423782426
-18.50461717747452
-23.719736552566342
-28.026636021235998
-18.978105322428224
-21.377210481149657
-38.23692885539506
-42.27784481250058
-40.19682050292248
-40.927920585274634
-22.151515092052332
-38.40956655495161
-28.5952146609628
-20.230747772785904
-9.003340594895134
9.474936619106865
17.693445237867
-13.19093952744391
-6.750038514217846
-7.231285627760184
1.1594805651194773
-9.051084718974348
15.8013783075358
-28.409455679059338
6.534324982705714
-6.873410577964741
-5.891140325281738
-11.522488864819861
19.878526676986578
29.916110074840795
-25.485560184947083
-16.549971140567624
-19.91716981910563
20.179648870012667
13.176317936729236
23.74019560196626
-29.68314578867611
20.103637229590255
-28.05886944783231
32.70156779311632
-21.48156531108763
-13.174127028085872
8.73353669670007
8.361160084152973
-9.382692053802657
31.843138501722816
30.031810039307416
52.30800845114641
40.97987229118564
43.115410355186185
43.54832145405302
28.01574612918461
32.99783849156614
-11.317481031081531
18.15831467458375
14.379469456094485
17.78795804941588
6.88529713879358
7.1002009779834125
-7.973395406870513
-16.616949691806578
-34.62690256062652
-10.432067336324321
-11.294679413702388
-29.36981233793244
-17.488238684411577
16.86247827718165
30.737420753931037
-29.492817566206273
17.028768392952156
-10.032329667011327
-30.23117285940135
-36.630411682223134
-30.925525580722073
-38.33264792790766
-42.18068526794749
-52.12520517955306
-44.061875959836506
35.59246591988407
-30.51629084284916
17.443068154246003
43.39177778693237
18.00582946726199
33.42161793174509
41.556512128231496
26.532575324736612
37.663898318765526
40.54533562874585
30.635599950652956
42.80128799926783
45.24034036325237
30.87274958547931
16.421602586753234
24.602111032327528
19.93804550747744
26.635759827535406
-21.608688658398965
-24.417870551811323
-21.127388330152964
25.61529832147059
-16.157979064010643
10.999970136998815
14.927301856967912
11.801904144853266
-19.328416455387675
-19.012106253447392
-6.5217531600659235
3.2614139489543574
23.19862817957196
24.102325448433508
25.591691383411693
37.586891051981425
18.143542703048773
25.633995152043386
22.7719918959979
-6.439564957619413
27.72765326508681
13.28770070171132
14.161521291062364
22.395183422100157
17.322598342787124
26.00064988546804
36.304763261627215
30.293680002478645
27.962498805094803
29.83747872099156
7.412621663072157
-12.606149645293575
16.100509941520816
-11.910528530049271
-4.831782837173915
-13.720302474696881
-15.12955288750584
-23.46768670114905
-43.9649086837201
-22.721655994261273
-24.85258874508424
-38.27887827007988
-48.02587843309688
26.338691860241262
19.920448245703852
9.249426483810558
2.1427193529092174
29.147752835631557
39.260680314281444
34.82311955644666
28.058747630336793
29.613950255060832
21.740602684047186
-26.102664021309334
15.457227836286572
25.374530884167594
-19.09520445243496
-23.901958763361055
-22.04902969114198
-51.962440824886585
-45.82188802446997
-63.206972602423605
-65.59651234768401
-45.695500828267924
-25.731754556743883
-43.37861727003958
-47.70472309617533
-33.20597053780889
-18.60137082094823
-30.662419342156998
-32.570248742225495
-37.3532737488828
-38.787182671931895
-42.47051867100324
-16.358649641795658
-24.964171070638447
-21.437164408795358
-32.08681508095707
-38.18493752450871
-40.069428200043504
-40.23593219511133
-35.50624974391639
-46.053307457930714
-50.94748832043293
-46.398867926102085
-35.61576621509312
-38.76356110043893
-24.325047902694696
-20.487740088742296
-15.253391045575977
-29.03418733962488
16.128259087929333
-14.119490531008159
-28.113769642037198
-10.62947065192124
5.6980242210967225
10.841742486812416
-18.334763865053812
-22.435009612858515
-19.56463179147694
-15.26820683547671
-5.825868986585959
-9.806939837658092
-23.708309600206892
-27.868769112372856
-23.159083233950913
-25.816562172904312
-26.221557501357765
-25.7631839460096
-25.23934663291891
-27.903577762344174
-26.55879812315402
-30.502265654726358
-27.60188984297239
-26.34524685373007
-17.90020025013802
-21.09935974120846
-24.689007183150064
-25.34352471619158
-23.846107345436824
-21.44128270769075
-27.13679176629761
-30.664233886301638
-16.726351605684872
-23.79557764630435
-18.247851106055535
-23.80662716801623
-23.376782649309476
-24.31198172075419
-14.494663829244328
-21.891122526261277
-27.338136239980486
-20.573491935971724
-18.356264707435088
-18.932287095491343
-17.484210096535584
-20.430135106341208
-26.821476924813886
-21.618492821869857
-24.315456349412198
-20.54809669621457
-25.996495112504125
-24.163360088919923
-24.214498350998923
-19.419307203634194
-17.668046958276857
-26.018756101022596
-33.50626416415714
-29.413385789162856
-25.51825251202827
-20.96002118460627
-22.29814053859558
-17.744022752928306
-23.28081337497726
-19.863073819053707
-30.93463776757198
-23.508876976977223
-22.506376012857938
-25.698770612638892
-24.940623020072813
-22.8639837901549
-23.008327043387585
-27.064865496127076
-22.311583840364804
-28.292110524279156
-24.625791771036063
-26.817484175939136
-27.485158158174368
-26.54123000163656
-36.64502371043398
-29.032672067032696
-28.271865149567212
-28.81588406193077
-23.71545886747851
-23.036826626283556
-25.902625408171737
-28.637132110882295
-19.839182291549722
-26.102411330763115
-32.00464836439016
-30.235367426864308
-29.35444126552892
-24.662524810479475
-26.74625561826397
-25.78957837318556
-25.01067056902638
-19.571299108131456
-20.59761779515649
-21.60475896620553
-25.164747146128313
-25.16151393072025
-22.768916453514304
-24.083463861383738
-26.577227545454633
-23.376387774637365
-24.138627985357402
-22.99086441145517
-19.626685562658345
-27.469142866880237
-23.144842992998232
-22.71897360807272
-22.065656359287583
-23.73022126051622
-26.66612941174075
-24.28391237784174
-27.451944360476553
-28.35042406585126
-27.427266514628077
-22.740423420415183
-29.027504579445498
-27.16881967451173
-30.12616484326206
-27.614178053277968
-22.321378747598043
-20.998873596123538
-26.973869454729723
-25.745395224628897
-25.41215765049497
-22.105289497134404
-24.086914001993954
-25.590156996000744
-27.92167563755494
-24.857625589384885
-26.088151826630693
-32.54766455649781
-23.082500101698777
-26.671241869961456
-31.4414034119509
-29.247150019368434
-23.39042812505517
-22.882718630482863
-25.069408907864336
-19.264658691008975
-25.454265900873537
-26.262917347607086
-24.0783156811558
-23.767325017826856
-24.353922218166232
-22.91677087996462
-24.2649857162665
-23.52436093638344
-26.025714016384626
-29.330999291958374
-26.16355757916553
-25.542940289407113
-26.82784823996829
-25.46075435601953
-30.87358073022416
-25.511859725635436
-27.0475535361324
-27.21620506866225
-27.075645805248474
-30.786965937133022
-21.638502613523848
-28.120676327277604
-26.709865126801546
-32.03212881705646
-29.27374766663907
-23.764822003360443
-28.99209824375635
-23.59711417457777
-28.92395981728706
-27.72850080484568
-19.222888800394934
-27.672019454171604
-26.04629579598664
-26.664274207825088
-22.52476126664303
-23.98521793428532
-21.71144145443715
-23.082277139893293
-23.460135149265255
-25.343286250353238
-24.71529688542841
-32.28064673503
