27.57730342310493
27.57732465768584
8.107554913133145
15.078117188474257
24.17103770173488
19.737354230103012
17.983701236998694
15.8315949702309
26.226048497166616
34.56979572173986
42.488901519492224
29.619203371713503
37.716860957466274
32.32442167718542
35.55886939110276
-20.60199285509697
24.189520992527463
26.99312558814065
24.302086204434875
-13.419393248717984
-17.905321257615977
-2.8130461702195246
-15.237716894357089
2.2835081228520617
-7.406228733082017
-12.253479905137162
-20.524267344503798
-14.951733890763595
23.10872285841371
-15.084845098718878
-21.416655924728108
-31.802518859661525
-14.688239812910792
24.845884299380952
10.208418700631382
-13.619040541005242
18.650840677344707
-4.766064217476197
-21.284532088097354
-22.11067781927127
-33.19362116822031
-23.09607550682838
-9.860799798555258
-41.05636731498885
34.07722115701831
37.27437114475542
-36.48097037979545
16.292503931035682
20.65629433224981
-31.79614339812264
-20.174165845458454
-37.70642713328708
-27.301934223782762
-15.959316402050547
-23.736439756187256
-22.915824104036975
36.2364146385501
32.80391264463384
-48.203472161986625
31.8751345899463
-19.679247109163242
-16.57572459114816
-20.628433618487037
-37.35547607829387
-21.670171365133953
-13.765655079283972
-6.459942150710097
20.420060522530356
-9.758316989283912
-29.178779207147013
32.052124139845915
25.450042186493622
27.61398332635147
21.81688152069333
-25.966178971912
-3.299532849733414
12.30843263782577
-11.106871419363992
6.983431352492302
14.31831996864097
3.0429245894924475
18.377022989485376
-22.27574319161034
14.13887076965119
-30.952539087803096
37.87682381340646
41.37706408001854
27.89046849515873
33.35048915295329
21.397850451060386
25.511158879661124
38.48500674173624
32.91852394587884
35.05113633556142
27.87134954367569
34.74582054593682
21.130087751192345
32.7643680365866
50.96293816815559
53.453670901108744
36.970767151684264
13.534327303271185
22.42952141641756
36.611652547503084
41.052612473611724
28.84391926891996
42.301907612203934
37.16722458376992
42.39958521026813
33.85298039142782
36.76297322056396
58.6063100276914
39.1462048676208
-35.61297867563026
32.33787555901237
29.6025592932253
23.025394798230366
-25.83438094779743
37.56616891460084
-19.925768838347338
-9.127529378608388
-8.32380516141255
-7.715845766041132
5.479290173009703
16.577617987702638
17.0069062481407
30.12278758616314
39.43348145860097
12.400943856734642
4.716054668619098
23.69903138225711
36.93970160062632
28.17441441740851
38.233448701613696
-17.164404242269036
15.637929139629584
25.15245523723993
54.02044778488121
44.90504761056395
38.56958631624507
38.313557943675086
35.62788033998675
45.21877836861913
-21.956428378448177
-22.680557318259655
-22.14638823996323
21.425795088113606
12.838905919446486
19.963310930490838
-23.88457505084772
40.323078063794384
23.56273728436477
21.784708332606208
32.91953857960994
26.740659765618002
11.128175099415456
27.042515787503543
26.119983467348405
32.75641047492976
25.129163624826322
42.319492494830826
40.576985579976785
29.789218079862785
-10.964923574945963
-18.63285647105324
12.621957339857582
-22.740302538499638
16.297013513864574
-27.56632105585688
28.165422340374
-15.455564287851969
-25.77500171359038
-16.13149214184953
30.065217324535645
28.93411596628895
-20.809409281499658
35.164247490756075
46.97315133883991
39.61806879273323
-42.04787475762496
-19.97404492719187
-17.149679007957502
-21.747009812435472
5.479888543693668
-21.264714622362167
-6.1681876259151105
-19.989533368543185
-30.987066831167176
6.621037364198215
1.552189717728522
-25.955016954246123
-13.671192720671113
-20.22015975604968
7.777790290875829
9.445382405325548
5.1770548392380675
-16.353707339911036
-31.01647023031067
-35.22974545173327
-39.12872632902335
22.320843460818462
17.610988953966796
24.07414399187088
-42.453176700319055
38.35238685360031
-37.78921252699262
42.83667798720698
24.093642257580775
20.691758168854378
-15.522053098318791
-19.296662903181083
-48.45117189164584
-28.314901991042245
22.639053035665096
-35.58995400254225
-30.1776150752484
38.54847033151954
48.891793456777705
66.08134216279458
-57.59520367030919
43.31102893468365
32.130646564635654
30.395120485831907
-29.67193186485678
-18.121518937863602
-21.18516230946223
-19.041545160003757
15.434518536049552
-5.291482748825785
-15.452327555711372
16.42749223365893
-26.451844339475368
-35.44065709496991
-31.799114005786862
-21.96135538006889
-33.3535093337889
-28.94095403407614
20.87691537919712
6.564328460504142
-9.518489818194379
-38.67964289032969
-32.172114538532554
-1.724908253061852
-30.713382677365423
31.201726166294243
-42.355600134895646
-14.439443650708654
-24.438964692493354
-18.5673872112684
13.772445596200512
13.264841457964698
29.27552700278753
-42.03185743927806
23.49284213662343
-11.018608135909691
-10.534052648000722
7.312322540361992
24.403702242896586
-23.85374583799696
34.00069544914083
26.329173841297408
-5.674653179742799
9.23762937543425
-18.60237778685691
30.14425194355683
-18.236464313779667
25.862311709204455
-30.891628923406863
-14.183585720796827
-30.2059531270021
-44.197389315031096
-21.228894052950984
31.82772887694942
-28.455894082685305
-9.057142061870316
-12.35513469779953
27.11520341999054
33.56781955128901
37.706218868906426
25.789704822658976
34.27366013174291
25.344421769898446
13.703610185008735
24.093644149260783
16.97625390489226
22.02465745899326
9.147783147774149
19.062505164602936
30.962070950239248
22.286896417724215
-26.95019635284931
-9.464988446678095
-8.172565862051119
-12.429448838573544
-10.441525222435333
-18.856594734740696
10.523516472275338
24.768845229917055
34.761862508408754
16.69399224623887
22.993015453543507
14.6127544034788
20.595544503870432
22.986176998510143
-10.83786499526659
-12.350988166035316
15.924747957697036
12.593858118318611
-13.217670688751125
8.973900962829514
-16.919600712604378
-21.85915792858491
-29.136112960788008
-10.674825510233116
-20.626808465982528
-17.41207107403436
8.18368302336104
-16.846528815495503
-7.014858104290732
-15.062179780538397
-14.887716705433782
-7.050529315480176
-17.692340323411933
24.82407291043843
33.17629027944267
1.3993096532846643
35.5944143486225
32.834599955450656
31.549954782983573
34.64726202361395
34.992972836255184
33.34076669497545
26.3200569205307
34.22420651145003
30.051982918386074
-33.05818496645784
-13.578150986548716
22.88086662669914
13.743894247136321
-5.897530205688509
20.744203516287264
30.629171811314063
43.04649882970528
39.5449802818287
-34.216758901398904
42.10194354322834
42.342809059429676
39.60137292445892
-40.25534886589699
47.834535508042
-33.47913607420268
30.986323170144587
27.822248384028466
38.89904532801058
14.95342261864664
6.26275224380203
31.430220051079267
32.1978214281761
7.290072985381594
21.081294691652573
40.139632148710525
28.72693345663091
26.294814406829627
25.597242633245912
24.421189125323565
34.813808122717674
17.29000470157183
20.481216120488995
16.364411936156444
3.3072682822478385
-4.984505883077551
13.726744569769515
5.902467580855963
13.477847007098772
-14.99743451531578
9.251518285338527
10.750538022065854
33.097901789744064
29.626373431229496
30.480310710302497
17.733215539842426
6.829984354904018
19.194972470974037
15.03191240145584
16.02918372284166
-30.99947457113482
-31.282279598145045
-18.182230138947496
-28.490901514096667
-29.90020076564791
-27.546465189285282
-18.452958348752855
29.40594020536591
25.29529443194033
21.54793969591094
-31.50963559008295
-30.53353195970615
-38.47951935112052
-14.841910090129739
-18.61254734217289
-9.631944459995779
-7.081168235921358
-27.052735372224852
-12.926993068878541
-6.939753663028431
-15.801904242598358
-16.246932612540917
1.7283705717715054
-16.14608868822996
-18.242823719562796
-27.57042668493003
-38.58314749431695
-17.199690685134374
-38.52958103285695
-18.469350023248765
-21.873084733155878
-23.57809226541396
-15.354971819546464
-25.381179892233824
2.9680020741519826
-9.78506246565258
6.468736566478642
-12.335047113400316
-25.260451879585638
-15.680999102618006
24.91125800760932
26.10593379082233
19.97921156819882
31.714518393326692
-19.526276368880296
28.307764034111752
10.329133253820412
21.9002740445487
10.292554112653862
-9.351819639374105
9.83784856520177
-21.94731642478586
-23.715700838424237
-17.94267104190738
-10.598060062803428
-18.111670147561448
21.939937991538574
16.433127835325667
12.76646817625436
8.67063925731179
-16.893105805938106
-15.372014715701294
-25.572892053690254
-29.651794480104538
13.348310327988283
7.785309465594427
30.364779589099825
25.06181669376236
23.22679850849064
26.4715307003127
4.92154815151993
13.846339849559335
13.418294025935735
30.584390191535448
29.64920470856978
32.85051595389434
26.697571430944684
-20.100837645469987
-46.9094345473079
-45.70490488900021
43.42478623747556
24.535367435247085
24.007457539809018
-24.758586831814604
-18.600697684042284
-22.021278502643572
-15.808165309357557
-25.44589350252751
-18.44885495232949
-31.451110817405283
-19.240711205504788
-16.22818098430798
-27.254129901194705
-23.381392259715142
-20.220029758767776
22.72556602328263
23.669385823680177
20.141230866439724
34.22809363923856
25.869774479131205
8.672089046957918
10.304297289794105
21.453862351252877
22.929443678429745
37.1527246581607
41.5976647247293
36.258004939079576
19.475662897613045
27.770272960965336
10.639467772398683
12.638117929252418
-24.607454953357106
5.6686363101690045
-10.56562885558665
-11.124057139201827
13.930869927537906
23.629030291646632
5.547054378804984
18.090556249938285
18.401034040774974
40.90851022510249
-27.508830493463964
31.639464112878727
50.04147087672244
52.63156799652346
40.631874489225474
36.816318670120054
-14.745579397134199
-10.080683460071102
23.857010400287
20.290178479115646
-33.15923487884157
-33.73135471015853
-30.626289059653004
-17.331904504139757
-28.281129725907643
-15.823188194547047
-26.161849313093946
-18.485165742904464
-10.452060219818295
-5.355022275831144
11.465005113134547
23.076890197704934
32.548131787124056
27.107693524973957
23.99549283591614
17.03175866101783
13.299185367051647
22.91877438250958
40.493119634169766
28.093174236864694
42.78403606300959
37.91906167406823
34.69567160527655
16.35322089897111
31.368660111896396
12.739064685029101
5.61164131260972
5.884610493508721
17.033427049788543
22.918150302416947
33.58625738789944
31.061113123053953
23.768488117925497
-15.409124513062654
13.100354478775717
26.66354818481635
27.25536687664923
20.34086235572109
26.509191128368073
19.858438838994296
20.956673341361917
21.77588478307032
25.41018162958874
16.190185352143594
10.543553336933273
14.433738050720763
-6.445474058122292
-10.315395255229946
8.931846339691695
-9.293206216154388
-6.8513013566448295
13.084283078478855
15.174950220228792
14.463261792973606
7.55669422332619
2.978974151357864
-3.008826977509735
10.376966278554512
6.3117114318250955
5.494604358886371
9.885778688713028
6.723765843822589
7.958659118447662
4.199704580657374
7.674846641057101
3.925591822054892
10.99585438957108
9.568395660076474
8.058276778843878
12.63652592383604
10.315070905228314
10.782921500998148
5.755244947928033
7.147358425388792
-3.800219873177358
3.1582369646289608
6.058151710714818
4.05409265378115
7.766112296782808
5.196954898095091
8.892374750510331
-3.4690586864280073
-4.6764714565570324
-11.927043204107413
-8.567198322244243
9.052194212907594
15.004982488110272
18.753012107821963
11.727037283629496
5.536343221166435
20.053693854848486
16.206332690647542
13.383202257845435
11.584084923589439
12.68614354496483
13.707251968672088
10.984136605148992
16.81897359029707
14.279509675848656
4.822134518872533
10.880786126841313
7.106862129055147
10.131621490939548
8.259701819332516
6.590947720699375
7.733524619210744
14.96287508405774
11.281190627673503
14.31418174581251
14.825185849080333
14.212978430015255
11.540091221752208
6.987117567251779
5.562131736424927
9.56996339762975
11.195510908844183
8.026536625986166
10.873236376786245
8.428935746931492
5.036399084754088
-5.460539712587669
4.531933014099203
-9.157544059430778
-4.0571943594512225
4.305247590724348
5.450296782250217
-8.47024726813701
12.337679361131237
6.297403819525064
10.431174814476046
8.34229995290011
8.85942558924513
6.714502400033987
10.273663161833912
9.723779855391905
10.662496430696116
5.870456730090949
14.628320607787472
17.841101128979776
13.398503515708335
13.411206807297974
5.061850718147613
-4.20446247784109
-5.991562148377124
-2.9031088370929514
3.5930899559649943
6.161401558549006
10.721386287612717
5.478710783301414
15.135312444710893
4.116203563088556
10.438608443932832
8.135951981192761
9.959917404774698
8.840494524739638
5.0103751352194825
12.114001659144849
12.08919174718301
16.092853650521324
16.890555399690488
17.929867149373816
12.073186081436749
11.026193061603674
12.418317789771681
14.486932416994545
14.617299071666006
8.488758924484952
7.004120844647871
9.007088176863764
10.376346657749949
2.500984772438032
8.472018638369345
9.315096514538457
9.43306165634364
12.678625826064378
14.06262748364203
15.31585274125734
8.684836252843835
11.163331521414428
9.382207475411823
11.676275611455269
17.755930661213807
10.49201685342907
15.185859153762316
13.01388800254236
9.180437975264354
5.259896321306165
14.07008837729072
11.403789947191033
9.452975012107697
-3.04462124289912
3.2440279175641145
8.860941591561355
10.790758895279955
9.646475611321149
12.263389400419324
2.513078986478612
12.200695458925265
3.7046183846515706
8.028402112080526
11.769548988866479
6.374538452701746
9.593857488948158
18.026530191369005
11.28315600476236
16.522061873685928
20.265983211350164
12.690164608784263
7.338896179947037
10.191266247052196
15.515537008654661
13.200904237126604
16.283409877279574
10.49736680908795
13.577949952106833
11.118411319147896
10.637213286169574
14.023686586188518
6.3998404773321536
3.2525753890566356
13.857969540304785
8.7392361248677
6.343751601063411
17.749385037398113
23.46741314338818
15.370670604765762
18.042737520593374
5.562221166592605
17.72364367355956
10.707851901906206
20.654378017374707
13.571416512077631
10.374482746431054
11.417811353197026
11.854313699924292
11.663074177313646
14.206583627000413
11.514149019316195
14.351926712964836
13.432639890055281
-7.398525111091378
9.570784691846947
-9.439874289916796
10.79646887881094
10.620147223577568
9.613386444390015
7.332991384485995
6.127733251513901
8.95381739229303
9.822875606805264
9.706804565260146
12.687093288049427
8.647286802656403
8.791990138928407
13.15847329176899
9.484961914687254
4.559287127959562
7.339816822816569
3.0980792267980184
-5.85994853528286
1.1220798958499134
7.710427380702537
7.097619556594233
9.767405719876402
6.73773623998954
11.695534066474567
9.008984403128196
16.404914047463194
12.135961207096353
10.323289079357707
5.637761824523127
6.091950056790444
9.035915900672867
5.9187314418280685
-4.943523139070597
6.5032406058299825
2.2120849862930587
-7.026493849582635
-11.64887015273069
-7.6936916269368325
-6.405697111732817
-6.052163184673762
8.414128396223477
13.270186390301982
9.905581318866473
8.638358350212833
9.297592818951907
-8.908275855606298
-7.922752065027466
-9.510816682507741
-2.9601786028393
-5.824068949917462
-5.168456504010282
-6.549228089675284
-10.872238823145501
3.9829413296465583
6.890766427793718
-5.435983153469528
3.8826625668159322
11.550287791974498
6.8249987279968405
11.685832891759498
6.728999712311251
8.821640051632716
7.568833043151312
14.917435448743559
12.603586660611365
7.799462718157539
12.173057861922263
9.346111428024127
17.167856548595104
8.102662484517806
7.892757044533062
13.538793784706462
4.7724022420948895
-3.5419531256964656
5.374198121193844
5.0605715838204155
7.192175290785656
10.131872744503413
19.6964638803769
14.975322084715113
16.25861833143659
22.93164059462905
15.068855517774129
13.713157748757123
14.27115900860947
10.420488663750787
12.161853799900054
13.037321278142917
14.845349857773355
19.265784236209427
19.735313177306608
11.872456364791232
7.731189501869708
13.386593921339179
8.380052827651571
7.4237903772829545
6.501731674584448
5.7843450325710375
10.103131017798614
10.44379485074677
7.381091914378541
4.866433434075288
16.923711990640907
11.761928474640737
13.684676996416835
6.507002803075704
-7.308131282002401
-7.504863282954092
11.535752147591184
10.223573563927335
9.692736181847913
6.829619760331935
5.438193323495059
7.214453388491175
8.246534457158791
-4.587897559800716
-5.584171013354222
8.056679497678953
6.9360745283712975
6.373148301509275
5.593290618476481
6.859007951886016
9.115619618457783
-12.977503690392949
-11.760367238867223
-7.406015394947881
21.11943560693702
18.825165435694462
4.522887234217743
5.9614717023143236
9.365535237979245
14.775109526217785
16.872516277036375
11.3939496135541
17.599666892765363
4.477586694580142
11.194357625492351
14.073325407902612
14.253408674065758
19.148277763127346
10.5050892020697
3.792998248223202
14.744860919174425
6.1656611833189645
9.782083817195074
18.379079152629053
15.765046527119269
9.342765025625804
11.382117164763596
10.42032616570291
4.708520397598799
11.121702024676472
5.9270514755547214
15.252584037742619
7.484485832808668
11.09352170617741
14.379396171555449
12.662918357874192
18.303771949684606
17.84493452767895
14.367231038211973
7.213657205499418
7.249718646405758
8.109548965674636
9.003606138858157
4.590455357268237
5.730510403915384
8.113517730011623
6.106460726637045
9.925485426637582
-1.9740640324290275
3.0625436574049982
10.437641181252584
8.018629923564133
5.818436168865078
5.748079469315325
5.24993492903609
8.55410186772689
2.4475460938301064
8.64229446773994
5.1021539066190975
9.328307985699926
9.120362138239598
8.592020763351584
5.580987740530049
3.5121946244738407
6.527769084509584
14.018247533509184
6.955671454988209
15.225892019437206
8.421082758216375
8.576344744141903
12.926932564304929
9.199445574650202
10.007156062214383
7.7843830857949206
13.307084524854229
14.780264539064921
4.529128161895668
7.3445519603910405
14.518175892803283
8.074304730391805
9.72214181689891
4.376110709474762
5.043716152858699
1.9582107810992033
4.615962302956919
10.237218903539416
14.683801000101278
14.752869147733577
12.5834066647901
18.393758940220085
16.676578801141982
17.6256484524352
9.968098614023512
8.265079992028015
13.274145476137523
12.521309017754339
13.703898342840855
10.84449967099932
9.306057571680375
10.812395898463638
6.604537946281489
9.46793556823966
12.324781067661918
14.356065662857649
10.458811829899737
9.832463324999262
8.472775468431191
13.093319610573717
14.658576618732505
10.174800425664715
21.782001772799884
13.524457990958355
14.989807387733961
13.472710102279976
12.71820244167225
14.915907286838406
19.059922053983207
14.195153975487155
13.068920160064877
19.517929698739543
8.898969613677679
7.426599903656025
