27.57730342310493
27.57732465768584
26.013250444371465
-8.672003917698357
29.49187525755281
25.10278162326208
28.34307729716045
35.33152030855889
39.458886298107515
-30.029341983397178
40.32268962059012
-25.99533563256957
39.768925902652974
38.64104137419846
-35.642143043465055
-28.008794321330434
-38.60156793008697
-28.18525246420507
-10.25580738646773
28.278406103225162
33.47334381410438
25.266908384375043
39.401335187556555
37.15801858987387
23.50229804485308
24.039274771934423
16.237555698541534
29.36339903301596
8.21663121335386
-12.672363126855547
7.162646999676805
7.0210857337293415
22.403325855336764
34.441907825730624
32.862419546912506
-29.219427299153953
8.996970609253871
-37.773513741730795
12.163346010815866
-33.70171929719517
-9.699935350930797
-20.900796551762024
-17.499540883473365
-23.361926093391933
-34.92453135487813
24.37906703173999
34.15569804624615
37.75132543283941
-43.47166180293355
30.979788104488158
34.071478188318544
26.0308542093131
30.02385617610959
37.751335169909254
36.874536855270975
-37.87017137571292
38.17934690312395
-16.85934523066582
14.96591747607859
24.47266384030213
26.845624798777948
-21.308172200704675
12.229849589229865
17.44366187529793
36.81172952865669
45.235853037115916
27.384298295004943
45.91821321194554
41.86934997997276
32.59449168160086
28.816516278183624
32.26926907250803
-37.262426308439615
-26.943616203227293
-28.834544622147778
-40.61770128051383
55.20267075201992
33.141640186152976
50.36401256719618
39.75922530815045
23.067194032730296
28.36038608578768
20.459271180699712
17.14397726313948
30.796448893356704
13.776727476411057
16.85057864093004
29.479400791389835
0.9867509464550692
-25.16852202592866
-17.514848658686724
-10.395223374911428
13.93561673348198
-9.231412141254015
-14.969402602314107
-9.662216880701237
13.74400731530074
-14.41870202484343
24.45208663867817
21.616167523296113
42.08092566597659
33.62543706702998
28.537226642067985
33.07533430212616
50.98957865657586
28.53824311980685
30.00598361486033
41.77910480646867
46.20683658639638
19.559028819783794
29.791765283803105
26.209015069386066
13.946007165888753
14.6427035564769
19.358737361520607
9.194654608030993
37.42299004695519
41.080563093884884
29.872168150644583
22.92069935250052
13.676550321079318
-45.47560982681936
-25.44341367475468
-20.588249318817162
-8.4014623438026
2.118079986632675
-22.736324908408708
-26.75057247684768
-7.044152192012227
-35.749431994346956
-28.76740008583422
-27.83208227730571
-22.480613385738838
-14.04996951189394
14.734030084037986
-8.704108455535284
29.07510925111591
-19.88594624067252
16.918686857258006
-0.2975466876507092
20.20783673104366
-19.639704123696276
-13.292734987466849
-18.643189003535305
-38.90773707643302
-24.441551247901653
-48.8439219933807
-49.627596468091575
-46.299602436983584
-37.66134230621692
-33.67925397612934
-19.379830891262802
-32.97481414599738
-34.35686167148861
-42.57663736231875
-12.063751807296242
-29.7720682913195
-22.854422567474113
-29.389081104909575
-14.528158233661335
-28.50738580390355
-24.239682055492807
-14.16880598485419
-14.983918499885235
-16.24563587632188
-29.19946156188385
-21.969806736183273
-12.742670742855584
-31.262192556045903
-20.550424991390972
-18.373654814842745
7.456445237956071
-21.06885773856257
-10.760665272299228
-14.652564565267703
-22.676901681168207
-34.61839403351087
-43.609415230899124
-27.48831871525675
23.961410608625368
9.557776781607968
17.564261207583357
14.42393330219565
-9.658743524894685
15.458225386391033
-15.429712256105406
-16.096218941474593
-20.69309606305001
-29.117690933337485
-8.226600705379022
-16.722009406901403
-22.76748597545636
14.342451830747603
17.322269293416454
30.39143843423911
29.70374379313137
42.59122944093293
6.658585724626019
22.106470181634403
31.282561033955027
-34.502839069034145
-18.28655273366642
14.460843824914217
7.313904852215258
19.21172525928255
20.396722321254696
26.363911436951625
33.596124361630686
35.273343522929636
47.215223473556605
22.53944718157044
23.168650967747244
30.32622187776358
29.079056860254045
25.55235266411479
31.001068780479464
24.132458291329435
36.82463199965614
-18.102149329939113
14.191330849252827
13.994768139450581
9.557743250660579
12.701823452552478
22.35127646169396
-23.184275296452025
-17.27926142018925
-28.54955553435493
-30.96256771785363
-31.934162071955505
-28.767932360477953
28.29440272238194
-20.881336354447694
-34.1771607827505
-20.27732639816783
-29.8909219846578
-42.26484873799991
-56.38987350992106
-41.00910358764062
-34.98752249038046
-49.246245991511
-42.86299124764774
-42.52475630080793
-36.13414678530576
-44.6228312120059
-32.237415167790026
-45.61751602736589
26.5423476423681
-49.25279159299597
-46.320970391552784
-42.13702494338551
-40.73680728591268
-42.344362063490216
-42.265556023293584
-30.096706613430833
44.259759389383156
50.94596394499391
-50.97260267068693
-38.71813643285401
-52.86493879601413
61.59968635202148
-58.19010123226992
73.95084459413194
-37.96867050158929
52.32669728292817
40.0627756078379
43.34645522636454
41.82141903017566
-56.88963998309294
47.64133259859759
53.89708024119304
46.777007865737644
-50.89160928273526
-48.158864413177525
-45.34543197776835
31.983800813505933
31.21351578707156
-38.47720736291221
-45.95106426973276
-25.084272815937123
-25.819120539342325
36.334148423707475
-36.2736481974435
33.75925603599517
-24.31025955544013
-19.06975877406369
-35.255653376766176
-24.47009021352787
-18.613728936494837
-22.68334560673552
-28.425262214565755
8.267315429487665
22.156345495756263
-12.848405423149531
29.614364962972683
43.26329292548856
42.41127709308717
34.34442817764296
-24.869866148453394
24.819405190263712
-10.508868132467002
-25.77242913875059
-13.398844041684864
-29.225771924041112
25.313965518445094
-21.53664728843233
-6.3939242924530175
-21.337971705253807
-4.64073790687863
-24.393395515184544
-13.480874102079612
4.0152195682191625
-6.673672835684386
11.192292324123057
11.064670225852513
21.238564098502227
26.886134784675306
35.6166766216619
33.02988943315698
26.184132094201615
18.7344990528471
29.98069568683619
-37.367893320069875
-33.89534451078754
-7.609874542056278
-33.0698926516755
-29.91488219954054
-53.03038141313131
-32.327582171189015
29.12474649109084
-32.11029807178196
-39.15606725899984
-26.30941096680604
-26.79764676048158
-29.83850013757495
-10.829599194027479
-16.909471786115862
-17.319148860175485
-17.901345108435645
-8.942327200628897
-14.923711670219914
-13.340763054417263
-33.72937587006019
-62.323202270821724
-38.423700052980216
-53.75718158216021
-38.85356225662124
-41.38702142451597
-51.65305409011618
-45.616125978186126
-33.72699889849301
-41.49053026816668
-32.33370159889819
-35.00355801450185
49.94247989433515
-37.16855591988262
-30.441695802618934
-10.724627250211112
-14.42856087130454
-16.718939686429813
-23.801424860343154
-23.117952614596355
-15.142718418861573
-27.475512054114343
-22.133783014059706
-38.05544107214288
-34.10814706613394
-29.451155880302498
-14.762066771352805
13.025037998612518
-13.234014466860584
3.0329980366048663
11.768655487191468
7.128096205409596
-18.825960008760116
27.737031700559413
-18.036345826165
-30.9138993450348
15.669850830767887
14.510117728431073
17.846406201036032
-14.85164137137169
-16.475303273399202
13.33509906442708
32.03176959079422
18.36722598242849
14.144042957186217
15.195922683514503
31.42184774997787
20.184793565894893
-16.220260864033186
28.187274907607488
23.45853290699911
40.31529195048541
33.12048333669934
32.11389981489296
37.659817116564255
43.140950334343714
39.64533842902345
46.8594208920498
60.2675673428301
53.59083480576187
52.25658652776805
61.116388494774995
59.91386852990876
56.99091036302556
36.57077047936508
36.01948079734699
-14.157113761458058
22.518709503196874
42.018749925725004
47.37436820797811
49.97571432255584
45.485867935699325
39.214350046715765
-51.37192656981784
-42.966545011962964
12.035439200973501
25.806969814843992
28.440973780860123
23.62961876571517
30.04777269296222
38.79272270428551
29.074036990385828
41.95980890999709
34.93793977854491
19.477202530776392
18.25941891457137
50.84225242398266
24.1728970876864
33.40539060339638
-38.31336208853649
26.436253159256662
-32.38090849951171
18.458305545890795
-36.977676241935804
39.18037265933703
61.568640177659084
-45.641153683372465
-55.527867764664386
-67.38455043809168
-51.41970437680903
-33.13555912272882
-30.41120017027039
-11.706346992308157
-21.908984418537237
-27.388918112635785
-24.592920537722915
-32.49907655047304
-38.963223731232716
-54.928619863247484
-31.406279054529207
-41.44297267708182
-47.38641262912885
-31.55209161844269
-37.32853953088874
-36.04192477611128
-26.6242348895456
-39.63398341017467
-32.81909109977212
-36.00874261261212
-49.2671183866171
-31.266379963646436
-35.67481204741464
-37.81339169311854
-30.622469476026208
-31.271498486685083
-8.446344206665545
-7.2067972752745115
-15.573773472939378
-7.195302034177396
-29.051311062704674
-23.028876602658254
4.816764965296747
-33.22547242285765
-20.848275648486062
-13.849206038115959
-18.34159510130566
38.826027435878444
34.24659702555838
37.628124060263005
13.484503833711521
14.259862119843383
-7.969235002876756
-7.808025560676754
-9.409621400316874
-17.693469525912825
-30.10398894812148
-31.887892359324987
-35.487496041614314
-15.556143436160793
13.546999113707386
12.56123334629859
9.24515608262482
16.8418624734082
16.537598619701807
18.537025168999094
20.193692024301882
21.19589444906466
7.117581591953044
11.435802707115982
-5.950468827224569
15.327182307965156
21.904177691428767
16.03167336247445
9.539717043243964
31.342991149358014
38.72310796860401
30.6729387659629
13.43172441630288
16.386940481283208
26.474499913794638
39.53995687091347
33.53093907892063
27.708972458111113
14.190147598070967
13.491355433513844
23.931137787650357
37.13716399156003
-7.22119715397006
-20.31505559253225
-20.75311472522557
34.4939095931026
38.66529729456433
44.37452142584195
26.360746799734002
28.4787384577092
25.71303812689693
19.494368371938016
22.01017040121002
34.325652930056776
41.54488453650577
-23.165662809815494
-17.5397369940514
25.65876762525979
9.675480644634794
26.715417956365744
34.58494396518666
37.38092102297631
21.67313491909812
24.464727360369626
42.781012225235955
34.18989114126548
16.91822698542664
32.73798606848408
15.426970132942609
-20.949680265894266
-28.890839327432843
6.683975120445293
29.4482589636143
-33.50003841554398
33.46167521334669
-18.25702538580432
-16.06995551969996
-17.47524167362896
32.186907315536736
24.884660275920897
-6.855835246188725
13.724543139111873
-3.05551065007412
-23.45762476870884
-32.7424702949946
-27.802443348134826
-31.735912098630777
-16.312974932705437
-20.769644788454126
-26.478582713940106
33.307681706236764
38.61744081100543
22.191811618324433
30.239577948693686
20.660861206150532
36.015618795954914
-31.952052954990855
40.05779984279489
24.12349902989185
38.80674932456387
35.44017242912858
33.28673437932437
49.733895135196526
41.43363862588317
28.85460574812264
17.95805800587342
17.936701654281375
17.78958277767779
19.430993209172108
19.402219231487095
31.439261906147884
32.93499617567186
-31.39212918154904
-39.506713505637904
22.210935896206543
11.438501685325583
13.229955216307994
29.4666498770674
31.517944166996656
50.86122113646638
-26.487129001926935
-8.969928454016912
-18.843244892094287
-7.513232004954765
-7.4437186368223145
20.334196615092992
8.037223077253872
32.708825522047206
35.466611623715906
32.82907024548185
26.469000590420944
22.005213258453352
34.313150131525155
24.65045531452638
33.30600306263584
22.669479963405895
4.9889332141415235
12.150888313315757
13.519889545016982
12.435415743035243
-9.442033438290645
-16.47723200017311
13.511142918194105
18.58642801534455
-10.527161373039295
15.32629260965844
11.486120395950506
6.0167911855341085
-10.1853096024089
-10.078171896953222
-3.5839415887903474
9.722065688428593
19.2418772594715
7.426391649683031
23.213263315622026
15.458631819086216
28.77359880212026
-20.37646263771694
-13.877246229752277
-10.233508029017397
4.77471219774234
12.084569700227581
13.00114806140755
-15.143902545153825
-18.713675286111528
-30.182214992339144
-39.57887904880115
-48.85571192655053
-45.2504102187893
-58.93034691417696
-35.30826756325337
-30.92930348131896
-50.35104659279763
-37.69566041865462
-43.204702174983744
-56.69450003742886
-40.47102578750513
-40.09334685309646
-31.612757883545907
-41.783723415817455
-37.11912960069929
-35.35162451585681
-17.394707710921004
-35.40269343839982
-26.850108789327514
-30.761612025539954
-19.484092325723964
4.863243086497846
-16.098402195271444
-20.13871803413329
-14.052750497812706
-11.921649514251932
35.97005671265107
28.871115462535638
-17.199630425766756
32.614507933261926
29.808102493868727
-30.523865234000368
-8.361367150513454
31.113438483139284
48.38545854855093
52.275953123841894
39.55268664598721
43.72309455921601
39.859988347949844
64.05623666228506
53.63053508727761
50.75469935090024
49.003293986879164
54.04155008959781
-49.262894621791254
-39.435642796881915
-49.53800477097747
45.52258799912652
37.63741995281201
27.203826288784235
35.10148926414906
30.89523582847546
28.63061064884606
23.53781179035207
25.68426932948413
-9.304467933841648
28.646564971773127
35.103771361402146
23.667327209725148
-34.239578927072834
-47.65469868698809
-59.67482892339147
-49.90977964377058
-45.192090967659915
-43.45968208465325
-29.59569416604051
27.12878385882293
23.428387071920756
28.402552244548684
29.176181347859035
46.54716900176695
-33.7351391221882
-16.85474829515982
43.636680936170805
-19.67885152253292
15.094699877809092
10.544159234982613
7.166626254754766
-14.29204109213783
-12.78260258640755
-19.61798979289167
-31.76418470651665
-25.043711398780143
30.780507302138364
35.558024313072195
20.6258893561784
-22.23718914131818
-24.007382812691972
31.06557898176908
34.3910033840068
-47.9593768914746
-53.73001292058629
-53.53947988618635
-30.825159265229424
36.48288895372265
32.478706279521916
32.93337582001598
33.907363904726886
26.88823316090728
14.105800809735031
27.139481347374456
43.84828055945857
-28.782775251296524
38.63576872234021
43.29083815198447
45.6059635371627
-33.75948943184427
-23.834580660781302
20.2152781580393
-14.130930252672943
-24.075751506861668
-18.95873642360711
-16.939684855677893
-33.33948324850088
16.898795006451984
20.40083522925763
22.407119340264114
4.664258498744001
19.942447103243946
16.539986471507646
9.831250169677224
11.528849440657101
24.21648976909612
22.48747883611209
32.31939357799675
44.0732060714665
38.920608545999336
32.729051622467175
33.08874603443955
30.74414964111496
15.23330184581443
-19.285228535467642
8.616748260367368
12.505133432732617
23.7702751388872
26.837144766318136
24.315679291505727
26.088339553891732
25.459672940755585
27.61127227554953
28.293649462251203
39.296355116151496
48.174830754483445
42.09831579084121
45.79158981210966
44.25708561017116
40.436735012378094
31.278590870980313
32.21763834755416
34.16801430746499
34.459633271642986
35.55620927856687
26.387303139963965
27.327962739356554
33.4351400266095
26.82275960682234
33.50937950512648
37.289666444708736
23.56135280775756
21.85728369846237
28.959150084848947
25.979058274458787
28.28695066064284
25.16659518189266
28.30313585074802
14.275882061243745
15.672821592852666
24.451636476021786
18.156797359703027
21.34321688317681
18.40165888823789
19.51344576455356
21.228122833292463
11.582352047396675
25.288646755363295
26.593432364732784
23.85021017590194
19.672890133075484
29.64452655468393
27.471663232681404
19.584236015085207
23.698073074026723
28.691373104087756
26.367969581812023
31.34266817418509
25.048377736706176
27.56316694006398
22.22668894474707
22.19978254625019
26.450897206186568
26.72362721218354
19.299188946732492
24.754608891402103
21.490447643374036
23.80850320861865
26.031435811930777
27.724545101134186
29.133440922972067
30.891909619434216
38.325121929671816
31.43771312868963
45.14662504229472
32.25711929691203
36.65696436797579
35.2124822888987
32.88081599019565
39.46782095609342
32.164083718533206
31.135477050281178
24.065648194728357
26.880727107773165
30.658804988435765
32.69598317725892
29.741461813455896
22.15167414187104
30.720731068299063
22.949761751673243
16.25482444177607
15.15498906792329
17.013516956073513
23.22432809456015
26.819965371420032
17.324904061548924
14.810881943304619
14.961851606802103
15.741788311473462
12.549197174413038
10.030972493225928
14.734009951072942
-5.57559058318767
13.665589917058805
16.200070203960014
14.298758380268943
8.246787748257713
11.34528520216908
13.846851628401321
8.59627207422417
6.6649877545001495
7.719364821084859
10.376069358313098
18.57066840863362
9.909503571739945
10.788917615874096
9.134164038507958
7.3681559820799105
4.697751512440367
12.7004578249169
17.06607386830477
15.38462733981246
5.95906086683378
10.710740339444968
25.282153766390216
10.527787674235753
16.228802290436487
8.06345794399895
1.3346129912753484
7.450445877559335
10.520702264790879
14.139347350568507
14.656997740312635
9.805603790536546
7.38097876936467
11.803356499434683
14.293759826066152
11.424644789947099
8.522733385435378
7.923603082336953
8.51505700597125
4.305843315224892
9.800194244113856
16.460397813302286
13.754177424680197
5.172664203236896
6.504419822760569
14.748857898240676
9.324078686060533
-9.998787737200304
6.5823655257670195
5.4361277854778285
3.6695692717478705
-6.211640215024764
8.149543721535418
5.888639378451102
6.7550188188493
5.458853037113333
4.629268877129958
5.162349344849312
9.627960303625043
8.891719203413025
8.673843770476058
11.190405615091617
13.356945430776925
7.273627043700758
8.850390624534741
7.141621304017731
14.590877209953403
8.33867682133169
11.056776105464117
11.761237846681553
11.195955691931578
20.159296893655586
14.693206490362648
21.862330347545637
11.898067215255343
8.624864757782502
3.174888564707311
5.009060483051861
6.300598962167837
4.905639795943096
2.9849419952375906
9.38547284347514
13.321687455764412
20.121655629218804
15.713602540648438
19.604846359237538
14.73029494248186
16.73032856994253
10.504817687464238
15.177449099455817
14.72000664773869
10.987383051350903
13.091064919107732
12.593985031099935
11.28920947622142
14.160659171661646
15.44396137635908
14.834926360911735
15.29879693543109
23.130103996495006
14.816653587397246
10.964381855059194
11.876237669837588
12.058998387105932
4.5010869824429145
7.127452614727714
11.206011247626227
13.606836022467752
7.101077507988405
8.928541562801067
9.255040604908576
12.38803499982748
13.761251688072903
-5.345182824298175
-3.9048846514399465
7.001122483774858
12.438622127281777
11.107018448325437
12.963053434745479
8.781060401766304
13.617654094046566
18.001693137663143
9.72707390259529
8.041702615639398
-6.632292620621232
6.254997482588429
7.377781988719115
10.95541348067173
9.402315037625971
13.82133011766354
11.094175692285829
