27.57730342310493
27.57732465768584
17.378870950385686
12.889684607390512
18.583954914227984
-18.656886197026648
-43.14954962393441
-29.205483306731402
-37.35920313928644
-17.229471015523952
-25.989537624318384
-31.239532969712595
-23.690371595016085
-44.98072676882352
-18.04156772296805
-12.980508156337386
-11.127702435842558
-13.330537994188978
23.70475789236741
25.7764462764791
-5.728048700421404
-32.00296055772479
-30.297860788536262
-22.92839154547317
-19.69841067234653
-8.278568649068335
-13.949506747137876
-7.11681066358366
-22.02175355983702
-27.010410877608308
-32.17629651390617
-40.35070016786205
-50.662857467946374
-43.12004764792864
-29.674451532152748
-40.94530898160578
-33.74271550665794
-34.98867984551075
-27.094437976266633
-22.764759336900113
-17.046416208217984
3.019154058602616
-36.33695185207274
-28.05258040381002
-29.01506765929386
-35.44247385967973
-28.667892373263964
-41.957704163085666
-12.376519191411722
5.5961015895450075
-17.84204695646166
16.468348957539657
27.072023788658694
-23.090695747574895
-24.693610901008746
-7.067228368575098
-10.69245248914689
1.2063020875846617
-9.732712214589293
-15.015614388284188
26.024188946529097
15.327148559618164
48.21349303591881
47.099639195828644
51.02123379468328
21.1618018558156
8.451406987775
38.954338774321705
-24.350113591293812
36.94337988296811
41.45474486856495
49.574466081984795
65.60322955419716
56.84604695432742
59.45283296340994
55.50503183870339
34.76353645894136
-32.41308033445704
-32.54222532274116
-45.12494301386946
-39.73885127535509
-26.430328356516707
-55.75719053931804
-50.51719138500614
-43.66498701222782
-53.49414074942871
-19.314781555348034
-39.31182448887494
-21.4968111175246
-39.54618301255572
-26.580709997191143
26.523734251005358
35.99573960603418
40.124548964645996
37.28419380942658
34.215835442710365
-18.995757651824885
-31.758529255674205
21.020280676513963
-12.975156455331444
-26.807269496113552
-36.81065629597715
-40.275639590442495
-21.75443427510619
-25.88072062133265
-12.305224258664024
35.06390088157574
-30.067200299560625
19.00537485931161
-34.705649754415106
-48.595302467815955
-45.552262550504096
-32.61322212936583
-50.58105256128535
-20.581935276077708
-22.322011711362816
-26.309719324721716
20.177724796143846
-30.453471953026195
-50.584569279861874
-38.891535050694706
-26.156449153650527
-22.27493334571066
-31.858023056930037
-34.74720103507797
-37.26598633190472
-37.557937171586424
-44.94160133579727
-16.28824001005607
-22.513596776723052
-28.67436732702453
-23.63322749019808
-13.768266019348356
-14.739728854069746
-5.541086181794586
17.390391769715386
14.576857990600255
16.01980900380573
-15.395268973338343
52.02557332618058
45.937585875483094
-49.555528623187904
-39.83007893999171
-55.556729426662464
-38.38139665339085
-40.75636213040802
-28.026769223930838
-18.160954849660932
12.512447096784884
-10.851541869407152
-8.74611009270933
-11.962050109829221
-17.630000324154548
-31.43118965259063
-23.501474532745082
-31.605367647938696
-15.555923022908424
-27.01958655977345
-46.46214863178641
-47.11211043843502
-41.998417789459026
-39.09813425733159
-34.599000550865526
-37.68867910144654
-36.2913066140408
-38.49953181433782
-37.98802606848652
-32.59948252322781
-27.753161602912012
-19.040800333641506
-32.88304301972814
-25.909281918585386
-32.0807664331623
-31.288191201156376
-29.82405336856323
-47.30669144210537
-53.471401074038646
-51.14448733461804
-53.54819423388525
-47.80906594851366
-50.82526625562999
-64.4387770437754
-55.90447102762537
-54.25658763047772
-41.67977864447213
-53.17583839808006
45.86717466873854
45.82745760026331
-40.57320339274532
-50.35522997982171
53.267082589875855
-49.8694018250136
-44.4102116225411
42.179176177059745
-38.34302025682656
34.35058090508841
38.423464483501036
36.63482794186999
-38.113333034645834
-40.980887407554036
40.04438109613098
22.784134029295657
23.14494737714184
20.931974665580626
24.47551289029335
21.1513023903373
27.546060486551305
32.84045585222102
24.47543768390113
36.08257041111557
30.985409083239045
41.74439596514955
49.298636331754274
56.288519008566425
48.69667583506587
40.176080170747746
50.78263620931386
46.37030828440808
43.62163644148061
52.39453794617045
44.29223517764073
44.711305548340306
25.627114485616623
27.08406143290089
38.63565771703416
45.61854865707646
34.94109233177121
46.21354472145285
43.068581712712394
40.282812820118956
38.134155844742374
29.234496663512516
43.87671164748634
41.00412469070603
31.209943518876706
34.26976145112269
27.38248206962446
28.826849818994063
19.787269337898376
30.297424190560324
23.066036597402704
22.519020794143767
21.004785952375315
21.139859879323787
22.372771145153287
16.922281882595456
15.192225034914303
19.963168565122118
-17.948997739984076
16.101934658520715
16.034146598658683
-15.018277942990617
15.470735948104004
-13.99267514168412
15.56804656982337
-18.288431809841466
17.768498454977024
-15.298323101818168
16.38309642595201
-16.580621354292624
-12.098428172945201
-16.130562349778746
18.71128175143352
18.503289209368297
22.168887665971518
21.21201370512289
20.97546383746701
21.479156178841308
27.583715386211036
32.45968293931104
25.092691910120454
30.918024926389695
40.419918554130206
32.99978453349463
39.74356361528986
40.583167671480226
50.30873321117429
46.58441481339274
43.73991584909599
47.43986502793913
50.01788754934403
49.43715107632467
53.97977771466037
56.11232072245804
40.63469934486665
52.088797714055985
31.493018975295797
26.752164499819287
25.90211511434196
23.51370736549204
28.40387667958526
44.829195367954206
38.61665672362635
38.29503488976575
41.9676206003488
33.67076488913061
45.860963453464045
39.53308833450797
37.265133204981936
34.528829763748554
52.14348062832741
55.37572247852832
38.438170980198954
44.31340500880441
47.337313078492144
42.57713340604895
44.560724894815955
48.804231864705436
48.041808455529136
43.55338497736781
38.70441045140212
38.37400119679887
47.20764050286554
42.22353979431872
36.873502769027034
38.29577835678312
44.436057894141925
44.71262558099262
42.180296880078
31.00411730020411
30.396382611684974
41.79118226815621
45.57124339969635
50.49729875011144
46.883282383672324
47.79978922475104
47.9782358421648
47.2826771664795
42.403894727807696
41.21123336045814
35.93058360920843
40.32081629805772
42.58912437222475
39.16702526939963
40.02455334978508
33.150839074035844
29.819794138792602
36.024392691799015
35.144541972741536
24.985830662176035
18.19913509483601
26.24573997120855
26.583653491804604
26.336104380456963
18.863477753807196
24.12148911804571
24.78811009231856
29.121513959071148
21.69094257091561
23.85745580400764
16.461168286249595
15.621371865151069
11.994534072882956
13.276005750441756
14.734800004549875
16.613294463871874
19.66265692936527
16.856408978111997
17.59351961912694
18.93833468645258
15.753214465538823
15.189403604499418
21.260314951572408
25.888203276209932
22.280815810038646
19.789502329503268
18.068852780883336
38.10350319572703
41.00769563286327
47.730876487884586
42.16724663979967
36.169016294252295
45.00802378011061
46.56250326023218
40.54534993540473
41.35754598187429
35.395120156412496
43.50722436420185
45.98674094240404
39.287676735154
36.50574493682876
40.679499270450975
33.120241879261826
34.581568669108144
27.98466672610797
43.89551253458191
40.301279924776
48.37119081091796
40.29603471100224
49.952617063474044
40.777141003278
40.44283095728236
36.74540289354716
30.8544281820861
50.91737599524307
42.83829221577457
44.69165786984326
40.78047506529224
43.57368625940835
37.95185620599456
30.586037354613815
31.692694462588808
23.97428687276745
23.964689689881833
12.552592738863398
14.863884278997112
12.729141688010946
15.955862977894043
15.373093145996494
16.271945315623743
23.3819834045065
25.070048756447935
29.56220752613094
32.41271578293294
25.417323944901636
36.73145616981441
29.905940430062813
31.178182011564566
28.757114510826266
26.49638694018991
22.17620228510672
28.292821152788743
27.467787407148627
26.39805121580244
26.270123577344894
30.786653412441805
30.38822456794348
38.47432845004128
36.2373505301966
39.649024046303516
31.813563046708857
32.400363340071515
38.0539914696649
36.29575216142274
31.415537887329343
26.974540300999124
17.60697659142085
19.639641551663694
21.13443582915511
21.865280417173697
15.578074500247292
15.50875070378158
8.926558571866225
12.342533772647545
-13.52026123917839
15.104934188628588
18.40893607489074
11.892277419848824
23.165343143797966
14.159120541634966
17.238408860566437
19.093201163054307
21.05461045397641
25.362488962583097
25.945385460625385
20.885743308865276
19.33392564282594
-8.419184734591061
-4.653490054771446
-8.109813701195655
6.719548242898582
-10.168292280827234
-6.916348226073215
-9.093500495027046
-18.983110507176114
9.464501595717415
6.4490796338734855
4.279573403621293
7.464999799096558
-3.5763320828891083
3.1344708588321506
8.986257060773513
-4.819231800042332
13.65703540996889
12.869068349982268
20.606503705137083
16.329070347625937
18.735164241478437
24.723210542801713
24.50292421434379
17.532787173812885
10.123400698460905
17.324229948412142
17.48241624154835
26.078670109878434
30.61811676229239
27.573292279093252
25.45320518982369
26.912798765131267
18.81074858417071
21.307100439502197
25.826315542574733
16.49257591461709
18.10447925416577
14.251567124723946
27.248229750213582
24.690785968470152
20.59764548135465
23.522685844453573
15.908958980458843
30.87848780131988
31.168011966821105
24.483723194285496
19.08147269791408
30.30102060197995
29.30669132967293
21.91380225568853
26.952905021970455
24.215432976952975
23.80204389584942
27.865828542964433
30.965448035823943
32.22923012483226
24.468668683524335
25.74003490805138
32.134506158152625
29.89416167002363
29.71183557438106
23.165032150939965
25.834782611570922
21.324834162194957
4.021600814621122
19.44926858716586
18.732794488935557
22.486261309836635
35.253370232883896
32.84817332957598
36.07638283765471
31.88080733045176
30.53534481929733
27.58208699138309
27.854071661430957
31.92485851892762
22.633890957949898
23.57117387388077
24.170090899430075
33.615314097714084
27.985782854016186
23.614733106439402
20.980727635356075
31.479707440829237
28.08461610561926
26.77640080716214
27.395132953722232
29.711627019094212
27.736861251218404
20.584400357461003
33.463232240291916
36.56953730976566
30.08008243264987
29.819580308276464
16.609949310779957
23.174473121563352
25.334649343860832
20.99531764971985
20.96340678855984
16.466492174514865
22.361740279013045
16.032630778653626
23.97995744953771
18.006630364379046
12.72276319427052
13.261559220945841
24.3969537780927
18.603832970022342
16.089006271863298
23.531898576359186
15.555801304195285
19.071765379710463
20.233725418130444
17.506766557105927
19.849646075148286
25.5749280536453
14.734208651468403
21.421023989019933
8.19123028323409
11.652472943262424
8.95750001170204
9.729909714316065
18.856124569073465
15.17399350936698
16.129316863878167
17.85247241567593
19.498077663328996
32.72133604074988
24.451141488750732
29.706329277425986
28.453803079063547
28.295000775417357
28.378232033315275
25.04408038744667
30.749929145169936
36.65857362293737
37.3924450596043
36.18793951138301
28.010527729063476
22.499518935863986
24.476147786111877
22.994079147296112
23.01294904490234
19.60842938485827
17.384616148261824
17.437969118316495
12.522862390961256
21.715681756489882
16.924166088556106
19.742989192914752
19.683553527969696
18.476823339533528
15.045778990687406
18.640492159696414
19.241801168445335
21.719875844251995
29.70831045351646
25.187028718602402
22.03196232399159
14.464408687094947
17.619553552526124
22.0273034284267
21.365637179691284
16.769353486331124
25.5203440642204
23.235215725477786
23.76685623771259
27.172252826697175
28.88174656158429
10.615758454000963
18.313668225689582
23.44042588159185
23.658723077522467
17.61304359241033
22.828059007294613
22.384052751040915
21.277175349397332
28.88347129656179
18.89664230824113
23.311255444110753
16.658925726817102
27.81811528276543
26.958623125707987
24.17304416098227
22.074613752984874
20.104967029186383
23.632726301483643
22.043659735434794
25.070445344474695
28.519565559005567
23.86260261291725
25.32152510052137
27.090641798572506
34.016416053532026
30.17075022274608
24.584172525913903
27.046871428371468
29.523388153681367
21.992996274452693
21.336469164733145
21.9138978408577
17.545686114104683
20.122749636589997
25.57843830798215
31.711115167589963
23.1566998760432
27.114685214315887
29.506619688595617
17.33951802693794
19.318174346746158
9.823177006318518
15.572450536072722
16.36363863537332
21.85744868734922
25.49548105210068
29.94606218504152
26.18421286277994
24.848462798968082
33.75542747409157
31.979293519877057
31.979291670734877
23.44587052036387
19.752029937312773
14.194109491741623
28.211405832681642
23.3657184925552
24.301580196537387
27.571538339134634
21.9200302574117
28.49762849422609
28.01195852271225
24.333590394872243
28.702534051368463
24.786099519400377
21.685673884980957
20.9679528611922
23.499620099852866
22.327236805944732
20.87954252124327
25.065616831843123
24.779089196510252
20.433006197258575
18.058400767704054
26.2703101174962
23.497490272196146
22.326590757414287
20.941012493803772
16.517025028840717
17.109970162242547
24.74350824505098
19.383037542341828
21.10517952204455
23.966168417460402
25.990119598436895
20.244581049976702
29.509572492570562
34.03682493794246
25.505697812776415
27.50985872822289
18.266470296520684
25.072682632454296
26.07082230329572
23.52669833073592
23.447050749113338
22.641968766401714
22.76844724329731
20.019024416118466
26.29816159927567
20.975191907244568
22.44797608454048
23.134213768021123
28.235924014370966
25.415695469293958
25.677699650003444
33.050074198930254
24.56853485783207
19.14576860580454
25.840886646385183
15.050524956170044
15.181981146158202
11.683638213188644
18.303538821534765
21.248574729078516
23.36094076741728
20.983750445357114
27.953846324771014
25.65963889251358
29.57931430879161
23.078563692868773
26.022578532701953
19.69108943727383
32.68673191780916
29.621988282305637
28.823682637072782
24.348728112852278
29.000664869976482
27.292568178724483
29.110778824534158
27.442141724467156
20.127807011434854
21.486143598306057
29.59719310867065
24.680434146809535
28.61499543673677
32.365637440542145
28.470932698746466
22.638955827858428
28.7713799970838
29.948054247161146
20.276256807390308
16.603861474826708
29.907916379251887
18.55632494291071
24.33550306882974
21.791464317671217
25.597362209337025
20.580608568953497
26.006051511969478
26.019175507560995
23.619980667602533
23.430969100894718
19.564478557469396
15.158192293420155
22.994572794534072
31.16617315691922
15.758872072025888
23.94469278670397
29.39102683950115
19.46741020635983
21.493815791208824
17.157731829246814
23.839114810291278
21.40800968536464
25.079569072005782
27.609504392243178
31.003520708046263
30.20504187246911
23.263682982188644
22.005070485964552
31.19087322156529
28.622503890106895
30.584234352755704
35.070098110052925
32.19773466982324
24.74870849081829
27.88860555059608
24.918460283971843
27.05843983594118
29.82745684214611
28.305463550836034
28.589848323524176
21.12866548453779
23.644321362650093
26.687238639199922
28.494906346606882
21.446313242474957
31.04286619808789
26.66058163631611
31.99972005503657
23.944937858510848
26.707813105000465
29.921750325314846
32.45066623587521
26.75534930266652
24.387814291924123
16.89162703065731
21.342729927200253
21.48936147200089
16.35868194890053
10.972965723333695
11.318271613154984
19.933618636575495
20.60762244807662
20.67494047227727
25.074582255791483
23.205944328878207
14.8937278843943
11.964195332329274
17.325936300845314
16.34221217154284
25.3403990807426
19.272844594296267
25.611814304210586
22.689580310971554
27.167019126332256
26.563171611786583
34.64706933712615
22.993367769805726
20.67828699629289
22.859829645976454
22.864624795073002
31.82558164354404
27.04593340499042
22.26496815294437
29.451564118007525
21.175163216691686
20.08624631992618
19.67935080857085
22.539638028607055
24.746478148868785
31.723262761746
27.046088946868306
28.73515763579146
36.214909683180025
31.37864013377981
24.452313687333135
27.116523512238473
28.391628849833708
30.63200243584802
37.582116123587376
33.736232938825985
31.817437895279546
34.470709390583394
28.637767672597533
24.462697447172722
33.62858681862231
32.02237125771427
36.366501204162276
34.60551394467226
24.9967608581775
30.333895301516517
26.84537367841776
26.501012174114194
28.793156207607534
31.095126244763442
29.784835474914836
28.052641532938335
30.69262614165456
28.250488844602717
28.20744287095798
28.763198248924652
29.327887790088134
27.279724955534945
16.644194063719738
25.31299166916033
25.58701321788286
29.987547282575072
32.4927624528055
27.60888182548087
28.212664932147906
30.99551979554067
25.828294976252746
28.53856426759653
30.812107248296478
25.00879089398528
20.727466819934257
22.112040438397386
22.019670782062
23.192475281906372
25.352083267863776
21.634889085411825
22.163592547603127
20.316698813688646
27.91671163526851
26.999300513978188
24.67890184265191
12.899191818198982
25.19354892674529
23.06904357075838
22.41910946105219
24.89874732831746
25.26412020469528
20.462966524676332
22.93834582774381
23.01010193075121
24.923774971847912
25.94263539268431
23.722169812325166
20.945839872877137
26.40024123455017
14.970267495637728
13.605053164309721
16.424595228223605
23.72020973663147
12.036846095591853
16.81322179570388
18.339874281771905
23.346178217029205
20.70780132853371
13.744286073381941
16.108986597721003
14.03176543550481
18.64691355642086
13.4783607178716
15.902332732523393
14.382862923289991
15.02805680874239
20.273907309302565
23.231488589375473
29.170192850025636
30.489228906688695
40.02725049431804
40.620374106197175
41.440506079968884
49.26209245554867
53.969473458849976
53.263153182414776
57.32005647743634
59.356912709133034
46.84046861849625
44.65815914416367
33.081895520850075
25.558151444034102
27.31117870835818
34.325411915936066
29.201059578403605
32.82069550072078
27.966193759049837
22.378555190412072
25.602481669334367
32.78298524966493
28.38735450575854
28.13238432754427
24.57969172404829
27.099209554791145
22.55017610770746
24.588141260344422
27.657053656209197
26.96528228890908
21.169228288793576
26.19447041094613
26.03147386546479
20.91767620083733
14.324149767304895
18.87236805110221
23.831429689042235
25.601526419491943
30.9982903115039
27.429230780469688
24.116385706686465
24.487513921080026
31.017065282535413
25.30578853055446
27.139977010765737
28.068786665956278
24.1885026159931
20.425677775181374
12.134282888464684
20.66106059913589
15.902363837316104
20.88431719449176
18.893037185042044
19.958109111816178
18.33459253948463
24.55561792365976
