54.994087344834846
54.99379719877137
59.87060943659459
54.91670169365375
60.204530812954026
61.19215804192896
61.60458560721115
60.809835182999976
67.22220367402514
66.11481441037466
62.5986318576658
59.03179030395873
66.83045960816418
62.71150057325874
69.59888319928679
64.31960113296928
62.373241223933846
59.741246149738686
63.27255987715751
62.17506576109723
63.72241266061183
61.80938317102107
59.655621526753364
55.34201239642447
51.5251160749043
57.31980594963817
62.091615955699275
53.32179528132051
51.79648757714969
57.71094260252367
50.739473205792905
59.952136280081646
60.12516843559254
52.45379657872552
55.03928009617451
56.87862778929533
57.90607234155737
57.218652280617825
59.981800630092785
63.28793911610965
60.636319833773705
54.08164407336919
49.68769426993892
58.49285357054498
62.338447041306736
59.43904617991932
59.02633060039807
62.15892304598321
59.0166932635122
60.17757848146058
55.10575138382094
56.44166238484383
50.1351857638767
53.3002535222554
58.08691739401047
62.10021008452095
56.5227255339514
60.29015770487473
56.149979186529166
59.40216435309993
57.530915195909266
58.74634396943613
62.48622682657118
60.21751434443806
62.92412342373369
61.606951285286414
65.09905494080505
62.72101679629551
61.74818032239227
61.15194520893326
60.55081515847708
59.41616460266019
60.4255677328702
54.41374375397356
58.220610433291824
70.20424149282286
71.64152445601788
66.91812537563443
68.80610125360198
65.3377572601259
59.86577981925188
64.61018248485436
64.47234078127478
57.5894048901707
59.702291908004
63.62781098710003
64.82695111987452
53.58877755743781
47.08047571820021
50.55779035549216
50.10455863683716
44.34647215444513
46.967983868492134
48.23399640073722
55.21170581773838
48.17953318315418
49.14426963832862
51.7768315024735
51.145659826001584
49.50596504222789
45.78234132070331
42.94804376348378
39.243351415991505
36.3922986749559
38.31285918432869
41.46972005681779
45.40191875928989
43.98094090664564
38.48837489735368
35.88215057414846
34.42474845719698
36.226386023204874
38.38259566036742
34.87714862676838
34.27419708574777
37.23419308306829
38.90944504748986
35.4933526501736
42.64404147542793
36.33129666847402
38.00036819638316
39.91832284359687
42.65388149321775
42.137934094939496
37.108787227173586
35.29230488433191
28.069852205989587
32.01459809632911
32.46467015616897
37.816778266410985
35.91122671153757
32.62911984130942
31.67899278083235
29.97512953678329
27.453602851103316
22.435370371805536
17.4793525190949
20.217540309477013
19.73731224144983
22.689325247987455
25.93392210023118
23.7463184416337
29.741623732552874
33.26086072718924
30.97962652079086
31.19659591429863
25.18995438474963
29.83501895041819
27.286290748965104
23.766107283019522
23.030629756198415
30.638333419219254
31.169160165006545
25.160707774766244
27.31216203938005
27.37650226853068
31.860791467644393
29.302903887037502
30.357062587505332
32.46212776897664
32.79262408558836
28.71551764376519
22.341883516218097
28.12294191660422
30.158106285450586
33.37817729424018
35.18195150727053
34.32368211640747
32.75069151709016
33.29112298568235
30.979325733874084
32.97688176336796
32.49217869308678
30.20638464190816
29.457398032184468
31.502665877994385
34.33571979231427
32.87970962396576
33.83800677370956
32.95827440127429
26.51859070479899
24.112116011325192
26.998551925310387
27.774204818417065
29.186784261372008
26.875971493063137
25.410698711263432
27.34240501194446
26.415117306241594
27.784086843015388
27.19904403439174
26.96778479284669
23.487590440439714
24.642217150130787
25.293245771821976
33.05420052311397
29.17099292383944
37.043050610426754
44.44414936437197
47.842248225442184
50.33806159425563
55.186113875124306
49.87381277576099
48.05741694806842
51.79221341819879
49.824196224031326
53.528556897374145
52.796994878604465
53.21534142747313
52.31075064357746
69.2732437624816
64.25228327276405
53.84812057502409
55.91294164288313
50.59897134717163
57.96586619040196
51.07646117071869
49.0542348615073
50.76477638602967
51.250450805375
49.477888559303366
52.48011584347772
60.085747818341076
55.494039632337845
53.06816771767266
54.6780607233941
60.213566486282616
54.898654865655296
61.382862703847124
55.36313116599336
54.291620935056685
52.56397791048362
56.68616512804726
57.53258487337895
46.579745957913055
52.500050786038315
56.10155253704453
62.73547553705674
62.47925143087758
59.59098220325506
56.69597891982208
61.105728199242826
60.065951290033084
62.890175599563705
60.34777136546226
60.43243287879802
57.40107472875457
53.370106917456845
49.948663098814365
51.41021248627424
49.65616818591417
49.55637020248104
48.278176048616345
52.593073034381796
42.71937000678966
45.294839367144725
53.51090369730628
50.07541600808318
53.52124194640463
53.93327601456026
47.98732736705076
49.14414255867413
43.20276237080932
46.64459461036604
43.75646584221343
48.27202704378825
46.59076899083569
57.403705794739814
52.912020736175066
51.703781023434345
51.25111322997187
47.70918696634702
45.528885850417446
47.33394432079165
51.19574326560979
52.72458175065148
53.382562685483464
49.8322366728009
49.58106780709761
47.66713641911972
51.757509447292335
52.729189486603666
54.21600597194483
50.46034760730609
52.780456901575135
54.0852940479994
49.65149686679042
49.16471170632894
45.949230790890404
47.517158774497354
45.24807661174195
47.20260504095839
44.38265104793422
44.79065830382184
49.3375068567616
47.61598385147914
43.121266136000735
43.829218540714535
46.3797685891661
44.29612631476738
42.59505060258298
38.94039321789222
36.46358789114303
39.734334500831416
34.410744465853334
32.71446458363631
39.71448902321517
35.84534892202527
36.883376039624636
33.08787576779179
37.393306442409155
35.1052170922401
36.89064240444586
30.47848524224028
32.08617973070482
28.16940757502424
23.88935088301357
27.583779279927715
29.409303913014355
25.274495526246312
23.60049891850223
22.8927792280498
25.324038129228082
28.31859789244241
29.11519287861943
29.432283707087162
35.46696541129886
36.787070704852646
32.10803390301688
33.32238135029656
35.75454749559195
39.21355749189412
41.77253984603203
46.30897618279353
39.47738204503376
35.433295360304534
32.95797670277313
34.1004201693131
31.1071706128567
31.814650096909713
30.52382745577866
28.721638453140134
35.31030356602094
35.75964597020348
37.20725352970222
36.078384396852236
33.65099575539401
37.64162114001142
31.476986709239384
34.09553360224919
31.53112136996517
30.124605479366963
30.468673125157725
32.44667358947506
32.155791991720776
30.024890485506038
30.521380697213928
31.38875437611628
33.44209967631489
31.353932513138407
35.17320665047744
40.71359865657936
41.32619092286161
46.72459890743918
40.3314792040804
39.809481753779025
41.959001700716236
47.275871093512414
49.06023385533562
49.90945202059867
48.008082446849635
47.55896819420435
49.788921237044526
52.345766460709
52.18568018662631
52.25904534535462
59.154526087572286
61.36735801330874
59.00193687666871
62.25781421852823
59.59539529850437
61.23920654633669
60.93292417481091
69.39380460417189
67.90101914084585
63.28323003767449
66.15764875404432
63.78317769597718
63.56105686475789
58.92210471001483
60.65704120802933
53.534142123816515
57.85371838402065
58.07121359445795
63.02871467557588
59.35078782853841
60.43406276054129
59.705068237640745
58.55965591672492
59.362533848661464
59.80273322082088
57.038616472124524
50.475888719817945
51.958062916283325
53.76485527537695
48.3275931508205
53.58854108961695
53.34021019557393
53.93369778434181
53.638899459153
57.60172838813824
55.60871163356182
49.95283874075914
47.58167705238693
47.46186681134059
50.74773566958451
46.887736645709126
45.705862906319176
39.2919563817677
41.95645250142105
43.64645249787465
44.808093961412325
38.98404559884717
34.632287844408374
40.04932508552497
35.8851890523519
37.619554917699666
40.47624896116537
39.02033983595996
39.23095632732466
39.52975811408546
40.05614235996349
40.62393231246849
44.31341282011335
39.69834986851636
38.229411155704994
34.937188311718636
36.978113838197814
36.72859968017203
36.38986414882075
36.60906664003079
37.55298052373944
34.371635328357435
33.583843499801254
32.00931986604176
29.84758719415608
29.298309325882062
31.28572266204629
27.510640362231012
23.872579190551534
21.04141577228358
26.568633134319544
21.45854631480182
22.5461580667044
25.351939080909478
26.792843492750485
21.069505402647636
26.24946081235862
25.598851891951778
26.60098725630585
23.48223575703389
24.588284893531974
25.080149204935424
27.057517555271495
26.569387964293625
22.290686496831363
22.32955469057481
29.11413815002132
22.283864874847545
23.40981457005446
30.478246767226807
31.512138221802733
27.025714527467322
27.3955317039349
24.416443066380353
21.986570902372147
24.141213348862763
30.319131365075865
26.089307587031335
20.407607643035927
20.152930986192644
21.490477606111256
23.08361600896716
23.86643517440322
21.1713086620609
20.232502374658413
19.81197257394443
19.7273647193899
17.66729071822026
24.427422050015725
22.041143100804224
26.39494133322087
26.093069913423722
24.21343965901119
24.556662671527718
28.05664113898503
22.70290477736204
25.2063713147684
23.600910033429603
22.029592628227732
26.102621277517937
27.193641819615554
30.080939473686865
28.045355614141602
23.448993872518155
23.86988108780609
23.626984558775995
21.692779035688133
22.903155308314503
21.957111647413488
23.65484192185971
22.23566473510704
18.84877180677115
15.457305478417979
14.899138546033429
16.57934122451895
15.403306320571586
13.706571558592557
19.983886654023685
17.237972304972445
21.129909051698238
23.70483728972289
23.066801374518636
19.070415702935403
17.226746184871512
17.027939358900387
16.98491714597289
18.6183531140604
21.79152763927701
26.38430306282924
20.638048441223706
15.015425685396806
16.288704736068134
16.884005006897873
20.884602141232154
19.07523026098226
19.545108832812417
20.77673490775839
23.509020218172207
21.828765941704656
28.050132523050138
24.594614602147477
24.141659962311248
25.684471953462992
27.82871498416531
19.76075968756692
20.101956836840166
21.331187660113386
23.213946748170574
17.74221208388475
17.47801947335286
17.236196594780353
16.98081343583418
18.326902800479317
17.894139155018976
19.271152164230486
22.03632569238311
23.217432050651396
21.912672969536143
22.01304730727875
19.36753278444165
18.127581040221887
17.637665547343108
18.548369352662714
15.4608165447821
14.861231969358633
15.355382372972866
15.142111405532301
15.801579472976421
16.701391400465184
17.848026463530957
14.71043754774312
15.030598835401927
12.742944500641643
13.308925015232953
12.191001406848413
10.372586854681568
11.62274545448949
11.22008805464219
11.202833087477227
16.118698564545276
14.95076282377868
10.923912237075333
11.290139719052954
11.348778944820943
11.03824346656169
9.865922825037016
10.924262138336667
10.763209361139957
11.413899380422711
12.433062563344647
13.64268767026218
14.651986678826017
14.680610538448917
12.426191841624204
11.964883697675786
10.652425836202728
11.230084073066804
10.239885884355646
10.863907928760437
15.259337475452973
15.77333437157003
15.096328065030473
15.68056018435857
15.032607283925152
16.792617380787537
16.569582689519866
16.42164914410003
14.952760547834679
15.165445647271055
14.045788795136101
13.862666284173413
18.00400011490484
13.710626499453735
15.897853510874734
16.787181962635106
16.46934970018867
15.195077549693254
15.410323702806998
14.412808300269095
16.908264604902318
17.26657600677389
15.573173453550634
16.203272144819895
15.48264618374693
18.66832262031069
15.55860254909251
16.02960098345979
18.91665223560333
15.17218883998951
16.215255415979414
15.263000577034772
13.794627229366531
14.400793276303611
13.60656736735481
11.153642079756262
13.015510806072513
11.142097967305842
11.262422986461464
12.931752522354662
12.69693546413976
11.86075085700272
10.153916592149299
13.501661038753564
11.828410313155278
11.679600571824631
10.436335064271745
11.493161687273778
10.387015623439078
11.172496250808148
11.655880190744801
11.822672050721247
12.328113070366436
10.9729128222942
10.829274027495538
10.699413370497544
11.623736729745202
11.5131681827204
11.390983075300758
12.34735899963898
12.692280023869284
14.15222605701574
11.613572667621979
11.01967917161746
11.988248710746182
11.08918720765087
10.208392494046125
14.462768435087316
11.813103860622723
12.23168658918995
14.971459797286911
19.37224712354109
17.76724594488391
18.85687880065567
18.88628107818336
19.903204260042568
20.225671115312213
19.53029494290077
18.16649911425621
19.20533919959148
16.37395280139865
18.715637275687282
19.140890390655876
24.08158766231611
21.424078432851562
20.78132424542295
20.617416604487317
18.395431626312277
19.149123910923628
18.669861303644876
18.22099436706628
17.501018026238594
15.693224356075083
16.7245803665739
17.025675495175708
13.49428842416116
16.89546845989911
14.333892312246817
12.534428581517606
12.967501165872136
13.186999202215024
11.699907797170722
11.788971244910975
14.154198190300807
14.5128409342295
11.898089782720303
13.122723551190774
14.386378975460469
12.792253629686986
11.719206555814104
12.903272537336042
13.635635585653645
15.170436067134244
12.8925446259226
14.793313904350548
16.867994401406133
13.826936993135517
12.626820716097756
10.090444767829617
9.660034858546231
9.297604399864396
9.085341785672556
8.296229314283659
6.753574212911541
7.7734660965674145
10.081434390515424
9.084780403416387
8.993779863229651
9.533092161699573
8.925502961424082
9.80911031546682
8.355285331586067
8.959178949648658
9.577613733661906
9.35271209985566
9.8018084468965
9.57992114047959
9.08434487269126
9.454415240961714
9.696770777188942
9.227749106415539
8.96927939318289
9.618906727831453
8.967476836393907
9.56805684167031
10.540714429053184
9.549857313195822
9.378289299395613
9.107899662611857
9.529089817734755
9.08764236179206
9.635985737802809
9.368186895901417
9.243946851949353
9.32197106799885
9.817346790708802
9.566663025509166
9.120183746190383
9.201182947173692
9.008049040144327
9.793242081054695
9.648490947956054
9.755327658466703
9.470429085292112
10.03754875156219
10.140169730667207
10.030610394833271
9.183538034295797
9.732126106865993
10.522253040367005
9.53346555815143
9.188979094796505
9.095160895557052
9.462447613940734
9.16600660549939
9.78283195274081
9.816857248350862
9.372362064163822
10.454684962752575
9.408398450694817
9.700459259804145
9.872379841935851
9.575978889512541
8.658986270934554
8.242499085273279
9.192380509247663
9.340420705558678
9.061449030788234
10.040016650566912
8.896723099460782
9.720620378520664
9.316684209371573
9.31831504927146
9.410877245902592
9.323977864630658
9.445936946095902
9.26230766360234
9.127246175321241
10.121726017134465
9.31210543512224
8.913886156789399
8.733683165483894
9.247757398958314
9.670983963076813
8.923267881054988
6.627171121292063
8.623571382671141
8.74888895293109
8.641215682724727
9.875105296143785
9.126769442467962
8.649411371684167
9.979494531400324
9.015151794212231
9.269010619225556
10.098082048967504
9.602054264745309
9.39345038791161
8.641007268792963
8.718122791585204
9.853862974349589
9.006620223614304
8.913991284007748
9.348451370259284
9.93205980930688
8.720680597076695
9.50016222325101
9.208074839389042
8.532966536715534
9.09474122804846
9.876722147868962
8.915911063086488
8.921419130055877
9.083958157805979
9.52962972548384
9.328177393338702
9.25431157277946
8.659954478517504
8.919929491949446
8.881145045051449
9.04724415967848
8.772126707667034
8.643024829208006
8.679721623103346
8.81904627629446
9.192913981974709
8.897160926066714
9.011259160120316
9.077642788022747
8.94789208925261
8.448771047861923
9.662544450172774
9.469872957906471
9.417773739954074
7.90065547602654
9.38478969995655
9.123246929686816
8.531972267017764
9.006534004600551
8.972515819810619
9.9817174880257
9.592709669924334
8.89653127262302
9.326085247307942
9.287968644429574
9.042569695549737
9.304674793780714
9.051734981307986
8.940361400646497
9.15014787057292
9.491589233334969
8.6495337210528
9.088310535242218
9.321164331631516
9.15808216804528
9.770291169078375
9.29801259239775
9.502029087476002
10.07343518565054
9.803235258197043
9.892198475895418
9.59623951149814
9.196422580037341
8.882871255226794
9.633634896213676
9.614207438851857
10.031259155178883
9.542653861036746
9.504201770575664
9.270215534232207
8.040601715145907
8.2778399423925
9.130885489805445
8.748187428544027
9.135297273948504
9.815754997648897
9.25841656877343
8.570107825857058
9.113951061450436
8.372256415638931
8.50957085346624
9.24383212721447
9.358109709192448
9.717916612710978
9.419208042972844
9.63379545349414
9.143747392070718
9.228298310769684
9.187151599770958
9.673036620168004
9.15484328357273
9.102194980221007
9.039725376042195
8.776241335316536
9.286181371850581
9.258865780147316
8.72086871379812
8.958082036825752
9.232605651475795
9.914466195265554
9.650117806537796
9.34632357242393
9.31282881445389
9.544928776669115
8.691393193141534
9.317735015778688
8.211385014868872
9.003059628981715
8.934371736077123
8.904911238535373
9.048309664464186
8.838185957800443
8.459128039918632
8.672625924723974
8.963147338936182
8.896512234759467
9.422659540517953
8.520244132065256
8.592255037819816
8.902004870669307
8.970975244782675
8.145074425041912
8.943944862721553
8.425812788073346
8.365548246401254
9.082691337558254
9.531914551022165
9.297796376928092
8.39355368792762
8.895582272773096
8.823639339768434
9.303459424347492
9.842460695296525
9.665460030845296
9.290556270384625
8.959763959311381
9.36987352004461
9.498156631004363
9.254898207944922
10.217982593191275
9.638790017724848
8.972888641297606
9.287054278977628
9.136609848550496
9.460221789438915
9.15842440353767
9.473209871446738
9.620508340394608
9.438492373201571
9.389781993843922
9.18843595723856
9.450097707715543
9.192071837031385
8.952131564051731
9.413393143500356
9.554033345459606
9.437371997111855
8.851719809310934
9.176799175279797
9.730136722644234
9.589564784934245
8.846648470145507
8.263468757342958
8.804269184914526
8.613250781703163
9.530702766668425
9.320382582281733
9.526857213057117
9.223686751977345
10.156588467027492
9.589064626879779
9.599548831625354
9.503029364155923
8.615623578145824
9.258295336887812
7.7557267777598975
8.991844878819295
8.811576518507382
9.720887381047492
9.688253308878059
8.73850088125162
8.970126123221027
