54.994087344834846
54.99379719877137
50.16182987385096
56.806320721375116
56.10753197204871
55.95618350642962
55.80768290273053
53.35926060205946
60.71735901536639
55.31889938061983
53.5226080178196
53.30386925906885
52.66207037555145
57.64797353517529
53.34110759959155
55.9796277036711
52.14924767250243
52.70080704149549
47.29147792818019
51.56785735697196
50.80324700183566
55.569001204304755
49.55918961293235
44.650483531183596
49.512435350054304
52.608389699823725
50.82876239988269
55.28187704276039
57.54518329611425
54.56217252441533
53.48575980291305
53.187472890592254
54.66654543256669
53.8169202556688
49.79597914733892
52.65148122760358
43.90497666577607
46.36629059987132
45.72665146132019
54.62949752349826
54.85804787663694
59.30071734162647
57.794754758266066
54.387848708446455
47.43047537004958
52.60839195280506
49.65797872210935
56.26191233208161
66.24944607409432
51.47235132816168
50.934422177319455
51.53247427261755
47.18726616364207
47.54865349912355
49.741793723793265
44.6581943905926
43.03121146022682
42.46190747629115
44.658102408045124
49.271516442307096
42.83901794442992
43.705088564998704
44.00893327151268
43.76469971853328
40.539741408693686
37.520056152478425
37.684228684470376
30.12433274474148
25.125134453426416
26.772112801566205
26.00479924558187
25.737004233062905
22.170771193741462
26.215792709165378
23.63908767409915
19.831310298894646
20.510930093314936
24.66933239724449
23.38872180676338
28.36337972090441
31.580974599605067
30.546923457529985
34.13304010354318
29.214275616319384
24.332431559659152
30.05776146406755
33.556948376185495
42.10863192239112
35.91780687924878
29.976728004727605
34.514128078748776
34.83264354327698
27.26247835134541
34.852685607798044
36.598646479379916
33.47402176101687
35.9216120328846
37.00301825595824
46.77633221717766
49.29173119106552
50.592813684788936
46.653198519391836
49.974999956285004
58.045276262139204
59.84934157836055
53.77460288372383
62.262239515842346
66.79708475085295
59.24814065732936
60.48211822070453
61.39072443181334
60.015601283017105
61.48601811926278
59.61444968337345
59.19377454273714
58.66480697407326
61.752564122865635
63.58161997340918
64.64558181666793
63.27428821231393
62.91823077638092
68.11192260671756
65.31778328653127
66.12851050982347
65.89391389204802
60.630080535929636
63.941198190449796
61.217471643765876
61.26158364960042
61.9989609513209
71.6663722433448
82.58632791975725
83.16945024605896
73.48965051893428
73.51371145495904
73.06688279772867
78.09174417538784
72.21002185208603
61.90339320806058
62.90923673524243
63.56118853595329
59.66540494914168
61.798931415922226
60.00667976598259
56.686990257929935
55.84190121042537
51.889344146063486
64.02121326528237
58.539287188902854
54.58868092154039
61.422675773580735
57.27968448296211
54.89733930396453
48.14163010693992
51.714937040737226
50.311985633641136
48.14717220867077
46.3486350291233
53.28806540878603
58.37768749046487
58.595055865934
62.44052877070737
63.71253736098278
62.49757445756955
58.52584984621054
57.37749831083816
51.160513262138885
48.897992415143946
44.888572516932804
47.10783449542706
48.89752749138506
46.81194076708555
49.45061693207326
52.451511880018835
52.92367333806298
55.67808371485485
53.21863992735834
53.22306547589246
45.63341620380267
47.060280835048765
49.86114671762343
46.8479683987159
49.6648240752497
45.41990116862302
47.08245543008037
39.06796198102023
43.479580735629476
39.6617136919397
43.35172013164698
43.27153989439377
36.99593306095539
34.00340790585371
35.46498115797204
47.237877179555184
55.863188569632285
57.22424489549186
51.448831561391316
47.769229591406685
52.96127089620747
54.90055188011246
49.741470316621594
45.476894909475185
43.17632568851906
47.83555347058248
42.17515778257699
44.350270662384425
45.46837610516787
42.1523119424412
40.66996366413091
42.19025263759374
45.813975082745394
45.82061830589708
45.86587089151121
45.983990896987095
45.80628232580886
45.40081809803511
41.02375227853284
39.208831038232546
41.0078047843812
42.55403835635571
40.48320415385344
42.41537271614879
41.58287290466046
45.405543643410496
47.67618555425376
49.24245087777207
47.76552672149631
41.73722503236556
41.787082865449555
34.61623359951815
31.90699681570987
32.09195083714844
33.41863589179568
34.55965375469233
34.45891050037809
31.458975759622614
28.196106546243797
32.05533388960879
33.29089606991041
36.646654782660505
34.39340647125533
37.282545793864266
37.03741310816363
34.121928822375146
36.123773732899686
32.53352662964773
42.76010025019857
38.57624894308653
39.857652279530264
32.66162760548506
32.656889162586054
39.88460253470682
42.68994854820558
48.74218172142939
50.04803096566761
49.565286476220415
49.532602461576055
47.989436704794535
50.34973765007753
43.45938210980681
45.79062493750778
37.62245980353885
41.32733609149092
39.122313512581584
42.39150953883879
41.13177268379864
33.22079411152335
38.69586245293334
36.84096480436367
39.74947670303519
45.63996248354005
50.83158084319062
50.469809877353704
44.014680154227655
48.606614171361684
50.33783071485202
50.38102003366689
47.99598295627622
54.66980863884976
56.2621392399091
55.69941467569126
57.064777365630526
59.21639639839148
54.71593498598523
60.81527486672951
58.89704574553666
55.61896455816629
58.03986282801711
49.082525833483636
41.48465581601011
43.59213767200725
40.519000620491845
41.08336202121173
40.479587256756695
40.93469478952089
41.214186746245765
38.37152120766744
48.720229424896274
43.31486712277986
45.70743301370276
47.63727790119953
49.82435046037104
43.64180021321482
40.55122152661217
48.3127611918984
47.666176126012566
53.31289151215575
56.95508678095187
55.2380543567609
60.251849995851714
53.592955251929496
53.24934754927626
50.96964723028756
55.99548163047898
53.63482216464961
55.75992364170107
54.92362620083301
62.5206463094388
57.36181370627326
58.620977896116266
53.143979203174275
62.89240968513777
55.493781845402154
51.413606517514154
50.32344673493073
48.980196572436526
52.54608336739848
48.885818558175984
51.770561088017864
51.969229296386786
56.5148006341033
53.697575744972156
48.04310825218599
55.3100976419738
44.703416653012724
56.82179359878893
47.332637754308024
42.18139548029399
41.32480191709087
44.94918608346511
43.372793533401904
44.996120135114175
54.222752244071444
48.726122859651994
54.86939223485019
56.78319814719742
64.93964792940119
59.937725172267015
66.26953547754505
69.05566028744518
77.70725601447282
72.11094103987828
68.34366762663107
66.47079337545448
58.909384905740595
55.30598107232671
57.556269171833314
57.219164269601194
56.82472467012451
56.98580845727731
58.49975400428161
64.4308720898858
71.62275554645846
64.57513446845812
72.70427586613563
75.95557889298831
72.75770164930242
74.72799503256579
77.87623483800297
74.04754010325446
76.02210635925671
71.29109102819704
83.10564705396446
78.27755756832116
72.73111826803932
80.78252780970088
76.90778576545415
76.0101188007608
72.48538695348202
74.99621633324057
77.25574776691144
72.24991354678556
63.02483676478431
54.55478102228089
58.471643865995695
64.1868685874869
58.022104772883836
61.64647616621517
64.35912292964439
62.69841447271953
61.33016280547401
63.525324275036795
61.39106145354535
55.33407567094434
52.110829425951096
61.33832244266789
56.085886173459706
53.916733056002876
59.69708766200664
61.31044856272036
65.31633296570348
68.18190640229565
71.40488275387472
66.37764868238114
69.17960290337675
68.86737362710605
65.95577355854434
64.17015282462044
58.536676443335026
66.85001743038889
71.80106446414743
67.33645774697126
71.1462288919213
67.67017411442619
62.07785639064427
63.383678933091176
66.34609791299246
66.03680544074625
68.0239457126715
72.8777693840565
74.40986592366724
72.84123208699772
69.44174520960573
79.0222643435093
70.7476098623776
73.90554382345512
72.72924921129444
67.23375449036223
66.17563771744153
68.98664994854542
61.969931804488844
75.40182101484747
60.43714436437018
66.95769173683703
61.957063257567526
63.527877617701705
65.1958406624855
61.31242703925459
55.00910811521713
55.47536800527352
55.04608410108419
58.32545019184645
58.8829049149493
56.24098882203074
54.51744460121316
49.534418147705495
48.65523339909781
55.48426118227138
56.591107187231984
52.72108686994397
53.77523675170402
55.88849103920007
50.90648267189929
49.449377549968915
46.17480527508345
45.61435379228904
46.662110204310345
48.6423609640023
46.88714891840705
48.43781729745701
45.47215602138054
49.76863485698778
45.78908219196645
46.49704665171023
41.931068650790465
46.49875029086373
55.50422410057032
57.831560860008175
61.92060253259558
61.52691049532566
59.43313684176836
54.41039882001243
54.15509942599593
57.66465621199252
66.08054724698167
56.05423649028616
65.79811583794788
65.50370366939892
64.22653410463808
66.91155871776638
65.8988280814601
60.91597693163218
68.25255745959562
66.95302676038484
63.64044395472549
69.93652270876416
63.57609421756363
61.525414420432135
62.370655600957214
66.31970172423772
63.137952432273124
62.744601111793116
66.37602285232684
72.81355090153998
74.32793865512159
66.57989964953634
69.05671962510382
70.20621513031635
66.50495905680279
68.86996382479917
64.95152672601388
66.25279607704066
64.62378843805581
65.86761754660625
67.01584512448387
76.36944131780317
70.50421046571084
75.08140777698273
76.8694269589907
77.85261312273538
72.12514124542236
71.03618566408315
69.91068686008161
71.18818876141151
75.06064261894375
74.45119110149871
67.78667262212339
75.64235273608035
72.24364495300003
69.26316283197856
72.00712258074736
62.13228744404379
57.163321024155586
61.43549727857781
65.57770342144313
62.02362427410264
65.12970186328667
72.41215434376313
69.9192689976169
75.038835505693
79.14349017599272
74.56912332704427
73.39953870172992
70.2203865213412
71.5732231359404
76.27436643729422
70.16813573644164
72.41771797868465
63.31205499356595
65.47484547878076
59.64111022114297
62.6531552970207
59.08648260956361
55.48838116485823
50.58182141178624
44.029020839095494
44.39212704303157
49.05203670865902
45.04668635544638
44.75493671147789
45.83526010817494
47.10194705197419
46.60878533454241
42.07268437460551
37.543522375874154
42.058426058323384
41.16428468391592
41.41366209630817
41.34531986883601
44.76031750776483
42.221110836256294
45.38858478206983
43.322986809381966
43.261143689904316
42.651873828282845
44.22999649227912
41.84395989620422
35.19498634556105
41.24659424776744
39.93658654350543
42.32110181472172
37.35663258556697
39.60587518896796
34.872625125730906
34.722967215644246
31.08811755402977
34.41821544607009
35.2480332992347
35.83672517957232
32.96477929599037
28.92452484768749
31.13865859523569
30.39304085337781
32.53103395714929
30.920774140393206
30.521921193996945
24.482630418924074
26.963018716023193
26.81532537919726
30.06173179926711
31.023763009832198
30.91697892305524
34.02948453263388
35.85039596725958
33.19719373889871
27.64398576073548
31.725272963738348
27.514800525915195
22.314692854964647
28.573672650715537
27.61333700039335
24.337905381033032
28.319429818263032
27.741940236643995
31.977986473249402
30.04874820582883
30.615378889894426
29.707930123578826
32.722866576453136
37.55320955301531
40.02159007877674
34.43994417860678
31.717624140043576
32.50302636179225
35.28907950869616
34.53385499563264
37.39415218086764
40.01122469186018
37.79010087222079
32.44712837877613
35.098615644491986
39.420981047771505
31.9466504044218
32.61570227895623
28.338585431495865
32.92498358052711
30.553108074485966
30.232290030753994
27.863075220654483
29.018901217534648
23.735582595025353
27.365596780595745
30.86272541458725
33.01761424817291
36.55162973612551
35.002412126826705
36.756639272528055
30.561890703952717
35.25722323601722
36.17957566106467
32.589425135101294
32.66855728452647
39.005417453495944
42.04111291764086
39.79909404722453
47.525189290725855
43.68037964757846
42.47097983918447
46.755935864023165
41.52015784993448
44.09287796029904
48.0673545402441
45.31462133544047
43.69353335337213
40.247027799043074
46.868943597732425
47.4724772530909
46.127905685454635
45.46164076018816
50.67467391893752
42.67265748245417
49.8695059680519
42.10203764695857
37.55202022854431
38.693238859426934
43.730260799570516
49.88205183130629
50.059787247703355
50.65427422227784
49.96798103223908
42.99754728243762
51.92315985198719
47.19302994179326
46.96866532818668
44.002106050553145
49.145468928454044
47.22431556548448
46.00589716227518
51.18155036310553
48.387989692364975
50.9470440128594
53.957634274498744
49.9733809140118
46.054187980737126
49.426641151447384
52.048267194252574
58.76719168028369
55.33396474902338
59.79774965006898
51.21995154775424
57.126022789852584
57.92447941720828
50.879506797685536
46.40661308365644
48.69367452195861
48.22792862315131
50.6499705722707
47.51428867078699
55.13613266653306
53.935178869389425
49.370964863562016
51.02767334403591
51.69604251768338
52.275256805849615
47.61335306035758
47.91944526198944
46.47661409153643
41.562677402435014
49.46618829803369
51.38136529428541
52.3107190266105
56.979949243109225
56.763229866640096
58.0078241637444
54.97969952379161
59.72917039237385
59.72785081543408
55.621460828464876
56.45877893348661
55.12688721758461
50.83942858443396
51.75204330025527
59.82200412264208
59.50492445933313
55.27154682841898
51.192372159891676
48.111966993099266
46.65870280068427
45.078574273279344
47.80634817872378
44.534767700437705
44.387476332383514
43.74104543526718
47.61036689852243
46.37896110391698
41.671392571916556
41.93983316676652
38.39036265173955
36.408162008728134
37.06987682143608
37.01914554607176
34.649458922887945
30.03488228952168
39.54689860601541
34.267599697817886
37.46121122661584
43.016733376439895
40.34348586447567
38.0964611045824
38.190367982690425
33.677077411399445
28.490549570060438
24.778681364904507
26.32244133196411
22.81539624951119
24.85901006183127
25.04778051116625
31.302874079304022
29.01093611177174
26.87125891427176
28.865326364358737
30.905344862065693
26.285211278934728
24.87062671128223
28.087105387336916
22.612701308987525
24.9035028289299
18.96299003624783
16.790773972280054
14.893067888501422
15.51525502318252
16.568367435858303
15.581279225493043
12.343837637233946
14.622683161247565
11.03607447958591
11.091678733300228
8.546634797624957
9.144539955858452
8.57288713479019
9.019339289497468
9.021184490600453
7.9919068702012535
9.217991953565269
7.53383873860694
7.8706588781909925
9.141839755563245
7.773437196272771
8.000253889803698
13.30425939945622
10.729526996389266
12.45825585713401
9.732306973262752
9.0342015448684
10.378284409692823
10.393366299196577
11.904506617981237
11.122438960860638
10.388025761003721
13.321270190972704
11.1859448792362
11.644806089925146
11.153666389109791
10.58250217551856
10.551035568941048
11.84429662557246
11.199365068853199
10.3942895125682
11.304262261165514
13.413191452304494
10.252929521980585
11.286648554411913
11.627491441327482
11.31214957831217
11.275032377063413
12.588912338418895
10.143506987772385
10.867057237271274
11.718881500885928
11.992511051228309
11.306233200913988
11.186609584050828
11.188572257538487
12.005020739612743
10.737219282547498
11.100081523676664
11.607469359814937
10.516501966755838
11.011570108865934
10.904899560239391
11.01983887824954
11.24626716447827
10.930711172179963
11.031383858606924
10.790852302867746
11.182711944789517
10.829869358484737
11.573204902780672
13.024347740976507
17.913043808439596
17.323269023008464
17.075701819345372
15.07223744783801
17.71247608729813
15.797056065992544
15.690341838609669
13.424558808612037
10.259011551137274
12.333836274521937
10.53698759348957
11.534400869376407
10.832518205815644
10.707784326284656
12.161078281573566
10.849510188794362
11.614916074229027
11.786653824318396
11.962355572839739
13.72214041789473
13.141847553719039
12.172840597182415
14.33396999130634
14.485896775073751
14.55946257473099
11.504846551724983
11.340632929929066
11.066086009446266
9.546286752979213
8.054094138089441
6.549264303096672
7.098897153404943
8.470214589716422
7.6989284457265175
8.296844619890678
8.84984096451548
7.14558381557131
8.080363752019805
7.716862694213742
8.02612528737657
6.896052488176782
7.191140230138993
10.847394823340803
9.9955680513816
8.216011423770476
10.361369530281621
7.569821498545083
7.517514218667326
8.82177861876706
8.352430995205252
7.401809064893455
6.748567735421793
7.312312176052813
8.543769864778424
7.523511513206499
8.836389156109231
9.132759402211484
7.4353107024186755
9.870569703175365
7.21728015574581
7.320784152823284
7.235758912985353
9.933620207982132
11.0055000447319
10.466769616117261
10.309305224719019
9.368692564687374
6.90651627227201
7.059954882843835
7.109821370905011
7.212169526942356
7.022460658554443
7.819411231378098
7.362277322794849
9.646369112826388
9.354616042245487
10.80602500258259
9.380763532929892
7.013944193298547
7.047937069688086
7.019259157999913
7.545929740650742
8.429979771781149
6.866311010979232
7.978371625628952
7.640137387701352
7.0553463926429085
7.52537130742967
7.803144501930243
7.097414394413445
8.6756363107647
7.756908474117825
8.047038682580816
7.972378058182667
7.579636448303954
8.023457798482646
7.751055011158559
7.767335393406006
8.082954993931965
7.767642652850422
10.008398505683536
9.90787745462158
9.855430432896235
10.3630042907054
10.62934777742221
11.51217840519071
9.976137413241071
7.477807876524203
10.48683302270714
9.834772813400482
10.219362607231067
9.2914801312317
9.537075670443986
9.476019873063422
11.291949600981573
9.510774370169914
9.518008594677728
11.50658224476669
6.946797867300462
8.15378363417221
8.829758382424355
6.658097183940773
7.1395778238436485
7.032656012298009
7.424227046861954
6.939796202133853
7.366353637763578
8.503459930311255
8.46282957238901
9.261042950270665
8.86156101574242
10.377792225808317
8.398145315020995
10.624956428484593
10.102893520072119
8.067411134550376
11.100597985052792
7.748622545557491
9.56415264107413
7.909989784774531
7.660328171061477
7.552753673933735
7.380391476507115
7.158363664854526
6.787667897412401
7.658888979899332
8.305950756276165
10.357555188955633
7.734063211913752
7.594719977109352
6.826548137601204
7.643368492239768
6.8970994219407675
6.494290702941504
7.628663494133246
7.920332043754614
8.326570969067651
7.447849509640208
7.79965652341416
7.2492746086202215
7.708698277134629
10.850874341483943
11.038601677985369
