54.994087344834846
54.99379719877137
57.52663873666132
49.95997198359786
51.62959207380854
47.76881698092767
52.19689261483962
58.07611105574619
56.35899644471952
54.827513507067735
50.845997751306456
48.19805489857176
45.1069411164675
45.53960755125606
48.41703684123334
55.3222432464212
58.91420631523899
55.18010047945553
53.0468702795857
46.68979006981882
40.82623793260413
46.08445538735641
43.18220013806482
46.795252865616035
45.238593016707696
46.49127338612562
50.88187171718284
46.51807601137776
45.46724584410114
42.219249196347356
46.82397252596418
41.07569140996867
37.683800632635084
36.01124681671768
40.67740316973946
42.03347868697798
35.60749167758317
41.386116763371504
38.05400790587975
36.19332158324262
36.52101260733563
36.618048095794215
40.46032995847278
37.08685277981719
35.85544518079787
36.382975284295554
40.342060215189264
44.71999898406627
43.07743575179081
40.24927476351308
42.187482899319086
43.14603172091102
35.80011762702041
40.35979942918781
50.82082426622568
51.01306726177206
48.258735771264945
43.4347804677322
44.19185595449541
43.71616819675888
41.25929813254628
42.942997363677826
46.28597032437758
43.57506755124821
37.905316361579814
42.453865599537316
45.25613612838585
43.42539796612302
39.17109361690276
47.132610770013024
45.321026012223086
49.21712462750698
57.65764090319683
56.19732906538177
55.21513355135317
57.03750934413824
57.21386677147307
51.14904208905195
50.78634525597885
46.49279192836508
44.89127988774283
43.33749607635095
48.94998400975533
43.608000523555916
44.27742058667809
44.338215577210484
47.95802197325582
46.97498643606688
44.1841517752792
47.07500891093988
47.09663779672073
51.62427388491944
50.37646382795575
53.60347577127563
52.29234034244282
61.197855742413275
60.98584931719623
56.72424336617238
54.621383535187064
57.14139043442313
52.6258226200552
51.02078886429766
50.520978804700654
51.23824377804593
48.92093624494076
49.48280864646636
53.74885011362622
48.616792712449005
51.119949665730715
57.862261956967345
63.63792588454044
66.5068142322345
64.8184270492513
69.17791056162766
65.61001085409787
62.14846007533636
68.67070382436728
72.52316042196894
72.78618584527074
72.81144563430753
67.46734144919209
71.97360236806125
80.80228810889841
75.94865278901148
71.21181664925616
67.11614898492414
68.31410074458643
75.90262985154071
79.67368765718133
77.00895727076869
76.63725050507502
68.36142133198028
69.92957376503131
67.74411016478504
72.72300100559879
77.20503249186767
74.19336098650338
71.9484169379131
77.16134163550001
77.49144424243154
79.7776926429671
78.33171261937306
85.06819652313393
81.98225512497201
80.22535210754654
81.33646252966491
86.26242512079804
81.17923938170705
75.88739033973971
71.76995696641244
75.20252467269475
73.01222507966487
78.81619455398894
79.35374769805371
63.94221585790312
53.29481923044878
56.642682078838575
59.889325689048235
58.197421495777974
63.25207381582158
50.45128129376869
55.56728282907432
55.0091228320948
52.72620905047249
58.392278048018184
57.3894382644204
58.80384495058454
55.20732205411906
59.40928919448612
51.27539911205788
59.37872263391591
55.307009553274376
56.78432382382744
55.9580289256736
57.91810277483472
55.631999695637575
62.25371471499923
54.834673781708396
57.52262636288022
55.779363978995974
55.84765904162583
65.82626046603941
66.70693440293543
68.82016316529659
69.73815489311374
68.82728401036051
61.09117164287307
56.07668984761166
54.05261843884666
59.09303919394082
55.2077428632358
59.910645972088446
58.838716009918514
57.00009357028739
55.383909247391195
51.12729744728582
58.30740784753403
54.3537119478466
50.992029840280004
52.76825861808247
53.22496866083257
54.816071240545945
51.20774542434242
45.39758740812506
57.01790527904233
48.16455194259066
53.256777319811015
56.15749409236951
58.66854323491045
59.76636291479857
59.18042000609223
60.127291572495956
66.83682264081676
62.234774231628286
65.95830816133339
56.426674826778736
56.23463446903563
59.04243935834505
57.53867327216977
56.077682355524225
53.513085769830035
60.42632318120076
61.75888756503342
58.01267537007654
59.71312196878738
52.72476850525012
49.8063077491766
51.075575656083856
48.2070404667848
53.174555053239125
47.96142788424397
48.224388570438734
43.06627569523641
44.90474619504359
43.95815708020396
44.52230431546738
45.306281182007694
46.10420233686434
38.454062897051976
36.101893911878896
35.59391738365613
37.4267395370009
42.91690907146817
41.65594760723997
41.58045255204326
33.81931119648257
44.58892474883187
40.65767693000515
43.72207154147276
47.45496006970153
51.78537230012512
44.76932399496101
51.84831887601356
54.386306048250894
49.649706319351765
42.373586213904396
42.17830237512551
41.033115261112435
51.15269562654393
49.79301046856768
56.88241389371759
55.42049137678034
53.77814506066279
55.13268568197315
46.81146066693127
46.9586942046645
53.1627992764399
50.27988913053068
60.90218848985203
56.38628238968973
56.28519690830083
49.53025522625193
54.86231718235114
44.76214614730276
44.69858006898779
49.28483900637631
48.86924119324524
49.248744567262364
50.71643184486441
51.17057252186715
52.9869099844025
54.32207563449923
50.837200949366974
60.20268235546268
51.42675193202243
53.76481796939007
59.503734550560196
63.698488060335805
63.382062542193474
60.72920692786466
65.17521364222661
64.12726177192005
71.4897182918713
77.94289465410857
74.85207177878641
79.13050081335274
69.4113319651719
71.69788000756716
68.66531972610991
61.29854649248825
60.24956927247764
55.89911288670418
54.790390289407334
59.39959536871595
55.763409269678036
56.54692916387662
60.027414302698176
54.77296934578415
49.35322745967308
48.114525343368236
47.67645443030063
56.663430094400844
57.23925777881572
63.457887729295685
63.24087764411247
61.17787657538201
56.21099710661833
54.02334859755336
56.42207188028418
56.37147833950795
48.980298570669
56.62065540714582
57.90855060165913
61.65203645349118
55.530774413130935
58.416141069598176
60.917982307111494
57.00110658932432
57.22426174713066
56.883770016250814
51.65373432713269
57.04075198592442
59.51002037624373
57.329918815803246
57.543231304208284
61.776457392085966
63.736483131727496
70.70327958194869
68.83656900616144
70.84228252922716
73.54930231876857
77.22134791749026
75.61376223090953
72.11848296222412
71.08866368508119
72.03606725049599
72.93757038488845
76.42024652782624
70.20650657586279
66.56943499878508
76.21073184429551
71.0019944759049
68.7939532738437
65.19706908672988
64.34834974098527
61.66923342459729
67.00177209447493
65.80604043204178
69.21165646216183
79.71503873413457
69.3607888480884
69.0309170329427
70.67366804425075
73.31909139853268
65.97648011375112
67.6165765714564
65.15446043133912
63.235974892167526
67.367959112068
72.11057541224609
72.97247367139025
71.7075788767819
72.74406242136276
68.40466211075879
67.23671167517072
70.50941801557397
65.81374358209366
67.18154333260196
61.98456368959434
64.11546614421346
62.64421179174006
67.8621371750753
60.688098204030084
62.948491853845255
61.276401992634966
56.15601821100605
60.03707176300162
62.16325704395791
66.76907187527978
67.20994289514701
74.87987779663027
67.05758152598706
76.08026034335901
69.0350121123673
66.76392094421998
68.94086528460328
66.02436256089119
64.40701237597449
65.35032682772506
64.67417981902861
63.53731688343802
61.1230098731791
64.24313914815693
60.79071225883158
62.06255862257413
66.02197775032849
66.3912517338788
67.07445507062367
74.18134755313422
71.18357029659998
68.5588689336696
64.35258463674133
68.474014368461
66.16981206452601
63.085718285219485
66.92033351845208
69.63527001011602
66.08599820726819
60.89653693926733
62.47641512936593
61.388378244716606
63.969125842135426
62.66278401732405
67.19805014099236
74.8482992606155
72.63697498126477
75.92431214729947
70.61379840311682
72.919996613004
70.37965059065147
71.44163098592901
80.09196555921834
86.45280768306701
77.6977864673852
85.81529981871519
86.58034131726471
77.35283041522973
74.43234405103021
76.93072697993726
81.60793894539543
78.91014462554418
75.64275790477188
74.37623567667504
66.7959500873005
69.46272987644542
63.082760226866526
63.558137265933794
64.93199635656893
68.98390218489848
73.23785669119209
72.9010550645882
71.47463324288968
73.94150484701025
68.65413998881623
63.24389552919565
71.27748020753492
66.95407093874445
70.28589836379463
66.01453297702307
64.61796739691061
64.891569020776
60.816338291715304
69.98557954818544
61.905457773341666
68.98891303367539
61.732603717441606
64.0493741400331
61.01179783059736
56.882719609022374
66.3697321391193
63.62853029958527
67.48279337690687
68.13099127112915
67.21766776952975
67.23636515401513
62.875272402512294
51.12117174282764
49.84335123324515
51.717639334734805
47.92093787514186
44.661447853188136
43.83406791576988
41.410637498743505
47.5455072955144
52.85824897678172
48.159250139979655
52.08514103273117
47.33268778853514
43.03521471466695
37.93611572571825
41.20102135156284
43.219832414366245
51.45227611581207
51.572301153576255
45.87806771034894
52.32845503663409
46.75486259915015
47.662561548261486
46.06227345513691
43.30305993044376
41.01756833096371
43.55684123714708
47.529320203340625
48.76541534245771
50.87544505590898
51.103030293539554
51.86357285961339
55.938880136244066
55.67547973918248
55.55848165554995
57.83872557862956
59.05589689319235
61.29752799922964
58.000985177469715
54.365923023969025
54.94756113246529
53.74354932276356
55.990530884378984
51.55067046106864
52.620622787598826
60.90336372037505
55.69910249855197
56.01189732898533
56.38891613721535
58.717322926067375
51.59788789604724
54.04593753768937
51.53423775262651
61.00870482629692
52.986779420588164
52.150287378815506
55.583701578853976
56.438540832506455
57.01773170137722
51.92445855538129
48.589579133420514
55.36756755697933
49.99049083123101
64.69856660475843
54.58993484326797
56.475279583329566
51.161608598718004
51.89848502753848
52.436181139588726
52.67403309434185
51.87373668499382
52.26903953401476
48.02930234569355
48.10936243506559
45.377196526594744
46.133396252446694
47.462049485480215
48.40957431928208
54.3917436382786
53.86099578510096
67.56691557002806
59.28969979483613
62.7453952468256
63.761886524178216
69.07577043070265
73.76843208245032
70.27311152148694
62.158240826147626
62.30355471722343
69.70262675285046
61.44096044003275
66.53873290230338
68.87161854395777
59.23977410814336
63.93404742235004
64.44334382226407
58.41561241180953
69.3680193853659
78.7073624192706
70.8979049449317
70.60047401943129
79.85760557539352
67.58762843163402
80.24678812021581
76.7708081339427
71.69270355211745
68.9104958572387
66.52595014933812
67.86136260307985
63.086595222577486
68.62465241554298
76.4103556500357
75.77891422754915
79.19471626934596
84.01117973372615
81.09692054147612
72.25972784441028
70.9862795149485
64.74586625625805
64.80974781558182
62.85947891114347
65.5589494321771
65.75717674083934
68.13185000063304
74.56929303239737
68.42836208092382
67.79742947587296
65.51378471340624
70.97340712879392
76.5122149157138
73.99541233060808
77.83498039792197
78.02044534542419
70.39392894339443
69.3923342118922
64.60646870385094
63.93778467561425
62.289054976413325
64.83622783107407
63.92050855180464
65.8473414170085
67.90608129862476
67.25541045536971
60.39275316462031
64.44732304557694
68.61807801982714
64.79384279476709
67.0078648169287
72.59233764070231
72.42184853648068
66.8580248847287
67.79113808462036
65.58222311979802
69.61102121208646
69.4638756743767
68.6706566792567
75.52563266189594
82.756349605908
86.30993114199514
73.07049076644512
79.02755035921919
73.13444954956907
75.65024440157255
83.21475242358578
73.2542501353292
75.94308271305508
73.67420319902999
70.48768471988295
78.17020664539162
68.29254778582805
67.60642429571465
71.0441600787283
67.52697699907371
73.37706541619497
80.74440284016869
88.26524886496182
70.87074081391488
73.42323809665854
73.40441517106
77.67100917631016
72.54756962169452
85.5552993495572
70.89510897568432
67.02730116623985
81.70164179841501
77.12355535932201
79.74098136151642
78.14629312295611
71.78950510865293
71.28859528572728
71.92480469233234
72.12168992947551
62.37521499911581
67.77378464421506
69.66318014431752
66.10475211710525
70.67637817168242
67.37462063489745
66.52209847898065
73.67368153965532
79.95004537861915
74.2191643321964
69.56245086047932
70.08220040275926
68.58232660640694
73.9528843857963
70.30690335140265
68.92332781230438
66.33746303208278
66.87911014865766
57.65191011509827
66.5355802197836
62.767929234226585
62.49734934200015
65.67555839252938
65.27573146339303
62.89009111288514
60.71038196684119
64.63095919865643
59.17630622512706
61.44494487178842
65.37154499914745
62.74255184851042
63.045681598323476
60.52156939303748
64.2995536862549
62.90865453175888
59.68880769011629
63.46317197666462
61.96958926769174
60.65716266268178
60.19069732501367
55.271374349679085
55.75552077543714
57.356893747320235
54.32430152375675
53.646785025338744
51.39934864775889
51.478967481871564
51.984320458465184
50.627694182282674
49.301348043227954
51.73939268314017
53.45430851071767
49.33454725731025
50.72200798668945
55.536316968196594
56.89708058555957
55.31004791968384
55.13730483644379
59.29549554427189
60.99415346854904
63.258184792440375
62.30955074898766
60.83477754208277
59.14084277200425
68.37344166406636
64.73374790590279
72.70175133443912
65.39087816389063
72.08753702114369
76.9365327624269
76.53400783163423
70.44969943486656
73.45984345152748
70.03012644576111
70.06869601605354
64.9588004667534
69.87721316701985
69.63453984626247
63.11955499677297
65.95619647744645
64.14631698503679
64.95056588151147
59.482067174392284
64.38148131540348
59.86732266099059
67.19725266336661
67.47553238865846
66.50123462755747
67.7382146866854
59.9351545919695
54.91059329959741
62.09207378070975
61.57293261248493
56.42158430176728
54.73089598538902
53.902301863334976
53.9212371153013
56.67460217669031
61.62216211843263
52.55837214215956
53.010385275674835
51.571790562965
50.91147083906733
54.50209747296502
55.18626445704694
51.40036984416676
50.86409399009464
53.37915826328311
49.154709381531966
51.0442616593282
48.756706058787245
44.49656383041904
49.57037781481365
45.75379108868468
47.116618849455215
50.72673201964719
49.33299510295664
45.606759161129
43.763933199630706
42.47793225456826
36.33500936775752
45.06562661901185
46.89946081834522
42.18283427730102
43.67070093033662
46.71766234967086
48.312505530141514
46.1728508958258
39.456409203312276
40.79804969185549
42.397629264221706
45.53202852222776
43.076659465200855
49.50683442543275
52.68096930179002
56.063614189757416
55.670738007271034
55.921377368792136
52.49049112390408
54.746613438022564
56.229261561321245
50.97219270672341
48.039671655145675
49.2752793716075
47.96433371382163
46.36447635463483
43.721758564927676
52.73588114137192
50.587616079841155
54.080936151903586
56.3486170158089
59.57616465928477
59.52009692849189
55.605455362863026
66.10063072026337
58.10889182069548
57.05698901535055
61.566374364283085
61.85690850321162
64.15980811441828
59.00515258929772
58.111508201671995
64.18113036449145
54.96267197151155
51.13371222647757
59.03392871243779
59.620930482816135
64.78429634759561
67.08139247458142
68.6804584463814
61.21023330854901
66.67415260043708
70.56163891431453
57.596035624278954
63.58941207521046
59.184844705913015
62.04686057366213
63.51297046802737
71.0262280842834
75.4187970280734
74.95970340484476
76.61804105177478
70.10599406638389
64.92522352045359
61.61893482811662
50.653165231180665
52.61090282525313
56.32621458557878
75.46575465924452
64.47008723037774
67.40776609948345
60.0536257512671
53.52000208626107
54.806407762446334
68.52998679135302
68.06140901972309
65.15844579993404
70.7063038241007
71.84348590021969
64.6459645271962
65.70365483754895
64.00681308478515
68.31556051746347
63.566874543949126
62.598831793845534
61.53532931264752
61.29389836159093
65.10039497583935
65.40022729542419
64.86769214949106
63.53012642123403
80.59651911764698
83.12949464942183
85.5304168848326
71.87963641778602
79.04857293921395
77.09187133350758
76.64022455479112
75.91666623655752
69.99258760370539
72.5167205293185
69.85228922231819
62.75019259672274
61.707830852627055
71.19296348872057
69.55274309962297
66.3647444642494
70.57937365936972
68.57000385857685
66.39560416160388
66.9011571944726
62.804027851227
72.92556106803727
76.09265287199693
70.8870937192574
74.45605851055245
69.35766613879919
72.59274972861046
66.88441854113323
70.14199384783426
71.06808216856608
67.928362408145
64.82227938344263
70.78016043427424
69.53433785036711
68.86721767834543
65.66600963545706
70.94144638417224
61.709661156902456
59.689102871321204
63.949968807779875
70.2125800047687
67.25295767107706
65.00485522854537
65.25071291129294
63.5546620643794
57.42098851922288
56.50679903736091
54.85035460670245
58.6259311845422
61.40240477697636
65.63900410424665
58.500200762837906
66.957584406436
68.73086785073426
65.23710375411201
70.34579411593832
64.14011355844245
59.338951220735964
66.10948202553259
61.13663117147632
60.821714869935285
60.66178370624444
65.07149032567497
65.13980382148605
57.13108416802128
57.737772987639275
53.42608915909484
55.91060482507539
48.87745092819558
52.49396042768156
53.191882352344365
47.646551883440544
54.26163813268666
52.35282110369128
50.517122142065254
52.68312582133857
49.32894713304116
50.88646850300745
51.558399949773595
50.87859252677962
50.52536743115295
43.57823144520184
44.58699043664258
44.63145597215863
44.26295007109395
42.577711530438684
45.44707765237694
50.39806553143779
43.17486522403547
45.26942919644171
40.545103778421016
40.73838741499294
42.762690020925106
43.82730778423317
50.72797620730762
51.778723850512485
48.23736916244192
51.53714665595518
48.46702389096127
53.593115520540834
51.37834441187385
55.817843262584574
52.99099684018179
46.42971415201513
33.683229248604796
33.44092967113655
40.480415948550686
40.06610280495321
49.17469346611173
47.16196690302574
58.301537692565105
58.049645053402145
55.41722780208441
52.684600236144874
56.17354605626117
51.859898082244214
49.437656035821036
47.557729131089324
51.58964462070915
50.28527828788464
49.853313316094194
48.18410381596885
43.42964758671277
44.045027229688
