54.994087344834846
54.99379719877137
58.60256086359601
62.52133207331294
61.651879085808794
64.52535091179706
68.85738586578921
77.33221977427755
76.44337261929294
80.73843850643911
74.29894899502409
82.01579319393623
76.21799062923287
76.30096314629482
76.60314938275029
79.28457456309144
80.6292521479133
81.96754662262455
76.7232265676816
71.06093533463711
74.98277810105596
69.98778284092907
69.79600474622696
70.65813498882719
66.06646353921236
70.10946890683341
69.3006780011807
66.75558433153633
64.85584281477702
62.492743575082706
64.95406494904846
65.17458640659468
67.97879441255208
68.1315329255936
62.678193548187764
54.11753874550347
54.55228064941663
53.516605413932716
53.646042679959
55.64322953581774
66.14883610600104
57.32505536902018
52.12290203051036
55.78367596025094
59.78648283878855
62.9771429097698
58.25819516426963
54.67957019144553
46.7160291220813
38.48426416845441
44.3879509770726
49.60398307922226
44.88038815218577
45.63467041634434
45.34789663267129
45.06466356486192
46.52672334776158
42.5081905288201
46.11258688117096
42.399748776872805
42.03774938774106
42.83714149706722
48.42748304464363
52.39452737716343
53.703638906263606
59.38455979965528
60.25041991467991
66.10753154406285
66.74614746214932
62.63244608582981
67.29152019394469
60.72860827112285
65.08284815982826
57.95781527995114
58.344123702148394
54.48906431738724
71.53654861759402
73.82931098964953
60.6932373950495
53.27869370578954
55.42800207644977
47.1530529505556
45.04392864631991
51.22591680636051
56.37259351981431
50.17678659156757
56.5227564585734
60.881860132837026
55.94556941045992
60.433053077247386
56.15722557969716
58.84981276274729
58.60420419533956
62.345420852613756
59.17991875977067
57.986733904192995
53.49545721465598
45.682417815860276
47.68865808196251
45.3319244861201
42.23099961310064
41.460094545978386
42.63107157248134
41.07214051555809
35.35829899581207
39.12624123593117
41.266723887052564
45.52131176833573
46.14179170101165
43.868726384994986
40.39140430122196
42.288997995382466
45.857118280451
40.96307098000626
46.149545265071936
43.274209595533726
45.332204606790725
41.7984924874461
50.54059807609487
50.998729888704176
54.94497109404895
55.431560740820835
62.58226380716591
53.27726369607358
59.37234013940618
61.276186401182166
59.843224442673744
54.23924585168516
60.909986143066256
59.97873963016418
61.999531461059775
61.835009228309055
63.33537042759729
63.25528662028196
66.70703764607848
62.97863260890887
64.07922140282133
63.6038867012593
66.19061850451301
66.32803954011345
67.4947839528151
73.24432649065365
72.55142727587098
68.54335367709021
69.10946367678295
65.50818881348896
64.06750876233765
71.88655224637374
72.9487704492152
78.70729663288739
73.9764128085134
75.43592751657864
80.9218493075801
69.43596449386814
72.47980398540781
76.58330602407132
69.84882403820609
74.91225693385452
70.98531231680089
83.50797963729303
73.64875607429646
81.39450050977288
68.12492096419273
67.5093635938596
67.12343176322462
85.60254719342352
77.23659735446321
69.66720741568834
78.05031475066804
77.70241657533425
73.0108028109217
72.77751041442204
69.9712169186969
76.03205577603066
73.08289410005115
71.28066196859977
69.78395222284833
69.38633087862249
64.33899155571123
64.74665302226204
67.02941540070971
63.67302592630436
64.32991615311383
66.94227844656265
69.31143763627446
56.503169221441844
60.053250227072624
49.53747737673578
54.77070468294378
52.38126379876251
53.86768997093237
58.22068742294671
58.96392543545449
56.32584824270202
51.70377957872293
55.65729418100446
55.75152513042855
52.28797162768018
47.058060116757936
45.239901374468516
46.95478495110564
41.04299296302576
43.548300046751535
44.09939174891852
43.93303262106547
49.77862270380599
49.53017622742833
50.69486977787533
48.022807962911195
46.19425941178069
47.086799515861316
48.75303918156009
47.300590255073246
49.46331503406432
49.358316742675996
48.475614973512045
49.956340167796725
46.9651336275601
39.66623563999381
41.7492132256923
48.34447669420314
48.92570306538969
46.02959428789792
45.41094260070509
46.274680089186354
45.397439757414205
47.46887732850747
51.579779262566646
50.797262214846334
51.39890582107396
46.52932133231348
49.99200503080154
50.571718862672
53.94430997741473
58.94024378558748
65.27228635241129
54.3395704423957
56.53968129270826
55.808552603504744
53.5986358669164
48.288224487771544
46.56936406088363
36.325165857476655
38.646989148704805
44.0611924059609
47.87253761095594
46.8860794678187
50.696404301740145
54.06369792042704
62.33275801220223
63.4036836137517
67.82856446978609
52.16733365905208
56.269455454033576
62.17966246647094
56.56308758950936
54.69213210339089
55.38991513306884
57.03381234765058
64.05803185800143
61.40099567582531
63.186515528768865
64.0029948566172
51.57618962599816
59.434882010983365
56.05044583881598
62.47415315057583
57.538798219492755
57.67565346302408
53.34135909710007
52.27521832046721
48.19284134226611
50.367971982688495
45.22671357723293
50.01938725565735
48.70642808557467
51.23801392745584
53.56994552456178
53.93987734177788
50.68496079907894
55.000346820159585
50.2154450685228
51.321203749419794
51.07263780008167
52.28091961967055
51.93411480790736
51.228537682686664
51.94483918703787
50.39594943275826
56.0259794482645
53.644284101056776
68.19905584720391
58.52792567921535
63.74484161070201
60.14860931655247
61.66383191179493
62.900659254512924
60.89096498524149
61.621945524724914
60.743088554374815
59.353960578062
57.09706981667152
61.83747456144999
55.82813786754806
57.479342004765
51.34846826787062
54.03796457658037
51.12306946472926
54.93081675166613
51.09985969116105
54.5308496080253
57.11356192084508
62.956909401682246
63.49443187591182
56.85609963182095
55.11884626769182
54.45289014344362
47.52227054202509
56.49021396711713
58.95664859016888
59.587881326767736
53.97938718608071
50.25136398553807
49.69042983834325
50.11188648676718
48.61015205662751
51.01393925245352
40.95583768270246
36.983514069393046
32.00953250257044
39.3526200136361
39.48716454621924
38.12232728253933
40.1129986747955
41.57563324230698
45.62289543331352
46.667568569905626
44.22194251919939
41.54623727719302
37.64818993141338
32.58979479122494
29.436877451007224
29.59251840640843
33.251788664751494
33.20792192487469
35.13231081822996
35.98917745577374
30.361632644960842
32.494337452763254
28.32264097107158
28.498940492077317
31.329521961096525
32.91618557415418
37.76710966906346
37.525303786662434
32.9067295838592
35.174429924633586
36.00312685715117
40.234060325111216
42.494646707164634
38.131309833466126
32.20685755003477
40.25227980857896
37.37256612677168
34.118454940031405
25.582314819521628
23.630949731143655
25.182364715413033
28.526964420761303
28.549072275590454
25.40856948738817
25.022641027471437
23.519339012807283
26.102218389005877
24.435922187782634
14.131914274613374
11.353860492116459
11.938873415043405
10.775088637325847
10.875070848983306
11.6448176236296
10.555328286020824
12.116177594509782
10.983414214859868
10.313154952467888
9.507209791593827
9.965364658080846
8.130483705802606
9.478835603717801
10.412447715559594
10.926054203493337
11.597456358254716
11.027441704122284
11.092541084145411
11.52303771920561
11.618981258575586
10.938155851567641
10.724350449187547
11.18070395370612
9.817686462319518
10.213055181780396
10.99171263570803
11.050036375795598
11.562084769298767
11.037552217623427
9.330883876732182
10.583943476880904
12.23082577230295
10.320403908977092
10.35809343040874
10.077377642133904
10.167587709460003
11.051533490260727
11.208219932413485
10.737516180614078
10.980209338097769
10.655171013754712
10.851393773731168
11.70588292844983
10.783050590192644
10.630813503539287
12.988298412741104
10.57309485131784
10.868512700355948
11.220942194231627
9.571372321219043
8.940280024611086
8.923859392939823
8.57183898437544
8.468204458762246
9.24900876689318
8.564541581200276
8.816807539062308
7.600458466465611
8.184051763714661
8.524936649331602
8.287876434794335
8.953428662712259
7.946224088225259
9.25365235970085
8.501927744819477
6.7168438954138185
6.603539973325792
8.40922032217188
8.90786641732774
8.728007111881055
8.907960604429654
8.954444869054857
8.576373487681016
8.641122096763034
8.206532517238934
7.096595872641359
7.2284380106884365
6.701225772407068
7.677681648651206
8.097865952980355
8.049296642437353
7.646809278673869
7.419429437888039
7.736448358910453
7.558377768731145
8.181317933728385
8.077379187091374
8.438983293838415
7.944854787190242
8.362774619954866
7.676225251576317
8.730619069451537
8.00370082321905
7.818013327731751
8.217983716707185
8.105415971956502
8.25332664016673
8.167194415945913
8.626924565985828
8.394715513811068
8.168036826631493
9.473041351156983
7.946138301966674
8.091105618064173
8.981874581702971
8.312131121505402
8.36014752221569
8.277321016230905
8.217540179494957
8.624772491444812
8.315582688018333
9.372580878230359
8.328552232658408
8.434641071627434
8.071997836996621
8.126648070321643
10.643605380316176
11.14844923791691
11.447512455870138
9.507908826508979
9.127950784436651
10.429224147393148
10.478044477403474
11.016234596633932
11.672681421054392
10.2885825376694
8.502125921796418
7.109339884742545
6.796377753224235
7.257751043086402
9.584895538867073
9.425699728708436
8.326786306340535
8.434272317442577
9.137343732071555
11.750051742734799
10.599814760803435
10.447531834085964
9.802227134547449
10.519745525916658
13.111076319417775
9.978374766557774
13.823707873396733
10.39980436143865
10.256072905921819
11.67168215061386
7.560294990773565
6.87375363689204
7.568601063340779
7.799267088112778
7.136971726571273
7.921364885289242
7.353512189342552
7.782220001211543
6.980028365566863
7.46982623643763
8.186876273370736
8.69466735072821
7.077546632971783
7.371196447784492
8.023545186960396
9.756207506776642
7.308848615732007
7.671907707508696
7.088276169435773
7.768320842555734
7.153840171474372
7.434153768351077
8.484021397860388
8.21477194552522
8.397685763066631
7.574187167191977
7.04433864969285
7.371610243977966
8.261389050679462
9.007987810575038
8.575124668636896
9.015085717091452
8.858662047232704
9.659085296592881
8.96795433281668
8.471782426699818
8.961435545940779
8.794679159488965
10.425060887179953
9.269806044014425
8.617575162234491
8.335355824136249
9.157402031216742
8.467909533490664
8.450854671918506
8.205147712521143
8.852554004488287
7.916767267101591
8.123925915495903
8.429174479100313
7.745533486141818
8.536263232906967
8.60591312992958
8.033535791532495
8.32324494826878
9.0503718591821
7.09490428209484
7.4307301815339
7.329142598775327
7.108485457563402
7.626080014540085
8.189023694890556
8.081091900879194
7.58467443158747
6.94156690164145
6.745545644812833
6.658401202977394
7.043633926623029
6.906080260178649
6.375095783789362
6.9705155626128015
6.875442338770955
8.321738409936781
6.704483665676511
6.946033151617394
6.713914909461953
6.575811535129008
6.975423798204352
7.554320542106513
7.415449406812669
6.618638506200649
6.919784359931996
10.244401595121339
9.98194828926027
7.824732291507973
7.016323266318631
7.1093791930299615
6.44373759356638
7.372784694143385
7.6763344898485615
7.039142264922297
6.758490609477273
8.272584603402187
6.973318366772609
9.82974859141042
10.241220471629921
10.397815560908551
9.29820038269428
9.969717390587311
9.975182786727578
9.21835236206079
9.665263179557773
11.243602817152265
10.089225814671556
10.311736417656707
7.541778608860731
8.153709445020839
7.453923927208486
8.239735444088517
7.44301765973933
7.344008697642673
7.819479047722264
7.167026584149154
7.474243363178165
7.817750521048381
7.330503751123465
7.608185046404021
7.407353909202253
7.764063075216064
7.315922712824478
7.6578549393826005
7.6268188069787595
7.583415403028179
7.430627891253184
8.13478661493909
7.688913376386412
7.802392387651131
7.643470589982953
7.993571691173615
7.4207393856062165
7.7593383174051
8.374371907800773
7.793237873638126
8.51660794457046
8.225653731922533
7.423030212518378
7.384930303961584
7.572254127714398
7.665967724576998
7.756215874349904
7.007212501422195
7.463370206190511
7.216855185780723
7.686560155319866
8.049851976955393
7.518093659437274
8.401097941751187
7.5271130935426305
7.387647961989042
7.5861126084117165
8.049484736981789
7.35178180268051
7.129048567840019
7.579547215966714
8.140657710232757
7.662021708503907
7.661595501942485
7.706940779422368
7.544536842468994
7.312362087943215
7.565842110807719
7.395080499939453
7.693905791648743
7.724679079569048
7.813802973763228
8.248019959194687
7.855740146819265
7.7603602465458055
7.125708721063647
7.811187968967059
7.774076808034639
7.6981904633258615
7.904257559878466
7.852914186601005
7.353420835061127
7.622110072418222
7.673125937629121
7.558723003644369
7.251787438481524
7.072151050447809
7.894734016031763
7.675420579739618
7.533069249896785
7.630701503487596
7.178480542769753
7.551678783043914
7.869729408076011
8.087576243313977
7.440134510226288
7.948059967183131
7.393462062974792
7.662624833629526
7.331053774362661
7.550516774761569
8.25194217990909
7.453364699555376
8.336050745480957
8.355412888770882
8.120885553891446
7.446972818314181
7.3220994297973565
8.719147334222415
8.133173053283977
8.086719357273365
7.915526745922119
7.468211836870814
7.969855895712163
7.6075684322471995
8.020429677046996
7.533662775716404
7.596738537681304
7.944218142997838
7.653741416456676
7.472969180769084
7.802987334752052
7.987000747081045
8.279660777850632
7.8535683141748684
8.236202672574858
7.892539175337215
7.775078471751891
7.971981397081453
8.428218885020877
7.792141196165118
8.085811078202621
7.994434791194504
8.338797452989326
8.481250141953394
7.91694721866752
8.201099098378176
9.041351521008767
8.056943395886883
7.497459566666062
7.971703248328594
7.7554158699927
7.903917597728393
7.608171178946646
7.892904044951362
7.326225675949461
7.5380805803086455
7.733122869882539
8.244146743212939
7.599844251901231
8.428539782308402
7.489782004808596
7.987171481381262
7.812218979805765
7.095802119086917
7.156542192377926
7.536204716405957
8.15926032090084
8.195823541501467
7.737421840388719
7.407676164102514
6.955012630964421
7.783575854838392
7.337406008291394
7.011621233867112
7.192232607535278
7.964000963095068
7.3710500194791155
7.353728814819565
7.219658920404676
7.79402211806487
7.504935533222275
8.07378648859926
7.301900037009634
7.932899807781797
7.450764251993308
7.512381336905692
7.589921048273799
7.352832921513195
7.610135606693966
8.481351428125333
7.758649146346523
7.3025007643157345
7.544180968587787
7.959845359783057
8.388337712025828
7.66758277620908
7.698548515054813
7.117672555146337
8.005851119742445
7.95412367132854
7.495612320545595
7.587108797090859
8.373421857287086
7.753973048022111
7.955233342410864
7.844611407871262
7.989812563093174
7.996042938094563
8.031018130084787
8.42040250765287
7.829060996213988
8.43599901614321
7.409264484911542
8.12183847045198
8.251256923105828
7.6188740025688215
7.463209802841279
7.516149580086081
7.691627468225154
7.544740441168119
7.0791063064132995
7.724846156957058
7.322504405606845
7.867437626639975
7.430395449302461
7.463117407310432
7.443779663853811
7.4204660655158285
7.981669595251265
7.588503511107092
8.174012960127948
8.00293179510487
7.608991486638623
8.230648888524376
8.615856227843636
8.049370922830022
7.28999783876614
7.424653757258776
8.061456937910236
7.529675215931453
7.8093771608398415
7.712845778310929
7.905889191903041
7.927367571603819
7.683686743715038
7.694715296027039
7.532872476949947
8.066514536820652
7.587061007280369
7.928163233860963
8.19620852667034
8.128848578800977
8.2879532214856
8.574916566855885
7.488616540499035
7.555460983353516
7.856625960470385
7.4641285270933775
8.066400666893772
7.647130490356116
7.3836384612818025
8.00429048225898
8.153204778315052
7.4445800341599035
7.827484840800901
7.819151663094511
7.356453512310883
7.77015975574258
7.617717842371563
7.639700444566054
8.045678152252604
7.851951859623661
8.197516768435515
7.646337423487889
8.69138657131924
8.11194430918878
7.894078719070999
7.570920258840255
7.5730079662437415
7.688744818311113
7.293214119967453
7.823107787638886
7.94712679643068
7.855667741283706
7.3726582947015435
7.832361002352504
7.704151309492984
7.879223305787437
7.366430373867569
7.846793784584476
7.0089677180086625
7.729191692453825
7.60650585340041
7.7977500385287675
8.11616436273101
8.067037545600922
7.941055988039246
7.781311487757692
8.294973337167166
7.872826019189771
7.954563769140256
7.851929833647703
7.827667410543035
7.951627813664503
8.364050542605177
7.763226159747334
8.426311249125632
8.603848712754125
8.374164171403889
7.782282681997633
7.3389758189381
8.211293558008752
7.69890507059948
7.679113223740202
7.162680543240321
8.782988610415664
7.821316162624096
8.30979076768305
8.341089481920436
7.901033627437817
7.658388091843556
7.6235905351163895
8.704613983646142
7.835337009903557
8.950480008778218
7.987409064182385
8.253583783416257
7.918775042790894
7.860995531356439
9.24421959450221
9.17242800560783
9.68275061062298
8.124137813134285
7.28448830371533
7.763719461610282
7.7997919536516545
8.485538930478992
7.574311969554746
7.532776863597693
7.641141304893299
7.441641631141311
7.441209718240575
8.116103945257933
7.438698654484431
7.404389939306853
7.440000249604607
7.815393876270742
7.804609367115366
7.929969122279878
8.102546191905084
7.388525188968111
8.198572638942345
7.905583557265598
7.926708824926231
7.684060507218299
7.662056313844747
8.084930609310785
7.582260744097968
7.777714611238762
7.692700720980908
7.999560341964371
7.3775449144809295
7.43614769730038
7.341225489549239
7.647137787026927
7.484883457779038
7.768581437315141
7.262149528664611
7.067955522174
7.598312340758523
7.748911963273703
7.823112127966083
7.2481501626888045
7.987141667965538
7.390678898292911
7.699426567771761
7.503114380138195
8.097179461301279
7.294910767862478
7.871871007458078
7.623766452123356
8.522041040467737
7.607851345198279
8.203805180468947
7.185412943865776
7.040800576986725
7.456085225528836
7.614897916073536
7.607941009707799
6.887696612960533
7.215832239354152
6.988938836429076
7.242954805113509
7.8315585225497
7.062817387062973
7.878672208098474
