27.57730342310493
27.57732465768584
27.465363885915547
5.864859214042797
8.405496306921783
29.20469421649689
24.871110857079792
35.33101706366928
36.403929976644
38.41661243061027
37.60823444702293
40.88062612955902
35.97701469796355
-29.333203075412765
-21.518279226386774
-20.864671265716794
30.880876472813675
-19.66392310540633
-6.761377716554656
8.083949644879898
9.237712911175977
-9.755366763654472
18.1760186479127
-15.137781874783343
23.7840934657235
19.026797060859334
1.2410380572079032
7.12848231683202
26.70865312873396
12.500941416441552
11.932912721022145
21.035970337226168
-25.249689842079526
-24.52607507419555
-5.940074570430573
18.287136322369037
-8.198861958149163
-14.025790317990133
-7.080678485063208
6.695436719491845
-7.957723632745162
-18.566342699327173
18.93644076535027
20.970939801556163
29.218387335170377
14.681322239016797
28.59172950661618
-11.848487486942009
13.464345416213167
31.437488734605793
22.623989254266906
16.134463439902003
14.154836280181991
20.53033051318276
48.3396265446249
20.44344317245553
26.176119384189906
21.077640633879454
8.724817735379396
9.097690755700807
-34.15182919817445
-39.37576774131222
-45.07712134089095
19.304405933534905
31.83546994830985
-22.33452150055982
-7.01529971232611
-21.456265526049588
-27.078727619711923
-27.451840967616892
-22.274094497969674
-6.79131768051674
-23.358377950719298
-15.938359774665887
-12.819234576491484
-15.236973327434539
18.344125386891776
-2.175088554393802
28.570596431891527
-26.49539036464151
-12.085247986943772
-17.466856345384784
20.612920557562266
-9.830974150367114
13.589859285762795
31.917317498362
24.994225970502377
45.43785708760528
49.400186706021195
-33.32974126776062
-37.02004038941744
-44.00977249624368
36.21412517786638
-27.58143176640601
-38.914245593595005
-40.22139769766366
-34.1838544735869
-33.10112566923314
22.56812803208751
25.276291880375997
34.80697039960265
39.51565383114028
27.194631396823148
39.69693386550974
52.75831515504836
44.7841180109474
34.79198027781427
28.49045635780055
42.30864412395176
-39.45065760002347
36.38045282069088
-31.68911687852809
11.877689110161844
-33.76438789555631
-35.02865297433317
-33.10071581251564
-28.812055572831213
-30.877640811217745
-32.546235267606434
-35.55170851199559
42.60235091214068
34.12726155889659
39.379759335646646
26.384795095966773
32.19761222674294
15.191819341927882
26.261465884624478
-20.08878020444379
-29.045546421520502
-21.678114772258752
-29.138565303911456
-20.528459456340418
-26.56432012847548
-25.274742359447774
-22.66445796857003
-37.02306486584534
31.128581017639046
-25.988353831785073
2.922398064062038
-29.885467395907895
-17.52341735501449
-20.313704711095884
-20.266788782849087
-52.967754155056056
-50.823712618174284
-29.612448585638504
-47.9648348496898
30.138163525528043
32.869753417441146
33.87428515007475
21.454084376659964
-30.308934004551027
25.35037932607104
-18.73499991136856
18.496631822724265
16.524685435124457
-28.042272197035107
-34.341247067260625
-23.874936469811527
-26.478299155478947
-12.440702692450598
-24.287071076514252
31.742203690053856
28.796479559942135
16.560281337059337
25.218637478713962
-47.68660985627843
-37.02972434340112
-39.135597941488534
-30.484629869125186
23.068165247109494
17.75103757681149
25.461371630804106
22.64349790758999
7.02047668921695
22.390815089956288
17.233471269122635
-29.511220974186465
-23.828670464687022
25.095871985390467
7.908263495691145
13.23453315958482
12.360271071388343
13.376953527668668
20.27933057869573
28.76140323195299
-54.037569123109975
20.221066726594806
13.723894054070858
15.975231885847949
2.8779724172203482
19.93103574567166
17.744489447506425
24.916204592155303
6.1060704070166905
-27.649812714815354
-13.292362131350622
-22.492701724141227
-21.806113783055036
-39.1940815590775
34.13974626313731
40.73347910666366
26.913509572226268
-21.887354169478893
24.15123583015041
35.56557657095028
29.21158889906013
-42.92567466586915
42.646315768750924
28.85952040371026
-29.97079904092782
-17.628959175346264
-28.611478688206088
-7.283331972074151
-46.23966184446277
22.52759913478083
-27.72865015611601
-7.023069202663002
28.437972671259836
13.723831498586204
-5.017865993092122
-23.032438101515957
-25.329051359873286
-25.166706279208352
-21.467644772338836
-38.84977819619099
-27.191452835611063
-44.82755978671395
-28.59473566047161
-41.89160471159589
-38.72008142988593
-24.66391251018697
-9.037800330938246
-23.739232302675948
-19.158051983616176
-26.7032489252508
-8.109020282209976
-1.091526867172708
-7.043524706763518
-36.745220351912835
-43.79367230556833
-33.56094716578489
-30.006330608757285
-11.814632899916692
-13.39139353314182
9.169022207059244
-15.299186154133324
-31.295670187680283
-24.266544059265712
-25.84471111811032
-18.89918650926337
-36.07384719180404
-51.77602993123423
-46.189410145037584
-17.08827459315421
-8.97390273928224
-7.024838287412212
-8.02533461690502
-29.260517041007297
-16.068253927688588
-14.93721062308613
-24.598907509671783
-23.963169132348717
-24.590609674785437
-41.82379740269967
-38.6506197709298
-51.71228217953999
-48.79582872187403
-65.4303839729253
-52.484041421612396
-44.944449458060596
34.71657192682108
-32.101509907257444
-11.504915889678092
-18.56567161304723
-32.70583016878735
-47.73162488235257
-39.96892732001794
-30.861415506874568
-32.57250760860906
22.09473018608905
31.168552480564532
21.42693673194179
38.182173961142944
18.48813630063195
42.92495522086446
45.7589337735462
-23.99616128363115
-21.868910725905273
-31.14670447905622
-40.87152140735934
-51.279541790939696
-46.898236749796645
-36.268716527980885
-21.819056225210254
-26.857847273189314
31.94768453088644
-25.169772081078936
-14.301569091950691
-25.443993028082804
-24.18126587303346
-20.379806064815554
-19.272929234252512
-29.52588960757122
-18.297707455678772
-13.713521944332303
-7.624067466158677
-21.117564470963938
-21.75781098753488
-24.17402481104535
-22.067162722084422
-18.83714448739948
-9.916590223962176
-17.155330601680255
-10.45244161388184
20.877653504708757
-17.518153892812474
-31.32813676630557
-16.694714981293146
-12.257462103297954
-10.905212018052653
-15.09702234795852
-14.602355946302175
-22.780796831288267
-31.941300562057243
-19.18614722510241
-22.78069602605031
-16.91034461342382
-11.684009094808165
-19.039408862632982
-21.521123543068253
-42.843862940077116
-43.39437700966225
-34.4511490063749
17.252185370060324
-9.74513945229509
-5.039213180157228
8.042464648744398
-12.99450267478044
-19.37506343655021
-40.22768730950961
-16.693408573018008
6.553092476700471
7.746486762496703
-16.24762662264807
-9.299289575604558
27.413867892138498
-32.06162337226354
-40.39088434688531
47.21720241704364
24.83787105855837
15.33148919595143
-33.01938354792726
50.443235118835545
46.70808288943933
33.48698283150144
22.102398785720847
-31.50983256331195
-28.15048174793491
-53.722691535996006
-34.24532976482275
-21.3055247484274
-25.32443460389563
20.924281133769252
-30.883000618102116
14.81987332963175
-28.032801020234295
-12.078286546211988
5.432456835558133
-12.049501747025982
6.4180072815268545
-10.887932216561417
11.788533041493395
-8.596870732663161
13.350805190591048
20.272697690983872
9.679288556409878
13.231317316602244
19.94468558389892
-9.964241430151928
9.47131175959186
15.663115168332176
20.116959294937846
-16.854924674231807
-29.744416223126457
17.32062695289652
-12.525202282323672
-7.88928642040951
-12.538705228122007
-13.658216101973398
-20.954488921743998
-2.8148028877287965
4.111031416548309
12.761502176276416
-9.289878335332594
17.14844370797559
20.146499148712326
18.72040901395318
17.944008301496094
19.80288531934615
18.70567801726035
24.292582478821203
30.455587932731326
25.075872551375745
-12.699789887143671
-8.46837371813891
-7.773901311032672
-11.771527614892337
-6.925253708104906
9.412899168014686
28.369361968975195
28.61859375034543
34.48899706086446
29.2674171410915
25.902550328441723
13.26146394398814
19.701196283921984
-2.883469515957665
9.58980842055705
23.211404524814508
23.160533143998485
8.834264587232443
-23.287636443449543
-17.675074625921514
-21.544581041541772
-16.41927997665353
-5.556745117393089
-15.4452720761166
-18.427729875009206
-26.31273278275285
-17.762161201129096
5.039792214611847
19.810482904401628
27.235176993508116
22.52892837162728
25.89467326215306
-7.2866595536498835
-9.848503795072617
25.128031416623852
15.271186152719508
34.71153017571912
31.76650776538091
33.681313340577724
33.82159504329253
-25.997332384456904
-25.07487479710021
27.22826575129755
-18.247727164534993
27.35348639937792
8.790135683119928
14.285336416743858
6.3759076837666715
39.990054236606596
37.74405680240828
39.18731577579604
36.073274980830284
28.19769293945077
22.583773581811354
23.36825831993524
1.8206044786963005
-3.671729933761585
-29.78029535224061
-30.3830729742246
-29.687332681047078
-35.800726742240684
-27.534270792313492
26.17327131519126
31.663270941643265
-14.080888007968268
-20.502444388462237
-18.472595424537378
-33.1871845839174
-28.189016553730706
30.975059436536938
35.58167386853442
47.821324400310715
45.40365657185972
-23.309060645632687
28.66327520040637
-24.331991777474677
20.556233440037172
21.669471077111915
32.91810825026813
23.116673114542053
38.76921942650692
48.77282838029247
8.528188572927787
19.990136050471158
10.931025093265218
-12.482541180423505
-8.499576404774105
17.231788194452033
30.81723118132711
13.29504851447496
28.742476461623863
36.348307868754446
35.804849825597636
32.40285367080977
-34.171696441844496
-32.890065275747254
-34.65854049008005
-49.103740489653205
-40.15219073638898
-48.159262666311605
-41.153905554791386
-48.373930756007404
-44.35544279106256
-33.23421161545786
-34.72425211848979
-49.153233545294
-46.04241889728574
-8.980132995067349
20.214701451176172
-17.474439109520823
-6.28729535743628
17.399360951090003
21.707143458423005
29.273850823669655
33.848034860901194
15.882809646662897
26.26439768183119
-24.06364283332597
-27.130036428969426
-14.976484318959812
15.590346270188979
15.640317631290804
10.370683505469497
-20.622528675159558
-25.360190503838133
-40.24111899239461
-39.454226798786074
35.91933265716019
31.77943802352138
36.12179368235662
31.9071488204655
43.32732584006449
-36.421472471482375
-32.82841859901064
-22.988954847399594
6.1392591520110456
13.680977894257026
6.205117492474169
-10.775469556616768
16.545579055045692
11.085050190124392
12.791646810873793
-11.00786748177181
7.648713035972633
-15.763217092315498
-31.279116801527827
-22.90968649530783
-22.64363154544566
-11.675839657315695
21.874741464768505
-12.222903733311396
6.132160165156767
3.93023763779633
29.309639720313424
30.74636578668103
24.58760236234916
33.58885379828924
33.97264907891181
19.699097526410856
22.98443733204168
28.440133216335838
22.876429836178644
23.818126578100912
-16.945546993786174
-9.141724797672136
-30.56900460401392
-25.502393012139404
-13.065152673519348
-35.38990073025879
-29.41522872935794
-30.922531834307236
-44.80707245980257
-41.02157476852935
-64.59773492604477
-40.35903919352339
-44.17343540052693
-38.710711421596045
-38.967687984991315
-48.56263448290854
-35.20073460743279
-37.87413684797431
-46.05491004383091
-16.519760610789064
-25.36713356177885
-14.741335301739282
-19.270604046909167
-21.640898941591193
-21.74033705155752
-6.829071545021741
-13.8159730116028
-27.309074760619193
-12.718225911107082
-40.807777963361744
-28.36432390222407
-26.52817127203972
-19.757090549126037
-28.510998189821716
-19.967243780511783
-15.362519809848337
-22.469164614150145
-28.645611938289676
-32.23955085286148
-12.948681055640014
-15.869975470756335
-18.103929516489227
6.748499277867044
-3.6676884380477577
-24.04179240478042
-38.07433929562108
-36.22035786988753
-35.94324363272055
-28.164695146474727
-30.607402463282856
-41.90784489497156
-40.62877196654236
-30.97558883570214
-15.26326609879788
-38.41121566416304
-29.92441851870841
-25.98450241095213
-33.05319478203985
-19.552710135664856
21.732637738060927
-31.33236338768499
-35.44385616291139
-22.95326365879764
-33.04753532344648
-32.64116298953105
-34.72412174424912
-24.823266275462267
-17.37572808751147
18.63690643272619
11.225415266386333
-21.385393266425357
4.2352119021637815
-10.260624245027792
-14.47603096357589
-6.717213774499891
-10.07446640703288
-35.54551312211559
-28.503812234375363
-28.40885076140679
-22.284845757436933
-48.77365830264205
-41.791023932761604
-48.343332031832794
-53.92382366334209
-48.58214782177392
-27.33619115756011
-33.239451879483354
-37.34674457352245
-18.631050159606083
7.785845990793267
-24.44535800026075
-18.03030337779362
-18.734757249112892
20.071403055193997
12.817084365753445
18.237680936847493
-19.346611110604545
-12.651370818377307
-31.10376781799756
-21.66664285174616
-11.546148288586181
-27.490973524524232
-31.09503075292694
-36.882728621903105
-18.678587574918485
-14.78408939028949
-24.808630423324498
-17.072140007753617
-10.87094903382876
-26.211271685280455
-26.134287638132548
-16.765170501623114
-30.02444141892943
11.806883292600663
20.47654563680425
-24.958813767331915
22.462231221639172
-34.130643181626624
-37.81920291371436
-44.472918898151704
-41.792718346423484
-38.20348914452963
-38.13478058930314
-43.39603439470337
-34.01385906816338
33.74877869010714
-30.01255579630232
-20.362201838637933
-30.418120797152586
-28.694440725081012
-17.27833989615935
-22.27543148428622
-22.555967910835182
-10.000333170938175
24.731266627759485
-13.079126225782254
-7.259718071206695
-16.42949609215246
-17.01156020818877
10.221087663759565
-18.23318337987012
-19.458501237567088
-44.187333122473184
-39.683399026507686
-48.48341665388012
-23.256501804016224
-4.701247913504027
-15.42938206707224
-41.17053728739119
-36.9049184282111
-33.66475757604754
-30.52628585699326
6.081785587804379
9.186172030595678
-20.962418800746203
27.11432573857484
-23.62380403430977
6.410869623166309
-23.12196203138507
-27.20078056808755
-43.777208752825885
-21.61373250121064
-35.39190234893762
-8.425096596716037
-31.032577649865093
35.04323476883158
-42.92039653547262
-45.78537619333824
-34.909353891204
-20.77353321954556
-8.928717075385949
-11.31527632768684
12.179287847449741
21.413084451796834
14.385379780746678
8.45892288182687
3.5147878215724244
11.85966939567408
-13.21401727233844
-19.323911909344435
-23.178392787194095
-20.669362129972363
-17.414207802544116
-19.921511038706484
-32.405146562020064
-34.91128328423662
-32.21882607806977
-15.475592085360525
10.162145180276214
-11.25306494716068
-10.255475975400845
19.206753934492003
25.16679367598807
-19.00231773059587
29.360390709801177
35.55664697969715
28.117587009003017
44.502298918373334
32.76802161627494
-42.34453506671276
-17.610842218107795
-0.14369351275863035
-18.908505934285316
25.025207636682666
-30.58374715256101
34.52052266663722
-49.5210261138835
30.83314909080384
-19.280961206860326
-19.368533238028498
-14.020177324564264
-44.831936849924254
-29.219628258095486
-24.062674835362092
23.9982773115669
37.881108673924814
-28.91970246013965
-29.06075043584101
-34.37779345135798
-43.75428056553852
-50.068427583647086
-42.22219091866449
-19.41564853722991
-23.365883670995284
15.776365816094428
-28.828905862223156
-23.609472022641558
21.707979027390863
5.4175018588012
-11.64838466503665
-19.38407110071689
-21.923077381419436
-28.01469910509847
39.389480948812654
22.56565393073953
-14.920838081928341
-34.68952008490921
-12.39733298526205
11.778794010641118
13.31729180016199
15.256761595700722
18.663564901465552
24.06813054675
18.73804615573761
30.03899882133786
32.717961429549945
27.372324293940633
48.358254293808436
20.83814087082182
-33.765802008271024
31.26877109445875
-29.907921388007107
-47.10915293961282
-36.07761510935408
-24.710166237880635
16.330781297325952
-17.37339459143405
32.94262981736576
17.816540937234596
14.044785654606185
29.016622477938206
-51.46794395464577
-35.105339500726814
50.436554191255944
-28.159510575386093
36.0797446414724
-44.23904650890554
21.810257704713482
-35.99275818220746
26.740445588498506
-39.78661507598074
27.32248311140223
26.215765786481118
-9.889037735458269
10.813554305757322
-17.393294441209058
-20.62412471290749
-38.08175817022159
-40.76283472401981
9.27504597164779
14.66561244728331
-7.764946067350885
21.97356763714477
27.400866500008476
29.568472354759763
35.71377310678029
14.605742840834282
24.360662579884625
22.819213862701954
24.164429109273932
27.389558179280005
19.810581060001915
14.871557703311614
27.753459814139138
-7.7144168763224
2.269043988022853
-16.811331221599268
-28.879051892814683
-17.97982624357105
-53.64341642354238
-36.81102487139404
-30.499812066259448
-48.36988606231339
-38.03689144804563
-30.089691072522726
17.250306141494022
7.561824955732489
16.691486937534677
10.164550458077153
-28.750562270930118
-21.399433541178993
-4.860798639181838
-20.409499591483815
-30.581907485771954
-47.097391600390104
-27.135802330116437
-9.599073972310617
-4.835459021481309
7.69614189991716
31.30517334019191
12.409389058659832
21.36713964452785
33.37293140554106
-16.29620961527113
20.295512596929502
7.390512861246437
12.689888761164797
-30.638042164726514
-5.208411292863338
-7.635215621900243
10.695008069093891
5.655195231784876
18.35543658430967
13.305183407478841
33.97532546036665
23.62248424483498
36.73457317291939
-24.57218496183265
14.477871304891162
16.5172035997567
23.363132049469865
-29.48453133250295
-15.414215825500909
-24.816283972389243
-25.23885647857479
-16.82517315157165
28.581484827860745
-24.506609871262665
27.111903577539774
30.83610701360916
17.161572572181218
9.595647370516597
0.7259256668205315
-13.642184190328718
-21.566790044315635
-22.513556801673715
-15.460332843582261
-25.362707581236705
-11.355114103321014
-18.696492423047083
-6.552121566820014
-36.04612021618263
-30.001400398680858
-11.696859272911933
-9.059790693176772
-12.713241683094576
-15.943813672579472
-18.13242545287797
-26.281463380328066
20.35599772752342
-29.1578270068314
-17.456167405444596
-6.802715375047495
-5.293599512712216
-23.430029456993253
-36.75039705519286
-25.228543777381102
-17.632568912519933
9.259744778736234
-7.1020419898369465
-14.22746219409046
-14.570122370699115
-29.635467805639074
-21.530950459749064
-23.376834530173927
-32.753418267162644
39.43259365377554
-43.37095313086564
-48.76130007913513
-45.04781246779987
-36.86332133280124
-41.483516769416006
-26.81813697125513
-32.01815745018807
-13.418957675983503
-17.38639581697532
-24.175695094382384
-23.156139884144164
29.758485166483236
21.412903237585866
27.158896690046316
26.054952864083628
-10.822822378334333
11.28096480542065
6.552302494762061
13.426391912955728
13.76040028148536
17.569311636254277
13.46631924279951
17.54935339936231
-16.685846486990513
-19.154608460313515
-17.58834154863099
-16.153025462098817
-28.382101784667906
-14.023626205169107
-7.9030014446177415
-21.001438114787597
-18.83392994667603
-23.788214479156462
-16.0249797952611
-5.748660165190799
5.3916709477164755
7.816841025886355
14.527808337413159
19.83777490609787
-13.526966754473163
-20.28618367536344
-27.780284254999245
-25.169340684934657
30.145146605024358
39.134769373525366
37.691691304591096
5.362507615669503
5.030386161442534
