54.994087344834846
54.99379719877137
63.37679861379091
65.32596857131229
60.57414825208454
66.76398508541382
75.20606954644225
77.23335454719223
74.39450305236028
70.36066823126848
73.8192685739822
66.97813430021328
72.74353928068453
68.04993269877703
69.8278141426903
67.8041403259735
70.70052055071505
68.72883445393622
69.50495593303116
62.52684823720576
72.17471874417313
70.15971482667828
69.41775566904752
63.33494992249027
63.433983136742185
67.740417852962
65.277993998673
64.74051400884602
67.97407080259562
59.35231130932983
60.782819901437364
63.76965278079646
64.86082826217017
63.503646795815825
67.65344552099369
61.48318110426518
58.6713732130513
55.338672397060826
59.32747858044866
65.6126630773956
54.961918805198046
50.81584502208841
66.39238057321091
66.44774293080205
67.45254999580685
49.54710640392755
53.426107188047396
52.07152302815227
47.03866765894572
41.867269367416746
44.06545288108046
45.73299246127364
52.10553189286596
49.56179686141839
55.30781776022915
52.26589521025712
49.37471586839252
54.15265678770385
49.32558022947098
50.81898460529917
62.47118079886715
60.78287347221509
48.93022354560661
58.553141532436285
60.60050939484113
62.80111805810372
64.05788421554179
61.82750847810191
60.51423368152011
68.6124155004529
63.389554353422945
62.223952776289515
50.539065705689225
55.59834085975456
54.692454473908185
49.68794673980135
51.46268825007994
51.11569343431511
48.08921936835508
43.58614423060746
43.50907260902605
36.60939803171232
41.06144755804142
45.74977046679831
47.58628123212525
44.406055679092596
42.680278814372016
52.50251045719525
52.528692811695635
48.69328246961108
47.72261823762914
47.51341959361516
51.95915196696618
52.96223021569759
54.27361903785248
54.688917007390074
57.0123046650663
48.90204190159362
45.67824044787588
43.74691679596627
42.526171956765886
47.97919481097456
50.51470783985727
48.97100014587763
48.51156120655184
42.72168048182177
45.03152995805792
46.370470005881934
50.06185820824407
48.165576338051224
51.41730069718327
57.435919472798645
51.07069137588342
50.88992902221326
49.80568336716694
52.52850784938501
53.81023673132299
48.89730757965194
52.38199038779404
58.27870877919628
54.30610762797394
51.78569591433326
50.074095797880155
46.1406943186038
48.49679952431952
51.363787390087786
56.31425883777002
51.1991944869351
45.45407300855284
46.228608989421
49.497857096728296
53.276761653834846
51.24917042163579
41.99989344625573
42.31116902924162
44.28040821860465
50.67777699120404
57.327587649393536
50.418433626953224
47.68814922103909
51.094493117365225
43.69990831681585
48.00571615439426
51.37047526297484
50.293713406484706
51.78437604783508
52.06049737969048
53.265676790025054
51.83241348181346
52.86087390089578
50.82036308332304
47.63381569467638
46.66988385998473
54.01814895452373
52.09980362430732
55.65893802394339
53.430125927850376
59.85570076795263
54.101423244609244
57.20127074116006
53.25706233876716
52.810885371001
51.82637232327588
55.33456803951793
52.85921778810553
55.297686548326425
57.31170112264012
50.55729032215988
53.07382231868468
51.39621445743616
55.006904817847776
49.231696795067926
44.77909382948635
44.57394521526936
45.45212322586515
39.99694145577876
37.93301461801455
40.6446320071545
39.53952266302283
48.56923598957867
47.693152735798996
53.80712278102577
48.16575235871423
51.03922850462774
47.14941627088793
38.88425372855322
47.387119798503356
45.70805817080675
49.98852073529674
45.27691580718023
49.268613301920645
43.70921611509218
47.58092615037235
48.77612742916902
53.75638396630867
46.73692470160261
43.521739229071336
42.5820113836956
39.40001248937927
42.64228526249092
40.97189195469654
49.0174815633027
49.40270201947831
55.59084949841003
53.11884922842158
54.55102237044969
49.67633186217732
48.10130390103515
45.393995667468666
49.016366515191194
46.46449710815863
42.679068889636746
45.77514679374582
49.06757994074936
48.30325611509804
48.176143939027334
50.110862992599905
53.03028048762929
56.531620763386584
59.24551167743058
60.82316867699839
68.7203491267794
69.54546200150418
66.26177330013908
62.2783102672447
58.47828532581002
57.43592313243539
55.91758835807622
61.786388553583194
61.97189660815342
66.48022378316752
60.059832800555725
64.61746965669747
71.52404600385704
73.90658431647489
73.45416171977449
68.39186344494418
68.18690766672277
67.43643977726497
70.22838232777349
70.89167432772943
76.25255280437617
82.88683216321469
75.12398900167402
84.06947242214216
77.1634841972342
75.99184435547008
73.97993341611429
75.1695104671708
78.2284528283323
69.11011742414468
73.45613087335732
72.26813695352368
71.4119456022968
68.54787694014308
74.73757006566615
73.81846888865158
72.26833166646145
75.35231502259947
74.58708352089285
70.28553222484449
76.7152035088938
64.37647439116367
66.05222284222877
61.279405992856866
61.46234385146403
62.47726282768361
56.63840471575849
61.064648070543164
57.2647226329574
62.46968030960111
61.79828782680152
66.13929599427406
70.95377263458603
68.126436982073
61.34969293405617
62.63287075440593
58.89461860134443
60.368485531347794
62.95066694137799
62.76849761115436
53.008282265666246
53.26984745038759
53.43724112868397
59.226862830698295
54.76284379162259
64.4565170849195
63.61916551452781
67.54812410865439
65.05842947761577
65.24100428594473
68.90322555839522
66.81975818260315
72.16459602497248
68.16419313174919
70.01214784705137
66.02434353602371
58.70895888184236
62.27099677581577
65.64351537618576
72.44492023236026
78.77837033845667
75.2941625163293
74.25904601353247
72.91438252691131
71.17604197441419
64.03996930969173
69.5522582821179
64.05454796731418
63.404645307034045
70.67932158441262
79.14874540564678
81.74347540773047
78.18570858599709
74.19188022045928
70.0934874960005
65.93563755805307
62.51497635170195
59.57942529198857
59.62913398150465
58.577318912198336
62.760122882874754
60.463058296379735
52.87518585583856
53.52421873916293
47.90099286197392
46.91471290271858
44.56960291929279
49.85837089200946
47.70616809778956
50.553098457778994
41.24559295973799
35.18952002696301
36.13319385638409
33.09476057086465
37.49736791216778
39.57826231095743
39.541336273590694
49.3498739467189
40.46803668780913
39.8740489980458
37.429001462502825
41.66031075061755
42.07381164061892
42.84931208282472
44.82282507827676
37.104315892542594
50.30237007177054
48.17470153153017
53.32632820207822
48.132772881678584
41.06512991826403
41.68590041827549
36.25248669554602
41.37699351904154
41.21802543335811
47.407776047049836
47.447409932034624
43.534908578068816
46.4651927374716
48.92262201547462
45.18886504171197
45.39627696868127
49.601675325444894
61.5686560317489
54.76243471351981
57.24977022229326
57.36403641076533
58.17617655932238
61.98312208963849
65.26491331227193
68.39348631369312
80.80458154827761
64.00033435857648
68.0020923554897
66.37461410497602
72.32577335473087
69.28783431616206
72.14966713700922
77.24186005532229
75.21837578167496
83.07607109867973
74.9013009059669
85.43786593850379
73.70861238881199
84.3563478681581
74.03310889280986
74.80999828323252
81.98910501386467
87.89472320891602
83.22262491256316
83.72166458382124
76.9864697334153
77.26838126061334
79.3060083822068
81.30500670811811
77.83285775833006
72.07326331248973
68.96889763358668
59.36754684425432
65.71687540956758
61.92790201498779
58.13050195017731
58.86665075682371
60.830731918419545
57.348049888853815
56.53333881702676
56.65852028180877
62.39376789241024
63.30258735765681
73.32907817739287
78.0446141253324
78.42871868815963
77.4190469094849
67.94654103057808
71.21639354617517
71.98327582393088
75.11934372700699
65.90294016396503
67.12264768436421
68.5376470309957
71.95948442944757
72.6899771411535
72.69304376381011
70.24246236480708
65.036226092912
71.45286532013564
70.2973195219029
68.01978951657392
66.55293482528435
74.18346266670162
71.54294506055113
63.34073553316943
67.77597528213214
69.49492575662875
75.06445635649023
70.8414725068786
64.28432004569765
71.06813946798336
66.22784093935888
70.38577144522753
79.95353151136902
79.6797190056255
76.58634198331265
71.36955843197154
72.58823634477312
75.40357032380085
75.82554741651285
69.60972382503634
65.64529716572657
65.50802857696247
76.36305590114793
74.2407818323701
76.14465339824488
72.0175723859148
71.64015413089017
75.87535392227267
74.80019779516255
78.43783851046072
78.37592276199877
72.66813048079668
75.03728453587016
71.79378702762075
75.7385829006699
72.42727162225023
75.58221640622232
66.11365287560311
72.21383855491884
68.46261427867027
61.444849456735156
54.087244641501336
54.162691367167014
55.741958422995715
56.14078831027527
57.694404420505506
59.23693696867438
57.716054222451554
53.39188166723594
56.49148764511463
60.56793570447542
60.64957583377507
66.51335473378874
60.66655581816876
53.722780198823415
65.66818502483176
65.03013203636854
63.662118177805226
71.93351046866437
59.06148401979136
70.55927331144164
62.75670292246586
68.55984170845204
54.525574699828404
59.38630816727892
59.543397681942416
61.52250865888499
63.23160616802371
57.55069146604967
55.69235578343396
61.206635133086785
57.19298636113101
66.11075164307661
53.96284346446562
55.7116935252059
57.77066444538208
56.88663173794719
60.61976956828355
62.56784165019054
68.16657318369936
63.72976955620055
58.882603653326264
56.259192629849025
58.67275598390688
54.30260227376247
59.517463001774175
64.2568898803377
60.51083856221956
59.853371100707854
60.397250626610884
51.81124379390986
51.79890287262159
53.22390751548676
49.77307129557523
50.29026750175376
53.08043016233451
60.63397965631239
63.534511006551064
63.622861830652475
61.91586588293901
68.5788476396907
70.58564596490781
56.44733561881055
58.87281068411797
54.63623741179817
53.252988078045775
51.81166784530276
57.897380417063225
57.93510803477933
60.04578274971456
57.777105832187104
58.0809936410062
62.51858244113025
67.3006048620613
64.52857296907408
62.585759613860944
68.95532139820345
75.3335460468302
66.72484156963924
63.671443042124864
63.89647111678856
56.8454610636119
56.695496646533094
57.668675468855454
60.08193753848795
57.99299344194719
63.23484220355933
65.70262046110086
59.15021568973246
68.7808280511137
65.28270837266308
62.49278739546059
58.21880035747129
68.30417383826286
67.48928399797697
66.17485802987005
59.23002303401271
55.233082694634035
60.533998245464296
68.53124246700168
64.27395144287857
62.751903377911056
60.52332077853333
57.58581232416158
60.07748508568813
65.5342071858854
68.74619375244113
71.36191788534691
70.6241786145026
72.68123246004743
83.79090360029676
79.66014688820701
76.61825368401624
71.35798347781679
66.73282067590505
69.6035205776285
66.41702267947093
69.71544615267005
69.29053833630549
67.81380536577231
74.5408618293015
74.71368717916216
73.33017634926345
74.85412499986744
70.68004581757455
72.3081805163944
72.5806592201186
76.08077104849015
73.12922358828249
72.40532947573982
72.69156342906678
75.86925728597892
73.71260417741411
67.02378519527565
65.23514394155856
74.19671903859823
66.38877285959087
67.48974883329166
71.69667816120744
70.95991221129093
72.50040939635387
62.11878509674038
59.49826811805114
63.0543982575826
55.94729038213817
55.05455759272639
54.754971628395566
58.45017254719707
56.1821227614437
46.823614687494185
56.41154410048122
52.52254794342441
59.74602154846938
57.091981010876395
61.02216200637938
59.03669693289661
50.47369895992448
53.19991569220843
43.58147402016566
48.76898299969909
52.457242954052454
49.36278374761156
47.70733583885122
44.255466431674826
47.02955825848737
42.310104338529015
42.8110413662696
43.007614182710036
40.19412738053965
41.220026378397236
40.736933816503935
41.77725548651716
36.13657509774808
45.837823562050104
48.31989263827484
39.622253281931876
33.34226551507853
32.98225883315422
26.499754457643597
32.24099344983787
31.04295180805411
27.276487166184978
32.39200162537954
26.30729222285391
32.91741056568698
36.923221599400286
40.968744942988614
47.62223019979453
47.690227700803824
45.923057813466436
42.70031724551756
37.28408502746277
32.954763164945476
34.81713932194078
37.46680443971222
42.938637266151254
44.173153447345534
47.37157268901432
45.86253100383679
49.93183162054226
45.64215256593078
41.71255087234188
42.29167680863419
40.55135568292931
52.88019566963099
49.55760992546127
42.39480758223346
46.01650721011699
49.78501845687155
49.93421867186778
57.11287514990831
52.49615319721393
50.537405302044135
50.6610486119983
51.61392044790147
55.855652266255625
56.87772499924339
57.6677335073346
64.68143858426558
65.0124527893545
70.09532618690183
63.675722195283505
58.0158897413737
65.91859911495841
57.489781665625735
57.65007749151995
56.67787747926917
56.10024160212746
49.56857747065054
55.45025681424583
47.888198236586256
54.99724559164166
60.170810769662175
66.40328068998895
73.30834858166627
66.46617769143744
74.06821654971353
74.54893098744454
73.02893216790669
73.7915131129043
72.25323449151676
74.08365888748465
65.95087920014458
72.86838940447535
66.38854931605063
65.0803368977738
67.13800121468078
63.10862173254902
65.5879553590713
69.63465041391835
77.6947745758784
81.53060797895083
78.14018134524355
76.95178663038926
74.10179799069525
63.98836612709446
64.63321502598397
68.06984728730893
75.5524299759022
79.38137355308436
79.60078673883721
72.47493559219791
75.88021307646235
83.54748248421102
80.73640511983245
82.61505855270158
76.46936608703918
68.43221030204501
69.58876249540297
70.54879097101684
76.24518239509875
75.0057157029347
74.773004487882
72.28718956163713
74.66266037435355
72.08489354826453
74.8534036612103
72.7279611961273
66.25022552885828
70.92331598556463
71.09719341520648
69.19810758224307
68.92549441507403
69.97341700322232
58.25875960171866
64.20413959833945
64.12079958373262
62.97190811596231
51.594135601835056
51.55509830310439
56.642035426878216
57.3274879210964
60.610415816374925
57.917970462577884
59.09845101902742
58.91142324626512
58.13549945902645
58.576834955534295
58.84098023565094
64.74700228617948
61.203465083755
69.78016142292773
60.58335739503134
62.926075833056416
62.29386320294965
65.29095607363953
68.10137768011465
60.314648465839035
60.57174113984931
56.155134966846525
53.681326107305246
57.54124603171783
55.53527234613959
57.74017401136914
54.091980003252736
55.634880570508905
52.53301282998835
60.59605351609787
57.47703150458026
61.02753385753797
52.310866476920935
52.99704247336321
55.740039512210224
48.90128671477347
47.12949801955652
45.42748629555645
47.15088516286918
50.85112435792161
58.99563444969215
59.743438199726434
55.78730624462676
55.943050920608194
54.66612285017173
54.81945610686772
52.17136159640258
51.28885680187147
50.48400108491573
51.60603291659612
54.02056199227858
50.73335134487929
53.31044526860756
49.214310918819535
56.939169291543834
60.575938329514976
51.22651036543696
63.28956367646264
61.10856220946732
56.54510867671579
52.092522411397496
43.540027466294326
46.74052198385092
46.920509037702914
42.768975607149976
43.23298502751902
41.54816371969029
44.378470808536335
38.79656365778997
40.04964443006955
37.71286395142662
38.32975489995977
39.04570194542623
38.381501991172094
48.141912281355786
51.40721381662526
53.802357964678876
63.10717832346476
58.49460650780925
59.8300814008712
61.61325135071184
65.0866828691693
58.283724758234854
50.768092639678535
59.72769557481671
59.161733528770974
61.35792480018764
58.86393133247804
61.777330099496986
52.13928379813709
53.96605290766929
55.708637485321425
46.21651575220711
46.97245410997584
45.69615797579002
50.78823621655159
49.762738080429905
52.274510769212
52.25175678533434
47.30127118476279
42.94797112239121
45.45849109888702
51.89675368794667
45.86898758269303
50.3563463173012
45.48298222160895
53.880550903199186
47.353583802951746
49.612345390974944
53.59158652920426
48.409185504242515
50.913267978867886
55.844470147102264
55.722609161086595
51.89001438526497
52.64249428991538
54.404850653673414
55.503810390582224
62.840018535580185
63.50387282384937
51.328154515402616
53.357689662279434
56.617085783158544
53.51564546453083
50.58286322893027
45.099076691613014
45.12888667606893
48.00396488722846
41.82795798270518
51.8072773916962
52.63543441767631
47.170284712081326
49.02960230862945
40.255461864217565
46.61664253840527
48.174866260426604
51.82441907318366
57.75310436786385
51.49389346012088
47.98389004328764
48.05742032814877
50.0428876173838
57.34180201086092
51.946890204612586
49.80386554544368
54.00189785186636
52.83375553965527
58.66212979476486
59.142595450770756
60.496415286053214
57.34873109859045
58.51916912660596
55.51871393053782
51.75873111844898
50.46595070702029
54.41394742543556
57.422764771604676
51.84956502422969
45.05833209048995
44.7800357905024
49.296082001077316
39.17969236510051
38.26969623112809
42.73738322969407
42.705908385500734
44.13380293241511
43.03289797011015
46.73795513370466
47.302043657816434
39.840133623426624
46.148196124743265
52.60265205137232
53.579867497874055
50.992164644354354
49.35638797038506
55.71443754018489
61.46691387238406
58.75779312905254
54.18510358539824
54.19286715251335
47.17315737830766
51.73275167584906
49.69904697050374
57.0266547144795
61.39344308824714
56.3922956282794
55.856151264444286
57.74756034505768
55.56356549201998
51.36551447564537
53.316025046200586
52.960493396829115
52.76619688638944
50.53319175792453
49.13752182121985
57.43607694349771
47.709893173822465
48.85066683164767
39.23944388020245
43.27108467158612
43.121386938274064
49.329346234736406
46.560302216465516
44.71931591882315
48.66343686353728
48.25308543890871
49.909084433943924
52.24432592810569
50.45065990440843
54.49764954973199
50.82817781949491
51.33713354679026
57.13121080469802
57.02987808952777
60.287016396117146
59.08996278070606
58.51005603496733
60.00847513307231
58.1566151016955
57.433293420782626
55.689392382247554
50.4501742401045
43.37986966474804
47.14959526919714
45.22249853575595
53.760365284829604
49.366435653205365
63.02677922214631
57.38515466304632
53.869405809914085
51.446740261423614
55.14016958410556
47.43918334162311
49.36304284753532
45.72290344897483
47.004913593395834
41.698726833885175
45.81784276745323
44.66004616811437
42.51880075764912
37.78483806535767
40.20897957486301
40.91898028957698
42.6896928173543
39.984090873614456
