27.57730342310493
27.57732465768584
9.068367869593695
18.088474980778305
29.276483355872543
22.1793135655097
31.299455955401385
40.03728759819643
31.682670189448263
32.18627802835113
34.883554775476185
26.833888005351938
7.1209878111322835
22.699526178731844
33.05200290080961
29.715175847326844
11.139524201596117
42.81991124476527
41.39951428975557
27.35775812333266
43.86970888319132
27.891611313307322
34.77851028124694
-15.788116837693742
-29.70201915458034
18.02086377141905
-9.719052124984428
-27.904393403758263
39.37488042793995
50.185457671187756
25.84274744762836
24.432498507479114
17.817931421537754
10.81261165322267
21.78096557288958
12.694912415278978
26.060332573002032
28.965943199295968
21.020917274799935
36.704937182322425
32.473242795155194
11.377157225787627
-25.915105241179546
-14.064249632561134
-18.834606507832646
11.047193975038155
18.202870520654415
17.728470902336134
5.9684360871638305
6.247014430909323
17.137418893553996
21.356786746676253
22.610665914686596
21.499716155023233
29.325283732039882
36.26564126532214
18.00744754476751
42.03841944060048
32.66885391388392
37.89201719571133
26.93967466428704
33.652807510496004
39.353057432685674
29.615416737406687
16.297470673258875
27.266926499429136
-43.437305086959746
-50.31521126089064
-38.41266067113741
-51.54250691332525
-27.993005776172705
-29.620247376619293
-29.758899352617757
-21.69143664889488
-29.827545385707985
10.35663907014741
-32.07561496014217
-25.509346425888747
-20.856566821146327
19.642990678446004
-24.782722596131848
-28.02027381132867
-22.476360814904886
-35.474853413885455
-33.3646895295908
-36.1830711217299
-39.488439996113826
-37.45607285618862
-36.31273354340135
-43.43835165728491
-47.06965254827658
-55.61362522065165
-60.39752084940654
-62.75779295706505
-44.09982414745133
-49.78527223047288
-31.973519944589757
-34.69551678020623
-43.73372307258356
32.2724849308227
-39.39683500406342
-17.26257172112984
-52.4056438307907
-26.4134081861854
-33.89935196856178
-22.56112994496117
-29.527058657231702
11.750382032199354
-15.753275216904909
10.334133464197576
22.03330589454953
12.754237276188933
22.881082710242442
33.782531048668424
30.00964920255854
23.489532551635225
33.1155771197073
20.269828456795278
10.127686130014805
8.64041659316757
7.287038432861358
-11.336421516573083
-3.979860995656898
20.57083326699774
-16.783844582057977
11.439708982774519
32.69062632498088
-26.360865566385876
-18.941959259487177
14.677901251651946
20.438675161932842
13.49027064438954
21.57835440382138
19.760800208840756
41.53033468184245
44.67241091699368
33.10400571232085
41.348061365401215
32.40629348201551
33.4933829500887
15.970877274611855
20.38408672976383
25.63139269049716
37.662917071511295
15.993482354915363
16.616636262205255
18.920898918934853
27.114272906903018
26.821643551522772
28.03623219740284
55.83919812594271
37.44990598997632
27.43152419631812
31.73744417325039
21.12964089938103
19.153677390229735
27.345038293258934
36.91874096591653
31.36560535056556
29.89690955479366
17.10745115389193
8.342338654454906
6.388855636566015
10.516326076139906
-14.953224705009287
-10.488124929738985
19.684086107627152
16.293534066780076
21.833247007720267
26.597105305555072
28.065427519703842
16.799482261879714
8.827984580102225
21.964719130761722
25.48419307408879
33.63650936015946
10.490068254947793
23.260540644358223
20.07764682985588
-26.765460354936163
-29.612371056701573
-26.77527565576821
-18.762763852055986
-13.20473709456184
14.501835680042912
30.908821460897475
16.97673159667248
29.239900900272797
13.763187678900355
14.975049923347374
31.033030800609897
30.362837306114642
32.42460952548492
12.23639085846252
13.162388604704287
16.83231902509873
7.865973010550968
2.1921579437748586
11.673634400620127
19.47293007877652
20.45291238504962
27.195894340949156
-31.015858906677625
27.35827496400595
30.019894826015427
39.88949949788038
19.139644459548496
-23.24476040246465
-28.679719943471486
23.939917263455015
-3.1970208459098024
-4.1226185740118435
6.799496809740883
-11.858468488632194
41.18906606849975
40.13900867886846
20.787721330013387
-36.862818633939476
21.76451416554658
16.880654320396914
-42.01150030143475
21.851319081861874
39.505844752180394
26.297771472714643
29.032110605200224
29.42820744271219
28.851852584626194
34.08898505117313
37.414606992187316
38.45868472865748
40.87279910727814
38.79962717089002
37.67440858055427
26.465406542526885
31.35767592877716
22.405308772833166
17.655228107184147
9.548638261536157
4.662764614250802
-19.602999453492608
3.012514052906132
21.242286158544456
12.618602202088796
5.01257129470026
-6.371671593152108
8.796166538182316
9.3570146402598
3.8472413075266245
-29.024898898902418
-41.58246558824844
-53.46550903405712
-63.93599166783748
-59.926906354085645
-71.56244269568339
-59.10214900292172
-56.00681568503587
65.31479822645102
-63.07734660103969
-61.6300272779819
-53.797607597373116
-46.94066728041051
-38.37636259431066
-36.21082848470366
-32.93703217613412
-35.609531707153536
-21.794097152090355
-36.67271539056216
-17.71550719421831
-26.419181496858982
7.996535415997212
-25.6613068241415
-40.15208083793493
-46.670617292013894
-39.637981953331746
-34.78974723813982
-23.13843394102567
-30.618614405948378
-29.863709526725213
-18.04634746209191
-25.8286736395183
-28.242663723419106
34.029099627417324
36.58501841457807
34.95517443097355
24.642706661793405
-15.730380021595296
-24.811182420704593
-19.832926018548363
-14.775862171452694
-25.856505018057888
-29.30191396607457
-44.61449241068494
-37.22211109313725
-28.73188462737797
-35.03505143782843
-34.48367805588754
-16.75380022531225
-13.705346189269779
10.185894570312605
9.07648526359901
-29.85091056409087
-36.03386016662151
-38.62272339675706
-27.41516411825964
-44.32170606864651
-45.64014680992948
-36.299244933697864
-10.259378297474921
-7.096312752231259
-20.41982330580511
6.042173232450841
-14.777442767971644
-8.332964113485234
8.013707953123264
12.308797853243401
-30.34225790179076
-23.891704998563892
-10.237937374460088
-18.465681725613734
-17.16875560911892
6.634821667936656
27.17731504530858
14.532478156029242
-9.14776640519247
11.998481713394154
6.79991012255396
-23.717512211629707
-23.121408703487386
23.466961065693233
33.729426559837634
-21.7236223194046
35.22199628381511
34.856883559583835
30.463487219050677
22.6383047694209
29.416951941371096
34.58320085946281
13.443763955191201
-7.155996255258603
15.326136071263736
37.89820467155339
26.421817503871857
16.2387678590207
17.743155320930875
25.03616316533633
27.60905690372222
31.64745823140579
21.64841481713278
23.39679032111865
33.73374225598404
44.58801567877108
36.59146376521399
29.42507581168372
14.663488093298275
11.118416220962052
41.01550081028925
39.54089619641817
29.328912957094776
22.004804146979314
3.302074389165826
-20.79607042093662
-21.09531859148492
-10.858641526043087
-16.51519155864951
-21.950013800371686
10.103528131113283
-10.62147546218075
7.90542781734437
-8.577887645528397
12.341812212791782
18.568056378349382
22.081677523275893
23.692697673829276
13.46352719521432
27.26371527765478
-11.092050145650509
35.80061470724131
22.42805531253754
36.070299398013695
27.417334812194703
10.902414766662599
13.535747075135857
18.55579517708111
22.139138473605204
11.565422916123818
14.80438383607815
20.827741031935346
22.941833516568355
22.331348344799494
18.70968851862664
23.836824154184196
29.338274635928848
13.525022582147654
-9.682857740989128
9.525172097119915
-3.9326708293028574
-13.32597808246091
-31.11981492213496
-8.752640487269282
-21.17657944685857
-34.23341487707947
-39.94395195415576
-12.78718986427764
-12.093291130438093
14.619578200542506
22.414113360363906
21.37970844916209
21.099206829660584
21.08778374937942
23.76988527524093
28.223410796754703
-19.115010414182848
11.032491410849993
-22.931232862893385
-15.256487740997269
-13.94127489810932
19.988070874640254
-19.219193542768192
33.8171245595232
-23.620154406753066
46.46701593820275
-41.3391481655973
-23.006135883063198
29.271830836812416
-30.543256836007306
25.0048207549913
-37.62958427282361
-24.067487583471728
-36.85931123221888
-32.04201933722672
-37.154945402901475
-30.493259286455903
41.392767912074866
28.63926219750765
29.333821149421656
-21.433259764132817
16.899211024338598
-17.175052896113076
36.61282811802913
31.18066066767189
-38.65586539309706
-33.53017306882265
-3.0541752092527177
-27.69002903976826
-12.43093137623101
-8.503588790284924
-11.432099621642722
-23.894777398552115
-24.726052057104077
-37.53986254751876
-27.9835802454404
-28.392012227682905
-19.124023278700886
21.153776592703657
-34.616961043558454
17.899549918861897
-21.446242447825778
-27.88214404564559
-21.938845534210813
-13.047746621252799
-4.046271976011011
-10.708094576530629
13.157252440251202
-10.363346696354496
27.77042296080149
-27.594324869340014
-11.850668819357594
-26.7900658092693
-27.83610979091302
-7.9338882600990255
8.105496556367342
-16.90026798578584
-21.86545554762564
-19.399374988376298
-17.862406140266465
-11.621172376871721
-42.11965021793297
-32.16660495504307
-53.40362350173933
-46.91037514130118
-45.681104088833344
-25.86279971920733
-24.915821747075643
-35.454650971506084
-46.80984661440038
-27.36959288557497
-37.64520925996892
-29.27722984961263
-28.208934089277534
-23.849524286931498
-24.05451206439078
-23.605882580472187
-34.61913612210212
29.59393936955761
22.4296763389496
24.43405474229399
-33.125828068097796
-26.511463564716163
-17.500181378927152
-30.376833556152448
-29.47984642141858
-40.98984024359736
-42.397775546036904
-36.96675542609797
-38.6873062654609
-35.94130990587195
-34.787523769622254
-15.912940322727875
-14.124425144390376
-10.739070091676407
11.2731686925355
-13.104569568393863
-28.252487599391912
-21.936094119395023
7.3826773798853695
6.001112393790456
29.08427896102303
20.27733569892175
-23.206556895972554
-3.9573641938084005
25.396440127841608
21.14413121899354
10.515922872425284
28.881150328944774
14.88308867116012
13.661681756096899
17.439418346963404
22.669453927510997
22.590267134261698
24.482238966111794
-6.367146702452134
-26.219826520296884
-33.16483266895887
-42.63238536218717
-43.88965888164966
-29.994541070497807
-42.06353417866287
-48.81049564189795
-37.82812995376402
29.680203965621985
-22.275978292842336
15.614754410655962
-5.09598844782424
27.542171769299724
-24.094154784466728
17.723784269784595
-33.415553095683904
-27.437206575187705
-53.94572017146858
-40.820780567979746
-46.702522582750944
-38.54180665083405
-37.210188765824064
-49.812545201453396
-38.8011313623527
-33.093864527323156
-30.39457114592461
-25.18224173367326
-8.637339797247494
-5.404917018148659
-24.48075566549256
-29.44347802852168
-16.538255616055075
-11.574062312998592
-24.139745973935447
-15.923170813386674
-14.822815192578044
18.436804809373285
31.11325288734256
-11.561966136947115
-11.40437639466829
-10.142571418530082
18.094690985410644
30.24555737089716
-31.814013223133692
-24.225399402816635
-22.366548038240495
-18.612912200109978
-24.216996811550914
-23.464914926982264
-7.280515471652933
-17.74585542008714
-3.6804820129923166
-30.49214403215148
-6.458241674176489
-19.329654227626644
11.924905497470693
22.799798575132886
11.261609411563217
25.10746684145942
18.060971746849123
16.828893682024077
14.431741172303642
38.94579416666329
39.39860581915375
21.340552938506704
18.570900348869124
-15.115294977060534
-11.416007001135819
7.705392330466428
-6.09794317868359
-20.121116029588315
7.902186155576734
27.192092096626922
30.03168682676017
25.453300279132236
-15.629854636225335
-10.823264820751014
-24.6677192622015
15.089497630813652
13.55296146031809
19.55973447125351
11.243987133174368
-9.700712613449905
26.01628414023111
7.560071835473188
18.78777284053862
29.197422384429892
7.4983821976800025
-17.62260984157573
22.69814573542687
-20.530155842745177
-17.423496065788047
-18.188882187283372
-18.952140656685366
-28.031970129969295
-2.563295251131155
-21.768929214875868
-25.16466955508602
-30.34420246299919
23.377763401794475
-26.394524197638585
-17.432617059564112
-16.03576904306035
-16.426633027677966
-20.798066676371953
-21.672222118117404
10.350541829110997
13.81843109966035
-8.124254487300439
-12.034557118665132
-16.773119585250463
-5.567586364779303
20.987975764908686
8.552749846576177
24.61691554848548
-15.73173254610834
-20.288728730904637
15.806111601465537
-4.927481914514495
-12.954165938611272
-33.83908513647909
-12.68962206872126
-15.28157870691409
-14.072276315464375
-15.378048598385641
15.643907925599395
21.856775068362285
-9.202051275616105
6.807087190891791
-33.56368363094243
16.28998620893738
-43.41841933890992
-46.81720745476045
-45.53897198963296
-17.400484282480555
13.229924177824275
-13.471014801326762
-10.959575656228841
-19.24140570142408
-25.28447716838192
-43.95364969030389
25.375073305048307
22.192762095292235
15.522069298240055
24.77974461492791
18.64412853038372
8.071264934731202
-11.22023884244918
17.080939782827578
17.247819613491263
-10.871505253260487
-16.25747998123903
14.213782404004325
16.241573800947403
20.505285862036217
-18.30866223696964
20.482921902576017
5.332228432395906
8.077639768048172
11.629141509840817
25.96996127738727
-18.427795263537895
-21.9855379188616
-18.28616351678797
23.457169801471814
-11.68799344231218
-38.916247335504494
19.174341894931214
22.395470680152233
25.65861469594207
22.500421776974942
6.729804268470144
-16.631494091860183
6.906726211828088
20.48646938186199
-5.026054881480818
12.243894317077594
-5.122093132627374
-14.020704087843333
15.164457842422593
-10.994563369219385
13.429457985295874
4.762426252118448
8.043346906607587
-29.07935517550609
-16.19015621572996
-13.943814555215061
3.835226328576226
-2.7052798536265046
11.193793898768782
-12.96464054915208
23.66345425801849
33.299575932380904
-23.245014150184307
32.908400325251264
20.637542421995278
-10.165230185814389
9.971712578387688
5.162404839869057
18.91187090391483
25.07651446317712
28.668507653784694
27.322763776320905
29.61631979697291
30.005944678381
42.91733926975229
45.77803087829786
51.8686550435348
-40.82419592577345
44.301198969210475
48.07850759530061
33.51433258719349
28.338391580610242
38.68085240712972
31.21477388607239
-43.706688229695175
-33.04714528153603
-35.95490178245313
-39.29273823122983
-25.021215779751753
25.83057698973765
-12.56963127390661
-21.328027446364583
-24.78029178017437
-37.9000620593563
-23.639160852313033
7.979478677627941
22.945452374339112
12.77088778366537
-20.333399525408606
-25.057709335122574
-40.63538165027504
-24.68201820306106
-24.461960593987072
-56.26790672149313
-51.556944831566604
-40.92958403316582
-33.0754281412785
-23.40418159138381
30.457914196381417
26.434258966407462
23.11139341177482
15.688939707690748
12.887393822419426
13.577494485290817
-9.61905812611366
14.386493905854955
4.072222662721356
17.718810576248103
2.8101576601062264
21.622665872431842
-35.06507172475381
-33.066109773340045
-27.132174416714886
-25.55373145314322
-17.074969977140942
-15.155422901144863
17.372018308605117
24.891201527789963
13.811275463234194
30.557737441211604
-31.738496024471214
-28.80668693223171
-32.34690771218916
-36.51707214905321
-47.94151302264246
-47.69288453397921
-27.56210849174732
-40.447735280330285
-47.33626281380189
-41.83080196102573
-39.77358678937207
-35.7538395455744
-40.68275341967158
-38.58493163281652
-54.51130133348544
51.749021174237356
26.02018868813509
6.5187627631694856
10.962283285649464
10.935781941602308
14.804184415259733
-2.624437822143134
13.445548922363646
-12.863995151090487
16.00894595204702
29.60942239546066
24.894864404376545
14.241198288474589
16.805225337754425
23.389667089320273
34.41798005326389
28.48863044307596
29.505683664735933
16.379656429988824
17.97013434746844
17.933660478826845
20.159680629312547
14.185873545367228
25.651764498241416
-20.769794537303877
-14.855706090864903
17.538185474558777
-25.030562587220874
-33.37183910447444
-50.08065649747677
-41.09593782276765
-17.79093391148196
-21.36407347279298
-23.774634638260604
16.709407394532903
30.178572555255254
25.970958785111158
22.123264130283797
21.738601813834734
-24.06847762632012
29.177276602116347
21.959390384826307
-17.651555451074056
7.7944389825457
21.1316181943771
-19.519354107037632
-26.1218517316575
-17.94377546159547
-13.21840085249241
28.928514356473162
-41.19328445860451
-43.70737996344082
-44.839957749128395
-25.42841260437402
22.3394467041693
23.006010146812024
18.407847640436167
-29.84694904701103
-22.698951261110995
-18.320948320194322
-11.211022687517884
26.15229444414058
30.295636928471183
26.288602662837715
30.233623025102276
24.644910906922224
-24.968446034531564
-27.47808348439199
-36.86184546061404
-55.09751575575894
63.81174959934165
-58.00279090760833
48.43179364416885
-33.43877205318646
-43.39963820159538
-48.42314029382389
-29.088257003505372
-31.799608886754978
-21.388362816532705
-26.516293896071698
-15.10593834751287
-24.89833821313366
-26.087946310592695
-19.266819047705656
-35.972358138634426
-35.13048176140367
-15.306745554912366
-20.94873055965411
-5.92820579575104
-11.76013766450593
-29.34591575369659
24.978488155068398
20.073194153853507
21.180290322053757
9.648889065038222
23.438816094779025
52.947413137025315
-30.32876876253558
19.0934374917073
11.604042876981095
13.254966213341255
7.936597175381086
23.855273475666163
15.748287861343805
-16.662504998572654
-15.353536443740985
-17.18730053313234
30.969118936322168
13.07589306273861
-11.294376874023998
-16.73799528664482
31.191967433575662
39.83834132693076
-24.68020852732042
33.74710420079064
24.81765774291747
30.245318831446543
-23.795229016308145
-16.591869476575216
-25.396238815061867
-21.310296273121693
-12.233364779112888
-13.102847724980272
-9.282715704757576
18.18015549469592
-18.478150153385872
19.352943611610424
14.915724264045359
-4.958665287870035
12.149723516170251
5.059889661739339
-9.685878990495151
-7.844304845247523
4.564180802137561
6.341065714487651
-5.1919459249532105
-22.300542582655126
-15.93865817645936
21.8177220299954
18.617190645271073
6.827090155905573
6.949908441985773
20.1061446770771
22.908168723159122
32.14260352545091
16.035707004247097
24.38980730870805
8.64548727391524
-18.75237296314764
6.772109559895441
17.888856260747676
12.580239110580777
19.26841918394712
-12.974443637585326
24.198724861778597
20.351821751061493
33.1123796887985
32.47714879944481
20.21263623177718
33.82959573318339
40.370064448030135
32.61506831611081
35.35977583889883
44.824720349843474
40.88867658640664
36.44307369523897
32.94177200051128
24.967189208779438
36.98118365209024
34.43078312978717
-25.264511766177797
37.702628161345224
32.78516000222823
-23.475285108106277
-32.48120111236451
-36.709483400925556
-48.563021473691066
-47.214000009057465
-59.01810036566193
46.82663897993918
-60.974845108890904
-42.504055769630774
-51.63928637144586
-39.733267785212334
-34.99427833369687
-41.364067624185545
32.92666016068959
43.9197979497862
-27.992948757309293
29.81070668771598
-42.632016724450025
-40.82318198218091
-25.863533839740313
-37.89897590769308
-28.393838071385264
