54.994087344834846
54.99379719877137
66.31077995897827
69.83305725999087
64.53364379517281
61.68586994861303
67.3389736654855
66.44609415387447
70.52070033295931
69.2291619030206
64.35396529985725
67.90163958986825
59.92867096650296
61.66037770499853
59.971958131942046
61.68050827473204
55.371101436077936
47.21507614474349
48.33895146881961
50.34998829914408
46.857588344457
49.043498180085344
50.57279878898396
45.067852172109866
44.05989851766928
44.92544897295372
43.72608429817109
43.391951564961204
40.20507164858655
33.69871082324941
32.74270396699904
31.482358236920557
27.749327977999524
22.394853196722128
29.302965932089823
28.160695444852223
25.845338044187372
26.022399656566
32.235376139199154
28.12753210857045
19.243878478717843
20.404790655071206
18.56748737601428
20.902116186920786
23.037581269774734
24.17442036699078
18.16903199289052
16.17741268958074
15.142263843297684
14.213208741716757
11.63906812126106
11.070148241429417
13.247642036409463
11.774535972131398
12.78508252555773
10.195338749047476
10.586802008977433
11.855969259208004
12.235268083182474
10.684494784255227
12.897678051518003
12.855433156472134
13.133913967669994
12.312140622657692
12.516966141512105
12.474004581708355
15.71746384790432
15.752769100159107
12.358774611693999
16.952719860958933
15.66708191846348
17.736101857261414
15.049411180286446
18.141844761044485
17.02797209749777
18.558052990076664
15.626597549118884
14.684145052716255
13.930433301717288
12.578861782377476
11.489615911794878
13.250685353344322
13.065997724181699
12.509421597992167
16.205285979041797
15.819592602959391
12.84109745563283
14.579943488144187
14.805910973106743
16.981416585677124
13.599856448365808
13.942849377234765
14.636057129395525
12.444743468528976
12.42003765077512
11.737309537630457
12.501280917889948
11.891541513556128
12.968667309268453
12.467048529832589
14.568009131112268
12.481779653137002
15.929638370987163
14.499062757051503
14.108987684775306
15.055337807275995
10.657170922462061
11.84855358174596
11.508740195199485
10.842677759282532
7.123341211047146
7.538947892171048
6.282221741306549
6.963396824228064
7.986153846421014
7.275111554170106
7.094556396398808
6.993537457311946
7.743976712711388
6.804971937434753
7.7705319336222045
7.458293462349246
7.2237438629994255
7.990159076707382
7.0401479766300215
7.7285942675784405
7.217165012019254
8.036132577813499
8.989227502951207
7.021756004601899
7.531644329089025
7.438078031262241
6.852836969709763
7.120693210506478
6.8159219599414325
8.603605519420915
6.909805576937146
7.176087756345711
6.591974609530835
7.336138556321696
7.2000927600603655
6.935726491284824
6.779127814133139
7.243602880305047
7.441276347961199
7.307663833680879
7.088823894054651
6.635555147675055
5.8289152756785745
6.272805175371221
6.149160335206923
6.767412543982647
6.9461039385282115
7.365778245266091
6.89248080608117
7.340464057840953
6.305376814183987
6.706290424652491
7.106744596258033
7.7735492834917865
7.008893627473168
7.4006702353482
6.945374761963284
6.95096872544295
6.9998921286131415
6.8362513095073965
6.816730291925005
6.924485437968217
7.53390134769324
6.984246089482618
6.977088661774994
7.045154040703562
7.170626978252361
7.3152179164094
6.903809499689743
6.296557484080188
7.185018958340245
6.710168449872408
7.078592664753715
6.9086277975560595
6.804470198630006
7.951114307784539
6.789285750816326
6.841564669193426
6.426402809541292
6.994106318990063
7.095476109954389
7.161433766833731
6.932464278781292
7.092644532390384
7.169047527425267
6.770565869709126
7.438500848939999
6.965448493560286
6.978155440631156
6.735193093639676
7.820929760554505
7.845225305252234
6.97907975229066
6.933075515881017
6.939410088873446
6.216581314604214
6.48253477722496
6.1621973591117545
6.819464984570745
6.692923596671779
6.833075609360165
6.53243702398911
5.536036980749463
6.342132843588338
6.2290926869973555
6.633248174674052
6.356569098347332
6.579635337388552
6.648451742204028
6.263518648101363
6.386305697323347
6.405177090112077
6.583414111079042
6.718520786747041
6.892542990236665
6.804855903993512
6.667138038676664
6.376115117359308
5.963181856218616
6.040428183384783
7.014994121335126
6.716745477325158
6.499987933331369
6.127427476640794
6.821302225890435
7.213129121673201
6.9415841309688116
8.320676303043467
8.133059114566281
7.406679810503197
8.212645643876641
8.582715045358418
7.626891953035303
7.967617386691608
7.496328312960977
7.355789773261192
7.06634526230197
6.751196336381943
6.622538369649567
7.048728570287265
7.097066469296298
6.879258120805481
6.890909259573133
6.702759655518738
6.942027509049853
7.520060787839887
6.572618090923556
7.122011924956785
7.056927619448708
6.774997327419036
7.22933387332708
6.948953501925333
7.179979507205768
6.758121007948421
6.318203151332959
7.254540889262695
7.367444646321531
6.8033383368352744
6.885538916170576
7.3254907772483655
6.878272078928037
7.901097773681529
7.253670830488628
6.772730163546618
6.638221801086535
7.912381396846209
6.607756924908975
6.758148098316436
7.028073599405188
7.659987085649879
8.974165969303208
6.75937859000628
6.568230249826468
7.606308025780179
7.606675989441186
7.717695951093551
7.216081655656944
6.625586371619618
7.229453175946408
7.019490047328786
7.169739460317738
7.5648021552895885
7.269230612906418
7.884159498016504
7.0401190123433555
6.8282733451821604
7.208526604125373
6.712110936577165
7.261339789685426
10.631282606122367
8.86561526589764
10.332030835745599
9.945715091471401
7.692609584548553
9.202560647204402
6.775703468374083
7.038930252235888
6.800961496692938
6.173716568338009
6.866503696978422
7.107073136977657
6.357055951172449
4.840741215158476
4.815089742770151
4.409731855379852
4.327687907775996
4.441983232927719
4.478890362662087
4.807434867329286
4.6471547500938195
4.478813035576172
4.846917574481977
4.612142633010694
4.299171275833892
4.402672812520988
4.534542431956025
4.500603701720102
4.494046759270809
4.606971533883296
4.688193158706684
4.472367682587192
4.777355438620113
4.496536280701615
4.376288414099453
4.436698640567068
4.843715779990331
4.649234711176324
5.668856729081584
4.98104158334949
4.648520827736119
4.440148595867677
4.703832374977251
4.969961903207443
4.752208239011162
4.749111702070286
4.621085519984039
4.670384015883758
4.50848868155148
4.830847633126995
4.670355509033489
5.051743029609006
5.1855738743941915
4.578892244541479
5.7329593017544065
4.7636146711393
4.519318832254039
4.614585729376397
5.645391418763105
4.417592619301127
4.311326228594197
4.609011298624637
6.035387729778418
6.004360427788775
5.838047282780259
5.1884082498055335
6.729222104181774
5.840617370224468
7.36302593728725
5.3841329823717885
5.515826413665454
4.953700003003216
5.994928332177086
6.5486475901551415
6.93281000763484
6.950830842679669
7.2594796004250925
7.137320264268546
7.584704698406953
6.871718445688583
7.121743083039596
6.734821785725816
6.957654803687551
6.477069281869503
6.546646312801723
6.988423152834781
8.628595310422252
7.71184166408637
7.326406631351415
7.155288108502834
7.630625124900744
7.614270016203922
6.965175415873134
6.712381521612032
7.42437887006831
7.049318490126045
6.833111295817137
6.980711760978995
7.282057704450305
7.026351454599263
6.866821632567197
6.419624752643943
6.9645617091026075
7.140488594932834
7.7452589210366005
8.086977229391255
8.439002917607887
7.243689850457205
7.235397326190521
6.873582719138586
7.274376389199299
7.033555448794646
7.017150752454338
7.881003793844846
6.9633741855039
7.020552899265436
6.719307562897001
7.172903329327576
8.209986561716233
7.18128794561315
7.78941640487628
7.022309538605206
8.980347804169195
7.590848271690112
6.9605474433901735
7.162231945491484
6.88708217836067
6.9315085121683
6.956219977849735
6.329565362427102
6.406093833487698
6.64215745743847
7.407564944743408
7.082235599359308
7.107134473666769
8.203043426071
7.772115305816582
7.065482701033568
6.877849159975028
7.108758971860202
7.100697966202113
6.911464421276019
6.731528313817877
7.502616965111252
6.851283277513721
6.956901483298199
7.005942317481654
7.0577343469960985
7.040854269445775
6.825655616709757
6.513741048957337
6.709155113019804
7.446314757951583
7.559016660681071
6.961899412672057
7.061451176968044
6.1926959259469205
7.089583564815426
7.396128211529259
6.78194216312862
7.31676307517833
6.809230064003754
7.11459965163299
6.730255717210893
6.541061698029026
6.604467878359028
7.260590111286102
7.005356796258717
6.998258447081624
7.168754139777341
6.911758571455978
6.85047112003199
7.240482249371575
7.359838185307794
6.889972177794882
7.219383685177543
7.136484676487592
6.709645987517173
7.3442565057448
6.979917628911082
7.102435625266713
6.698873470015914
6.5323937398096925
7.208134678127674
7.811580616308132
6.5675535265345655
7.422739199327906
7.029791328605928
6.940117201125305
6.932845128661599
6.893688887189251
6.185104084927983
6.172166163827059
6.525361253073764
6.836683656216192
6.441660931303038
6.843294550855292
7.063030878932493
6.9282719735904035
6.88160475636362
7.181751462396931
7.474810226897801
6.95334757328778
7.141936380426177
7.03480618957556
7.153425772077925
6.676818564730742
6.630103971439684
6.879008808933407
6.926237860488051
7.171826571375081
7.467181745428323
7.15136294291732
7.913295176184455
7.118497002816689
6.691256921359574
7.06365926329517
6.760911470403374
6.957070120571256
6.956902885010172
7.820920095901478
7.76426418556828
7.351425456597113
7.037208704393148
6.587958615006332
7.352126973335645
7.431137547768304
6.956383868628875
7.341565636503682
6.930244271499971
7.01374210870304
6.783727203209832
6.719453070011089
6.778018705072183
6.989032781111108
6.682483033197455
7.972264584272797
7.488683416984176
7.708607182018041
6.561326634858384
7.038303524507522
7.1500129975144775
6.8125321686484535
7.098944945610516
7.461310616231332
7.650621187452521
6.823677302193505
7.767189396030369
7.22043515065009
6.100643921364956
6.821640837223764
6.53880727037354
6.3650477713752105
6.6324943414864945
6.661823890532371
7.005691887869801
6.80235436390837
7.041264062215239
7.272103342900909
8.878626258729735
6.821767738041539
7.730788411497284
7.126628086612816
6.9308291259071995
6.84124808170775
7.047323849696846
7.097746913411154
7.008063701080763
6.901511385133482
7.088248912625344
6.506985774043375
6.827029767355233
7.378575202292443
6.9170895880429475
7.050767499101135
6.613437911310109
7.095298789270582
7.056937592300145
6.916952881627907
6.863279469887716
6.724024712078127
7.0855700855486585
6.29672506636621
6.478704478218908
6.597837324261199
7.809880868543615
7.236680159159486
7.235068518656467
7.031092104168556
8.78958684348111
7.332757845491371
6.6252140302830815
6.269894060516137
7.396535007528356
7.061221791373543
7.1093761627438585
7.080447995311122
8.00108089597375
6.418706005335818
7.080738074200322
7.098612334355458
7.642796811743218
6.895643586148243
7.04968508730527
7.238781126381536
7.389396370186556
6.899799025018713
7.25246008201892
7.3836631228441565
6.5162280591393245
7.594869142858323
7.334839188984327
6.890584313659394
7.841744710848317
6.7025797938634435
7.284732727888922
6.784658436299438
7.0633105021693625
6.709596424104521
7.493784500353138
7.178588958154848
6.952057053247876
7.062713297377129
7.32266850826736
6.879470672046832
6.7101861964095955
6.749338211810089
7.347826347699445
6.173213075459159
7.316917210884611
7.154805002975645
6.782147560537484
7.108826671613939
7.134659327488638
6.839700853992262
7.291566058675561
7.424122276050761
6.925373345869875
7.284601803807992
6.976206593937542
6.981603539911672
7.00211169592617
7.011809034340322
6.736523038351793
6.124983526122868
6.629660439923065
6.0595704931558645
7.035257467700094
5.976177346534654
6.235490307210877
6.3727809671876035
6.2916186451267855
6.0595639707413875
6.2387585386955715
6.309171925692693
6.222577336457746
6.240908603948722
6.149836786295009
6.166182447114599
6.371727523454491
6.1278586537848145
6.529270287688303
6.375796784389308
6.123165831773773
6.719116974162356
6.87758157411414
6.274786143359958
7.070459082903223
7.2873806565222
6.784439015906212
7.066938170592303
6.992227332955762
6.671188534948508
6.7961379593811975
7.04491706269169
6.427581740464599
6.858992300199345
6.359942464300095
6.325057806831831
6.843308324482684
6.102194862422702
5.790890170815272
6.573175272538699
6.873696456721668
6.575851383248619
6.082179487015872
6.280234039626109
6.081713871521887
6.501265090648012
6.367381326708294
6.7442122241654365
6.099729460883904
6.636994021218208
6.498277115047609
6.588854138524541
7.054335171456303
6.18461716424862
6.058749214088684
6.081523381749242
6.28871674283335
6.0316362097228975
6.341548076854873
6.34681867587245
6.402131062740155
6.4421028671104255
7.028394876382541
6.692438927468744
6.853019691665546
6.751134935781408
6.54117916299727
6.399864137787402
7.332953364679259
6.2743030477579955
7.609514988112926
7.232023959530411
6.670132608887624
7.040924970980545
6.578113920227397
6.577511925680657
7.437898417617523
6.423641265157353
6.578948561563128
6.873428149524348
6.4827259049239
6.450427246309601
7.210652076697422
6.951769296939368
6.721493621299429
6.60793998096418
6.367837740447231
6.282569827244931
6.470695861080143
6.379624799342458
6.450941760598389
6.3590664822409835
6.239133278353436
6.63631943996211
6.881837628679032
6.503191250786367
5.737748257315102
6.598366463687741
6.333464850851359
6.835619944534373
6.460440838232851
6.907046927164182
6.74675036269659
6.632852850030046
7.00787087972384
6.696511446133942
6.495981643530093
6.60600148870326
7.009358120301566
6.320285027123893
6.870533925554822
7.263368651322569
6.797260914077779
6.85316856635083
7.096705196275666
6.451813113621578
6.956583335174656
6.791340801670521
6.55807332657364
6.350840504873603
7.078618471837405
6.834018475399322
6.46257369193954
6.548564226890957
6.625252416031893
6.453604544283008
5.987788928669941
6.224298451333862
6.961604270533735
6.882211083656278
6.296403252925016
6.561296452927893
6.507160640494591
6.3505251104475775
6.550560005199363
6.68266423897136
6.257191804874784
6.625701712720613
6.533889541928196
6.673982016952135
6.960107558955521
6.541645350303466
6.664665178976195
6.214342839140738
6.5801500053188295
6.239389369808141
6.153959837925554
6.298586595045887
6.807790705065471
6.165286666732634
6.701030440855848
6.549734815576918
6.589583678894259
6.2508881274809935
6.16324802470449
6.237653504145099
6.641956444829558
6.210353412139151
5.759468168142354
6.840447094657816
6.104371489696124
6.217046553488558
6.2349536525550695
6.453687206813128
6.385383223794495
6.5186055114781505
6.036203441359648
6.2702732689383875
6.199217091942783
6.407863365941319
6.727952823388261
6.612016725409473
6.641108654200641
6.2758823995597925
6.178803170051178
6.332773624312471
6.1996212837222915
6.645695243170237
6.500046529168237
6.977569547368707
6.6538604174325044
6.4134428846138185
6.127125815082746
6.9432617906974645
7.195940883180039
6.254225756430658
6.679222065137717
6.330506569747014
6.884900919105065
6.868902953059508
6.969400821431769
6.654556593685339
6.610450448869833
6.709240971656804
6.745144320626171
6.728647955799682
6.410153043327878
7.009193158354186
6.0714454122640715
6.689206652531857
7.330787840899324
6.678374627409823
6.921708214609063
6.87597081357416
6.614973725832254
6.95939663675858
6.661042030588492
6.528132030202768
6.562866620524712
6.951142741583028
6.333811832719013
6.656916212444232
6.888899854625261
6.452355165584468
7.065705233559445
6.773484417870822
6.363348879920224
6.9481440058291595
6.09987278342997
6.567525291923661
6.381727214958727
6.679636593507129
6.3914277387194245
6.5245231912639765
6.84299849173057
6.953081505723674
6.330024559294275
7.160976094056672
6.865671542646831
6.477190982900265
6.904245558647738
6.522271476851423
6.059680469528788
6.469978788756198
6.240192599888505
6.547608525133124
7.053378085736723
6.442889419735495
6.5262636921749415
6.717640747414423
6.80238518372743
6.310401003985069
6.658635861789738
6.7509239324411
6.148295541346163
7.578765395131745
7.24706628160727
6.762192946007667
6.28106859963312
6.2803895097894475
6.381902544132163
7.010884380892041
6.698673691443307
7.026625027514718
6.842331335867781
6.605019044675762
6.397241544724321
6.799531828114721
6.627784238293329
6.598786888480786
6.565392449428035
6.615147697220664
6.956287067764904
6.920214021742786
6.3771253645013175
6.073502922861326
6.388532110046728
6.148117066628517
6.30673656523508
6.904459635289039
6.284047021106675
6.597852287422595
6.900655777234073
7.014428751257617
6.38420886576718
6.265863470899266
6.840266560543246
6.702934353875397
6.795290808853199
6.494967442983348
6.848188519507626
6.809132045046993
6.961951919981191
6.422664297267008
6.4603371087654455
6.132781754533815
6.318015648567351
6.340770633019309
6.018554786787479
6.37677682183832
5.980730788728009
6.407349838416229
6.496561721719524
6.616218199048509
6.173297623305147
6.484726915559525
6.638849962642509
6.823856784203974
6.554852198166619
6.544201231966161
6.485920305938247
6.167827918872004
6.776809409678631
6.385575923981922
6.736065773768261
6.871356436763615
7.028514189810451
6.4132470197592175
6.07756310412326
6.317752588867608
6.359117761408443
6.167236082969895
7.482962304139919
7.040508154199856
6.751906557574886
6.437799797696949
6.909637571826428
7.046251529229534
6.5790615397183485
6.934631635069225
7.071819593441819
6.621380738643785
6.525623643485587
6.731948347510038
7.490466710740081
7.2020046868010725
7.032651324024779
6.622567296587132
6.6222912837394485
6.91303378537987
6.599440638693012
6.328121602556181
6.2197404768455335
7.559162033255257
7.055335499765442
6.9007642480105975
6.284302523397709
6.276024258047426
7.022746601885214
6.0186604913281485
6.193014277022521
6.477324877055564
6.378667260383874
6.349164341581017
6.433502082280992
6.607115208968663
7.221591648538388
6.354626902160972
6.1245001522588876
6.842862249363837
6.228071795339369
6.548614448535186
6.611418159647151
6.484241703362477
6.147425139984716
6.378290710266918
6.616627485727161
6.5161567230003
6.6400796218274065
6.319698388003969
6.470505899541908
7.877171905098196
6.980798292494606
6.216292512829345
