54.994087344834846
54.99379719877137
54.45164533253376
50.603860425095014
57.16745106014001
57.63490179781025
50.69476761164091
46.90709322141166
44.95883718364983
41.40369182006424
38.27748641873006
33.96258317266344
37.552283711652045
41.178090069152624
35.773529477267296
39.41747165704692
42.09843923931464
39.43457265515484
34.6528810033285
35.18903826331815
35.253693639193266
39.55890174275335
41.57502586594808
39.04774531012511
44.03177497309808
42.665209265469635
38.672834831580886
39.42558953152336
37.48223015182173
37.241432637011094
30.041723468551496
34.084106069136375
27.40374538125099
26.61319659832751
21.602102054961193
30.949749932602526
31.662829429728014
32.89438174886631
40.286005670313465
39.68483079167171
42.98794385215007
45.293314128016604
45.03788218052119
47.98947342307895
44.09432383936974
39.013287283612144
47.919296963085785
48.36425953078739
47.12884469521896
43.557704898118196
49.12560601296898
54.701010729431815
50.334497118747436
44.699961286884395
46.4921452807474
42.72433352010007
44.35490639725893
43.8966528745922
42.23023277085602
42.50582324788688
42.72093514943661
43.4180276611669
38.243193533081644
38.89362349588413
41.2350759181595
38.228229649734565
36.5443087975529
33.586876298965244
28.696645029877104
28.169808441331714
32.81893047144115
31.16804955353185
28.83852489924619
23.540335264917218
27.94675778933764
30.37179127085428
25.121535839162853
27.531386541304368
29.68706459786731
27.274588398801157
26.4599959220189
22.678628228521028
20.528228611045403
21.60240966470513
25.459408900078063
29.28843019143289
24.555051044115526
25.4385408726593
29.59542480033034
29.88508750735629
22.69074716133746
26.757476585758322
25.104049412356357
23.289139386879675
23.953172262817095
21.663916669575254
21.07660922948356
22.09146065760739
21.703472851596192
18.502125458008734
20.67964056287859
23.246698748491262
24.079625807705145
22.713298777310417
24.80786470935403
23.186935295857616
19.724933916140877
18.072089487572622
17.17789952086828
13.777404215142875
13.39510551018963
13.562745270187316
15.74646193889807
18.641437061755656
21.09449646976857
16.688295049458198
20.889734341929366
24.655840466844662
17.77666006532108
18.883051051197356
18.207834668086623
22.6151457572231
23.024628091004864
20.271762905735812
21.73004578466998
20.71196437560719
18.503143277085513
20.910703941068817
17.355968549037204
22.346626707518666
19.11751714196047
21.429383959921815
19.16627250497035
21.204170477856557
18.488336585597306
16.533781854276253
18.302455316041815
19.452761272945285
18.929577304966866
16.602746361829634
16.218842974613608
15.22997835846146
15.227900455017073
16.772419143896943
16.641990075146303
18.076196123926316
17.00234768415047
15.756369444749867
16.580031583356703
12.126867880219253
16.038198898204108
14.417961384005128
17.046016437297236
15.290054219466466
14.208444304120674
14.675422779703343
13.920057806031137
13.560370157869684
15.207011072721555
11.828457291446641
13.62087349541733
14.67049734381288
11.528085017474053
9.866667211848194
10.463827719580049
11.091863189000053
11.220102361386045
8.723060926506966
9.261665077524965
8.563814537396725
6.421524007974728
6.2627447509211205
6.933190344775523
6.325701019646546
6.450819100444589
8.058697674658934
7.976196013493294
6.164602093734438
7.500390427216049
6.13052120775763
6.134898950723217
7.1907507638500565
6.589948651622955
6.988857714522538
8.184006104329542
9.767387754212175
8.829519928521092
6.900419409479933
8.423990243738693
6.8849318067869145
6.623475716529946
6.627301717857661
6.640958839005537
7.224182603942578
6.553639484570431
6.293635774080366
6.5320333586729875
7.218753364295177
6.496354167105629
6.46396804521593
6.2102670772714434
5.6741094083733845
6.406767524668379
5.663534103433275
5.881818159801481
6.122019822669976
6.575456585301824
8.790540559686123
7.199761356400928
7.119586310830879
5.927462689951216
6.3440143283351125
9.243445435394191
6.571872508911191
7.040215541588081
6.5637838685546
7.321073262565563
6.861553341023449
6.242883695932258
5.9093990270358265
6.0464555106409055
5.958567078621161
6.263865402596506
5.970439781063222
5.740694170097024
5.8999883063059135
5.598745864980514
5.437347196951761
5.721582366743496
5.762891595939098
5.7694196086635365
5.602894671452076
5.523464476980802
5.711574818048309
6.087014312443494
5.797014210866738
6.264817277939646
5.519910275086875
6.0977467440159945
5.9355636138555345
5.355971920669537
5.651683625760028
5.930481996059155
5.388276796402859
5.503111101655707
6.074904390196664
5.994088581412553
5.399156609935379
6.012293615491907
5.691955287028765
5.943310871190631
5.736402122124011
5.588975168636664
5.780852454640745
5.78728299694139
5.7482061212379465
5.559805375562871
5.71961359422613
5.861165216407033
6.045424737664348
5.654943999274094
5.626101844540922
5.816736150889407
5.627806060261421
5.689805576044562
6.527340866923409
6.203648826869504
6.150106305963217
5.580512157265301
5.877337451954443
5.891996167815607
5.690070711855671
5.9493906711858235
5.810697896223467
5.579575177372032
5.751408967600491
6.010325859474855
5.595744880406107
5.788710395743119
6.629147492382813
5.653911622072784
5.31981147212279
5.736396747744823
6.345398583238811
5.491988351450112
5.9129019942880525
6.04728003152294
6.107159822444108
5.796590440644894
5.7043351862131075
5.861072026728092
5.953212145876203
5.735413327617579
5.930962436324565
6.09866265847812
5.698624710319475
6.447643741691087
5.987732951421517
5.756148475970911
5.831580838723566
5.840749083504904
5.8812266100129795
5.895319185245091
5.6519589340021925
5.708646263976994
5.821540978336372
5.840114338304156
5.52661187754251
6.293025824630571
5.6062460738431765
5.732094480900957
5.607546935908613
6.100129539601483
5.66049825390873
5.951003386609616
5.919827066107856
5.799822616792059
5.755022554522671
6.191123715105824
6.405931352668931
6.194962109991166
5.533537009695066
5.655867720932924
6.320180103684062
5.895470163551937
6.7508885506685425
5.976813193440064
5.872279310674636
5.4304103842458575
5.986807866719121
5.842181737970695
5.69353678994019
5.573631723801381
5.694283455052815
6.139337694679025
5.471140473695023
6.13549082170438
5.961339670505911
5.741350581222762
7.540523794292183
6.206567313170437
5.919118049216079
6.565652612386688
5.766208174199347
5.379750117194309
5.7602371023273555
5.896724710316465
6.039037245044022
6.533937927226355
5.940371455426553
6.0112390624557
5.744005288944384
6.002859007272876
6.166420040101471
6.002853279398269
6.965240242829741
5.998912364469073
6.041800190192371
6.224070558093727
6.096980738403103
5.7215106463549645
5.776768531749006
5.811000403093499
5.380119826799013
6.140020590253024
5.805083744247176
5.69824134459092
5.789863172549745
5.831547389076793
6.06887380312059
6.427476517012572
5.902399102231389
6.767490153401896
6.292755274677114
6.095507278919326
5.999227493302304
5.691901030761583
5.951153916135734
6.16713230095009
5.972043698966857
5.997848441763202
5.843387874152669
5.837098601491599
5.821678113257422
6.041028725588807
6.019357264197571
5.765715040816558
5.898515488077866
5.901396569890593
5.648784534116784
5.821378669269494
6.151458717442964
5.8416823329429635
6.375496224313762
5.97181094378146
5.96975714526702
5.8480344540784595
5.564026674959469
5.708016138215005
6.336023982168755
5.40573409578814
5.297821293857845
5.390132658134125
5.533382719807379
5.576103464123077
5.616433337549778
5.564589649110851
5.373369028172406
5.68678730085526
5.727339905760009
5.450446734056436
5.779805846152388
5.750791267300127
5.905312392976736
5.694419788693834
5.490085604039755
5.804369391038734
5.682901328292085
5.80654076787276
6.259459695580726
6.157858069944815
5.573154637188619
6.501249301971206
5.698538550173091
6.017261648975946
6.4941649797863965
5.744201995525071
5.804583787955495
5.972582894043272
5.974515955958849
5.653143380725639
5.808122508720831
6.041575552653142
6.067177578994528
5.816919542279326
6.757639540828016
5.864050519079399
5.960412892668625
6.404701991677366
5.306813595743126
6.451425818763592
5.476107910870699
5.758482855047273
5.966924229170893
6.442522540485594
5.467104545877837
5.714068181081638
5.704523228961596
5.751980155973043
5.576328719925962
6.489761937705621
6.136086979935185
5.87621425931431
6.207551644546548
5.7319269934800126
6.314022316573431
5.789206974739526
5.8163580118928015
5.9560085333662816
6.377379105595179
5.799618133287325
6.064754062193393
6.37338586789571
6.942071941393796
5.904915852536005
6.358944880541226
5.598479395452629
6.2890112023513325
6.164303110546044
6.580107770195201
6.561444160963982
6.431740653779365
5.649518675701542
5.589350963498539
5.736764381531307
5.827733397014006
5.608028785849884
6.386827431087504
5.59217786479668
6.4096019765207375
5.834904772088394
5.566597055791685
5.8380696896574165
6.149389863993623
6.181183011386631
5.934273998663063
5.894733873102314
6.039438472631969
6.29748549737661
5.74641898444482
5.793350914590588
5.920090264632396
5.823052237493513
6.054452351160057
6.072464212892537
5.885372242026752
5.767931339485226
6.574719510317135
5.536312921947931
6.150158613569897
5.90815836143186
5.843452064321777
5.952330735832217
5.434481221805047
6.126814935118518
6.128259662725266
6.122166202284174
6.219841062640162
5.881041295964649
5.694214714986107
5.4647730606455776
6.041473574888553
5.7660375464633375
5.80571780154962
6.047897116183972
5.554117946378601
5.428182349412343
5.734037861559388
5.744424357738956
5.5145700786079415
6.176862630286936
5.829089950010269
5.910089234652687
5.731090789242039
5.720707264124165
6.117062358580334
6.045801199363971
6.068695585515423
5.944692007732588
6.332327197167651
5.8044073246352275
5.309436398329167
6.283561490894893
5.695203292600609
5.853056732341278
5.930295852662534
5.955199142817903
5.591862621260056
5.578186817615121
6.023679028115626
6.488829822790426
5.570600129542187
5.455463283670483
6.50588329286422
5.732236921105982
5.890826053020917
6.720348440570816
6.115929745636652
5.819312848477518
6.016857923752902
6.517786203870098
5.986056998699596
6.032931778895042
6.032450270126547
6.141396575826901
6.146185069907953
6.052294789286582
7.222243131303946
6.003382366002326
5.700410904381534
5.805569130364856
5.698029744459799
5.766835528497684
5.949522955531019
5.750435356163671
5.743160215491948
6.07287509039548
6.1202860142007
6.024587421164574
6.036952257022096
5.403072884255402
5.973626649273507
5.931809615192358
5.931844689072638
5.821806987480706
5.420339348037383
6.008025781999946
5.76181773904096
6.408138275781186
6.005751015357502
5.677233326072906
6.100727443516031
5.410400026005455
5.662825813013156
5.804763115300811
5.569870548272665
5.854912174240972
8.82757281505088
8.556868488469428
9.30845065624847
9.695502638162894
9.59287566590898
9.308065158254538
9.42832859837855
9.631207215001522
9.739552908028065
9.926035654190754
9.463142985648767
9.776312711556313
9.524442998113118
9.14767423700817
8.722364237648973
9.36368167014137
9.257945901441605
8.970921812493097
8.411774165340466
9.391645555570683
9.347398109622578
9.206723145911864
10.231103199012916
9.905056377942639
9.647622271011198
9.469088054496224
8.840972665074684
8.847909681406342
9.899022045953217
8.963718653958106
9.861195051509581
9.22629194716048
9.051671426087092
9.446630565659781
9.535420487908313
9.286372441858369
9.44597536241072
9.813147658981059
9.317066510818393
9.261123650536794
9.739512118099968
9.452330620587144
9.569327407293093
9.977668040883211
8.948545468074261
9.400313159418474
9.632634008537174
9.839601960221367
9.052109374280656
9.151465231366418
9.01536704593432
9.739359261417624
9.224607176232128
9.649804863470477
9.197425311067523
9.478676609382585
9.099032215367574
9.19534371189616
9.187160382872426
9.27100502627491
9.554526607274552
9.691811016015865
9.171507813367105
10.251033444905943
9.058131524727479
9.077025755236093
9.382047889263747
9.833265657594678
9.183687049025458
9.325860145098368
9.338198971500663
8.389765386738286
8.790750150876375
9.033994086330592
9.287841065902176
8.942509862540504
9.242095605562106
9.35063921728732
9.581039738251116
9.462817173112292
9.35633443676238
9.483234301841389
9.338123106605435
9.947822476599294
9.420609025533224
9.947831591716604
9.51302625086291
8.977416409102124
8.79066657245942
9.335729213046255
9.321175067468642
9.343204039495966
8.67567234996916
5.421837049595491
5.634093585342738
5.534485203056046
5.492354131172493
6.184454239276814
5.758102660921968
5.762405238700616
8.174701905580969
5.394613676041705
6.516220867600974
5.844721608520342
5.538432693761781
6.5791808774956015
5.974566956648156
6.095836920368101
5.9787995331414665
5.737626602147065
5.57982643932422
6.087588533694243
5.789989087315796
6.909150354726231
6.159267474094546
5.660390241585084
5.958320718534812
5.648703357542146
5.553305443097579
6.740627821718603
5.591392934070138
9.283102238501456
8.453472221366603
9.488296724977477
8.621145581765282
9.424430637512772
9.664526644432186
9.176247586600914
9.837890802602493
9.350553042187267
9.171652192045649
8.910952586672812
9.034503345651931
10.173067157804196
9.909767592760902
9.852837849056632
8.91668483948616
9.493811812696466
9.469658230145942
8.677219738470331
9.256711732342568
9.220162863748655
8.71371105238298
8.775588963921768
8.45767779897847
8.163348527958366
9.041485103764673
8.97848330493422
8.923709344506488
8.997995130018303
9.373821022601156
9.138287234378678
8.60453386656674
9.754461372930084
9.455742135345314
8.672431784479222
9.046163871213018
8.502522292164805
9.11552767062023
8.753698415369904
9.188041215730875
8.32384642660564
8.999389708454476
8.505531339073858
9.655634501472306
6.14673653202191
5.8039827281832395
5.5831194022295865
5.807260031241827
5.377737364246789
5.202125996367176
5.692695402234311
6.116153823784101
5.813500435054899
5.855003002105652
5.6807973703166015
5.13576403311829
5.523975254013756
5.831226223124187
5.395531718857318
5.8141350314483145
5.613070578821916
5.437122116716585
5.412334238052065
5.888167314570331
5.956653301152469
5.285419693480589
5.815546604257333
5.7388476017960555
5.7668943549669365
6.368890719510858
8.279550992744566
9.230219409494563
8.20036034941577
6.721374308792435
5.971067405929895
5.842503937149487
7.092020265144182
9.03178042772665
5.672984722800337
5.848058008834563
5.944262620382457
5.289127182811783
5.8614014311665565
5.5426652958988205
5.728211972614472
5.9839696311437445
5.438703665279034
6.256877198917685
6.7222914101337095
6.804203346488025
5.756634833341774
5.96309533191208
5.839183019894685
5.55346176633451
5.610799217982707
6.059725114675833
6.1346381379993025
6.554224388162792
5.945638832558907
6.162405205994972
6.700884562932884
6.078747910446994
5.858439119116047
5.782386753539606
5.71842840208778
6.289668348553465
6.2806424873850855
6.293400626182888
6.357432591161041
6.076299999935338
7.450157636746492
5.380282171233016
5.5216773746965115
6.136525158460993
6.267202828902597
6.018097835676566
5.901683924420898
7.643266324252998
7.462491723580549
6.189363611622106
5.898125600099197
7.481033001853812
6.84639257100906
6.493520305841298
6.848856032371601
7.449822546346673
6.115211821878423
7.124301220099132
6.364290500647725
6.882675047154805
6.021213646176131
6.533723707451017
6.466720570017077
5.622201585234368
6.069854758655181
6.021590700813629
5.7958067811663945
6.196239268576158
6.264887571310772
6.352586003812226
5.823813750074778
6.466850923410023
6.0390942613174685
5.894421978900521
6.749259812553806
6.345005594584499
5.91829529886857
5.95948029619559
6.050287614139041
6.9175676047812855
6.0922005994688835
6.379800425964791
6.388452955533965
6.4836257192782
6.083267757241227
7.6280719079578345
7.299406584866016
6.033027517953113
6.454661660540113
6.3849535431589715
5.993646034280618
6.841506351734966
6.384881670700532
6.197988989166999
6.286111971911371
6.685908102048831
6.51552868731341
5.95822341063918
6.503105947052236
6.992501766680028
5.9306320878932315
6.630504815417711
6.530444618507056
6.209402074305927
7.103742289814384
6.592215462592219
6.053132797648101
6.899554381158321
6.188072828849815
6.022834409393658
6.0463947341578725
6.343400938373241
6.582955716272591
6.17170400986708
4.610179416831454
4.6445927890695256
5.942602019594686
6.760650290088459
6.95794641431167
6.8520248857798665
7.014231258170793
6.994625490128056
6.762050606849464
6.978922382476975
6.989086997320282
6.987099622850442
6.4455646948192244
7.2981636691058345
7.155419407759692
6.686150825672644
6.842406607240088
7.029448956727904
7.540007924622076
7.1403626796814725
6.337683684344568
6.515171871335356
6.620543010837744
7.0789754649696635
6.998944533563561
6.991496996063187
6.907010189064638
6.306948061469259
6.4249055118000955
4.708917172602718
4.893839713686698
4.355187653504803
5.583147196234933
5.005017144472063
4.340296242707516
4.86335100031233
4.739335875550955
5.074842441866784
4.505759815607292
4.365426670124752
4.3012071741663735
4.392185259169129
4.886666140757762
4.800515425131703
4.512469926207092
5.021443761297827
4.287340139657951
4.504748044080263
4.07869192980343
4.393440195138729
5.439262317325808
4.628184390963417
4.417722797146379
4.5618115025939225
4.908150240786052
4.518833933237313
4.5000449140309975
4.355290520943075
4.278194998921134
4.03069628562077
4.605272866856966
4.247986689504669
4.325698241277344
4.629185620638114
4.531689762109395
4.649074041295439
4.79221575171116
4.7546809252944495
4.697551086249413
4.348480448931082
4.479714610344155
4.4486136818775455
4.41705408944503
4.51093178231121
4.457414095990683
4.579613791596315
5.0292033415755135
4.416968712420731
4.763271837212024
4.563249043378506
4.570267257847945
4.514663965089236
5.363337239514508
4.398346812075276
4.782797824768719
4.337506762028752
4.7068229661285255
4.499087746483413
5.329023735009968
4.345328709986187
4.558625035464742
4.6866081840326785
4.604255944069629
4.467790965890439
4.597581169864137
4.212794136976558
5.57096172918298
4.347300022685936
4.43719992637964
4.228585868053383
4.510204007273216
4.887850983973327
4.442902877482329
5.228940590173199
4.43388259891286
4.3661501945518975
4.479698938183842
4.695220921567749
4.44203991075525
4.822083998430862
