54.994087344834846
54.99379719877137
59.617984795852514
54.55097670311827
57.52251756216408
55.298701907436694
48.70189458718767
44.1357263454019
44.89859590085055
46.92827799131767
42.68949581812416
48.50516216938842
61.613955406497816
62.48730947608392
66.3708235442641
62.32668706677553
58.37173585548278
52.52221577420612
50.31350733977338
57.43995680106613
54.76075422112572
59.46556793820588
63.24884803631498
64.76397651763867
68.45535690821094
67.39851760709871
69.30722269595532
72.63246708952775
69.37465331125725
74.84522380491437
61.981687245679545
71.76629679038633
67.2645699132396
59.841089821377345
56.106215339476016
52.20477511729528
57.01017998183875
61.250282352629924
61.49900724693677
60.20745636995803
58.79596636688239
49.025361763520785
52.30537070390129
49.63718536633155
47.2213005739227
47.02705519531098
42.67282109208255
40.53797382027494
39.77300135529778
45.381564157744556
46.2713216026672
51.24316909147837
48.25383857402092
46.67162416376453
50.84331892355654
72.67445446324413
62.10334416016795
63.24274142595455
59.36482950982159
56.25474728950853
55.24349223095516
55.092733827926295
51.112634593923815
57.13514443315405
58.277442434235056
60.16283110869786
65.70129919378438
64.61680568023728
64.53239547273087
61.57462547096038
61.19691095321645
53.9512434011334
53.439558268180456
54.272974266549596
54.89035331980974
55.125451809380145
61.09803293584014
56.54096991397636
56.64748625849342
59.38908290925837
55.42000275908857
58.76891416217932
54.32237018764126
57.097385721147596
54.245496550149525
54.30813720660378
51.74120553099983
45.70613699148573
51.44224998283012
48.51200499586294
44.18864066130017
45.83342713246224
49.43127443789727
53.42124110295523
45.00598508762015
43.97627666005588
40.71443244314207
39.04992519622605
41.99536058405605
43.17588856037524
43.878022016261724
35.10020240955626
32.989744525984065
26.816775623917373
32.790714579761804
26.230399257799043
24.92357359161374
32.99327359124778
35.24653107716034
40.985122203095315
44.01012291317363
41.49245059742354
45.03500833360814
42.48269259552535
45.012522303359574
46.03325820535795
50.158163917592745
37.71337967892122
34.435355775741684
37.01382543561512
36.644762437149915
43.6021570031772
39.84669744956715
36.88284058725937
49.29539696272584
42.83108368546652
34.017392812707975
34.916513680333665
41.22686667853416
42.22011343085301
47.587704570018886
46.4936624968135
56.881492598982575
54.328015091117706
46.443925454325274
47.20137632733533
47.966481141098114
44.9390959072214
40.481464882005355
44.3151690509559
48.26797845660978
41.669936988057934
44.737283787408636
47.84148912755051
44.72233932426443
50.63651248605987
46.0572718683585
48.244619358014944
51.75235602423215
55.598278539453794
61.48205957224346
66.29305979470665
68.32515098642429
67.93484733528848
63.23190228405094
65.42114660649136
65.64174855710303
69.58868357851472
64.83486856050924
55.443598026887905
62.50646309571495
58.141526756795955
59.271346739297016
67.96466971058065
61.999230181780085
64.71335297925388
68.93266383792671
64.60388646137737
73.19527549411102
63.225095851526305
62.3705068425548
58.18342663402154
65.41132335175544
71.19428417616795
67.41960033279597
63.30653236174376
59.37905508717392
59.152387169733665
65.66360927102825
67.05206938970882
63.60749540305522
68.45231072860864
67.30720933415076
71.71869489294124
67.8854871136329
66.892089401021
60.8501459300883
64.50187017374752
61.44711957237748
60.41924457723075
58.277146901241316
76.71599880127849
74.60906051887655
74.92067689229523
79.35374532406382
79.02705926120271
75.17334394165091
80.94326415298521
76.8483478109209
78.46178162236598
80.81149492846639
76.6208779740878
78.9478757743013
74.22301695529559
70.07091368607047
72.25186875887029
74.38611019958135
76.14772981917407
74.91031264161059
70.9283923207086
72.06052057687101
78.97701251329026
77.87595208777657
79.04309632757904
84.68811508099094
77.81789848268127
75.83963063933712
82.14504455160328
73.3252630503697
81.73709630383227
85.22730704954768
80.96762326340023
79.7860180592348
74.87144955399118
81.97532114794346
79.07827353269452
72.72688360814897
78.32772998645427
74.99233854111861
70.96215002042737
83.07275599221443
81.3705011665076
75.54562292453758
73.61590738747789
75.48316469718573
71.90893400986371
81.88044445779266
82.10955085761726
78.18271813777109
77.62898760066935
82.28786124080975
83.53474364541395
82.079970630371
84.89943033892196
78.44394319670799
71.80205449333246
75.54758176815783
69.36501322804095
74.2299082447156
72.23353052197474
78.1265580636519
84.15808855876176
79.3318995534963
74.32344153275464
67.82634025680166
67.30305512121058
70.51712236358468
72.93900315525049
71.33350237032597
67.37087861826603
66.38105422028008
60.95977242329524
63.66496115847259
60.74375258357334
60.68215195255333
55.58285404020521
54.45098949199239
52.115536758852514
56.363345072608666
51.36354672691974
48.949223976578445
52.38044953745388
59.665469015733535
58.712776190015944
58.77340228617809
59.67903316385294
61.77632578423851
58.63459568465621
56.84496343047226
54.56348548636874
53.69696304721785
52.71060695945534
51.100386175840924
47.92638178427728
47.35415397908569
52.217697898722626
43.70078687275625
46.233024997997
42.4253340338191
39.14369157668092
42.550517630644656
40.63798928427087
38.04708950277994
34.83715288225079
38.5441562543633
32.697816262513136
40.83558155168249
40.71607496238664
35.44769802909373
36.91014531512862
42.2721685374012
40.083764662968164
39.02997549537271
44.01438579536098
41.57777461324036
35.91425576678823
37.939442475488214
41.06132720607864
44.17255455846181
42.82636848922008
42.23702022393613
43.74115486584764
44.29839085669172
44.262391872653666
42.214270963513265
39.896108707068464
31.822943978056617
33.50228954007745
32.24611591556691
30.3063574390982
29.641647948873228
29.16384614218169
27.028996748975338
34.4425506910952
34.47144377838965
33.71204140500024
33.5094825067596
39.25150429754451
37.62937179039647
42.85616140988033
36.81833611088417
42.0122719049293
43.26719610175311
44.2826452807257
45.13399633974849
47.70084358129071
41.18716256881401
43.89193325513987
41.48550225630758
52.01975800444546
47.212670617861164
41.010892983870505
41.679850032267076
40.43858617104423
31.967308699302155
40.68298935656761
37.94807169873054
42.581578290065124
40.37261200697211
35.254157280949705
34.861620481262854
32.44333966748485
29.21527991064845
33.95089614057508
34.19665522619809
31.932964234171006
28.641206829217424
27.314896722108223
30.81313281214983
25.64356245947725
27.101134554511695
23.224040055795626
25.876076109301046
24.98561929157443
25.79371292030374
29.04178261283284
28.79603811930986
28.875682902832384
33.067341509079945
39.20026130790718
32.829995396220326
38.47060949079868
38.3241909747694
35.82230434702801
36.94251743171017
33.85723033911033
32.58609670988733
37.09769268953717
41.31760697732894
46.77675347077963
47.44427388938706
47.66040119200881
43.74205670468343
51.10296720971278
48.86963007383361
51.42233560905413
47.91414923296391
46.93416823605986
49.34116779087632
52.619549531351204
59.063517848684434
58.88906073053028
50.299252227761826
47.54576113238216
45.249868415632484
53.32840377352787
52.48820241005496
53.737406194312946
43.822824981865885
42.78714829575456
44.11172239636438
45.403289476462184
53.96883267628938
57.76285140021231
54.44404054744688
54.228693623368216
48.47641410122798
46.358049304257136
49.58106836793353
48.2184050920969
49.00461422831656
53.52399902256545
51.793175473105336
61.51738989403346
59.84930047309445
59.259357226518084
52.73214368230829
58.77232747478366
63.26552604470851
50.97318772967944
66.14677293534895
52.53726461844313
54.879024276912624
63.788024941959314
61.92308760831742
60.8642685026881
59.45284172053675
51.23986848128783
50.98779128538667
47.05375143172398
49.26642813119051
49.81275861276098
45.945851090314136
37.7037790503011
46.91198315035437
45.86793578472073
40.50860920251033
46.60747384714169
48.70828945135127
48.95838790054495
55.09369653023742
49.994466486500876
45.09880763200042
53.37690748868206
50.2765966872257
47.546311519855706
52.13080854815224
51.693508889628184
49.27846015194011
48.183379216381255
53.68450039165463
59.83142111547182
59.73468820653765
64.41619614985399
61.67503984164782
63.51213597501561
64.88155736615596
62.45522830032312
56.257685642301354
61.17468117561031
63.96738655245436
70.83385171967092
67.33333612229372
59.73149179366246
71.5924086854022
64.02095620235428
62.753941403607676
61.089202680354994
59.46482961703922
55.50123302805377
53.089656167155546
54.02413681761247
55.14896372974993
54.31104946581717
57.18747239896703
55.772216821716114
49.381661688694145
50.08318005824962
48.32927729363204
40.09691458162139
36.44727038832004
36.097109138156554
35.485467352216574
35.53975339773843
31.152653888795196
36.637119558859894
39.257051136061854
38.71379242773151
40.556616340320424
40.95713197509366
40.55706614866105
48.63391455447167
42.63864397445162
43.73839140837473
52.54836724879159
46.370916414789576
44.898504416927665
42.072140883655685
50.14203446574782
53.05705581389299
56.23861940064923
56.72019051945295
58.949286319321175
58.023703208859835
52.3083510721693
51.02507981555139
55.31610864801958
48.7107464177374
50.33435296167201
47.465772899760516
47.81667555292473
45.01526978552582
48.607083525254914
44.23201907745361
41.158247567414904
40.10356933347394
46.146993437857326
53.000779420795006
52.333703581519146
43.20739556126802
40.721059359115195
38.40657508363386
37.90895022841514
40.772882418903755
37.69954758403062
39.06471083019189
37.91037927425816
40.82017373779705
40.52955741578966
32.229403445490625
32.71153213312906
34.95073086749927
27.27594636065004
34.062994196006976
22.19781792748126
21.5788126409979
30.34446450501542
27.88046696779929
30.556523219289033
33.175410490211235
32.613334269968135
39.711102844046685
41.2920781044478
38.38610384530457
38.298748212165734
39.19342202483305
34.13575169449856
38.74487481930536
38.74972012313785
41.23381929001235
40.51361689329578
45.25780322715296
48.93154176751832
45.331479927263345
43.01780049706947
43.38729435438212
40.45935966996844
39.56944305570357
37.17393421314848
30.87246027591619
27.897619777534157
22.19523243103794
29.30775606266485
24.42874021414531
19.88083085443882
20.17813302210328
21.952840283867495
26.341959732931063
28.854835093927566
25.314502281918514
20.984301836135256
28.174526634499276
23.033984168306425
28.341400104678694
25.47036173467564
27.276253252695465
29.50860619190784
29.234235869396475
30.525873404177656
25.988654297997744
30.575423088859033
32.71529020714778
34.40505226801031
31.34987076367842
40.236411012951066
36.66311678685998
35.57005318870426
32.66981008164813
35.97746525644997
33.834752177317306
35.48985756750042
38.908793978809996
40.47894563699769
41.167790301072
43.61306820494667
40.84398392832551
38.026664491484475
38.01087804880461
34.67496217298534
34.809065061548786
32.27803171463148
35.855240312839896
29.13073100892433
31.12655251711952
34.64594531462079
31.735205288385185
33.95850812003997
37.804825547966225
34.505226957092646
31.553682657310183
29.151436962990836
32.36286862174949
31.834912509931012
35.580313691183534
38.91185462761608
36.978441540144324
36.59938186927866
33.638161421534036
30.635982763161653
33.68834374132322
30.18410826165741
33.54160428693756
36.65489010284517
32.081653650827356
28.56462247808624
26.809299531645546
31.321999515310367
36.41580947113634
37.97168474431868
47.17239255854606
42.145259844166766
45.76860645143528
43.559338786969164
43.31067267617948
40.70396626212735
41.56361549130427
50.03292909073431
56.201311952422856
52.37508078008915
47.29079073764602
50.44637759849093
54.86773798943917
59.78285436978589
56.34276780342974
58.39489096471131
61.775892024046485
58.348595947367954
55.1434592878011
54.75884068691336
57.67250433550873
58.67701903475336
57.82231860298629
56.33277938828062
54.66637521198789
54.41240217338852
56.359195536781975
54.7400866788512
60.031224276636685
57.193118403120394
53.686492381379374
60.275568747880264
56.887338880398005
65.41314412333463
59.93757041726151
58.47006733115639
57.246015055577956
65.27380146036356
61.819850428848106
56.540334943892326
56.765470468044796
60.5634762954039
60.28980833772507
60.57973792441369
65.16420771707448
66.61258907722976
66.3009999640903
72.45891812614342
71.3375857958958
70.68826671703798
73.54142620100505
68.28595967275673
66.06082431615516
66.11090958955121
68.60940162550953
66.99829473968673
66.68661584441274
75.23821305917527
78.20423114660083
69.15298186420976
67.19540478548349
68.28463658949029
69.41620311834463
65.18911148240124
68.15869168032488
69.23979116743523
68.77781605541678
73.56744271655218
64.9177049556573
77.63782857232572
79.85169678118154
72.95584620528524
71.88745713892442
65.82494355917103
66.33243927883137
69.99064885009615
73.66183386515236
67.25573144527833
66.20583786533525
62.72873554869606
62.284991379133956
58.08446782482139
60.422650875896835
59.66724485258981
56.813523738701676
53.400897247574505
56.67505746764661
58.50817196409798
55.489676290170465
55.54953877266602
53.713510968087874
51.05384045155869
53.34036362932807
45.057044809693096
39.45579313190174
44.30916417237818
44.09625075012144
46.52233153499848
43.58662490951703
52.62727007909148
48.059658442614435
45.58838202389058
54.19935883855785
48.419612807256904
49.85269861123791
49.55181935884847
51.11563051613541
44.84570124067087
43.93210113298852
46.95320602819095
51.89752346496905
59.75448670949919
59.288664527478446
65.35672668759392
69.98106937233574
66.81117420612433
67.62742990839844
65.25554740655926
71.1819013409678
68.62928257247746
68.9690779901656
75.2472563305381
69.73624722268252
76.83241251069452
72.61580655330481
66.25246772774813
65.84872016447771
62.91621742372102
61.140458912047976
65.42023776833638
60.6751726431199
61.02584756636484
58.46311856756926
62.24940463586619
61.30737668760968
55.45276884273989
61.872844023618164
62.06297727884419
59.76254149152633
59.40507277040444
50.644800813603545
50.8283132667812
46.767047194947075
44.313820847411336
40.999649753113545
41.521051824382276
43.39396808933485
48.52270574705067
45.269609001644724
48.87433512542651
45.97259641878689
55.09110596748628
56.363439597014114
60.173338282865295
59.78444354776039
64.3934757364421
57.642136644142184
49.94778112352637
51.99555184373349
46.939137451933384
49.3176895227097
44.896420342720766
50.081377349549406
50.73693984642081
56.73176480634177
52.01550961625981
52.71311137027336
47.77924410009085
42.260538564371075
38.14692193994241
44.38057131838614
46.506745697569045
48.22567308544851
52.07107961923296
50.97705859383283
53.08136669782876
59.80154181457154
60.148298914139914
58.0960271830367
59.533476367635686
53.88297715714902
50.902440829989466
56.182526470280514
60.989620021341345
62.339455843928164
63.06801748197796
62.02246137529464
61.84462936119991
57.39902808974378
55.00806100128687
58.18106683316713
60.35585198718374
62.6642356973892
58.92267038491674
59.56855848393544
57.952495071808734
56.15284158240074
52.69609932112092
59.686957434191854
53.93565669365688
63.27392944937673
64.48572203088085
60.245616949682436
64.7271409448859
59.52179619181121
68.18342735748524
66.14462577731713
66.4547055862754
67.33143331288173
60.550795919553146
55.2924383885021
52.77250230892927
55.89995523015605
58.74928267729643
63.66746533869435
63.1666482258613
64.22989236813063
59.53749844860321
61.368226830551826
54.46030605784134
63.1078194213509
62.69283257082164
62.465724701610505
54.98412636074268
51.44602605468204
58.03167051746534
55.668348379348394
58.73812694935658
57.74745695904032
61.052212635321
57.53071156890439
53.466505126370286
51.23626009050084
45.85214183194343
44.673784922288164
48.40112747332964
46.82126841101892
49.86541195744594
51.77561313483252
59.020804754028134
62.38634281320855
57.48885647181435
63.069607471183915
58.251930476155
56.74198293474494
52.49649843228484
51.35223619342961
49.90715248778822
69.89459994372666
46.796503638033
62.67909077773835
54.42301897947186
48.69011345791266
51.343475660068286
49.25755721903346
50.45074664198845
48.58467811592888
55.44347284339309
48.106493518088044
42.29525979205957
41.97366277416252
48.7202121059192
43.65890257280958
46.710116975390584
51.71420701840912
48.8362642814618
52.30904486444143
54.856559144056895
49.83043447194698
52.34383317374438
50.40723738787561
55.68698235413774
53.11686311658444
54.20568599033064
55.42714687876996
58.56126457443561
62.20407268092996
54.862717284511014
62.5540693601036
55.41588056752586
57.29894280174741
60.33263852243398
62.2648198790152
55.96362867448672
59.371856618287495
56.70756864777235
62.91446913015513
55.54788334015208
58.53318170658501
65.63957150312503
65.42844371531669
55.63772544460949
63.435215174051194
59.19183582341705
62.66054368393803
52.90443467840748
53.3049415886664
57.55879841040605
63.01110107599754
63.97842087194273
61.47610415847361
60.177023758723415
69.21181005232997
57.037996523053664
62.72762924915084
64.51960275688205
67.00410698851121
65.82725091078849
64.1375160079276
63.56903765218494
63.01062492971732
60.5545454510822
68.61737511175973
74.0671010353085
74.12375695302609
69.61923188535732
70.14802214591842
73.10762400895295
74.76079357705511
73.74911459535961
64.6134189241628
68.83761513752385
62.01961758924501
62.41087657369022
66.80733205032823
72.15159578878146
70.35716148459673
70.26709196911466
79.49219112827195
76.85032069672037
75.68869863042696
72.99851546436656
66.61465031153013
69.25788037830635
67.10162932852472
65.09175641475257
61.71322620991319
63.136950358135664
62.50675408463393
59.62583409672986
54.84358718823223
51.857946976751585
57.76648845457531
61.00470885885751
59.040175413122874
61.688289825534206
63.64843389272499
61.46713096429085
60.63115006228227
64.67274552033564
65.27741039202877
66.57597309097387
67.55169752753007
69.4569489765411
69.57910155553814
69.74344712458054
71.77778967128887
67.97865951512182
70.28125977143904
66.8060589139476
60.92499820697281
60.36230473977684
63.799723323824466
71.12838690660266
63.6541052117803
64.76043413261775
59.632249185822374
59.98568740844265
60.67618393365819
63.79793179150482
61.69107783898642
63.70332336651734
61.55184558998174
