54.994087344834846
54.99379719877137
58.10567292992046
60.333621556558626
59.266294390815155
61.11948369532223
57.700833638785085
59.213074935668615
57.02147331670774
60.919982245894694
57.40611792176903
61.30193575425126
58.232093695509775
63.19514823244935
55.41912425124007
51.641798811364055
52.988127265010384
48.500194046515155
52.44797413698668
46.70584953947631
52.82883019001604
52.388283355537574
54.565289331457656
50.89731892391341
55.9673159321647
51.47037077362331
47.65161990302413
42.567025109782875
49.16877320705526
57.36975551103653
56.365210061148154
62.1500274291867
60.74344538391776
58.900769848382
62.107306321281875
62.57519958680336
62.769406251303685
68.46518747789446
62.51932160314768
63.65046387325401
59.92524239132285
52.720090751091085
55.12766970988353
57.89173739018963
53.61395024331303
56.96198002087407
56.10300686890597
51.804899074118936
52.51241787483647
58.25470341688537
54.624153064486684
55.65104108879106
55.850277028960086
52.22615023930212
59.77423481753142
67.58898095501918
58.93196094730564
59.22472591024597
68.04149126346854
57.9244709787167
54.78106461432264
59.13753498727974
53.879629732031674
57.06512031469593
51.795828236264036
53.60256167255209
52.142840882654845
52.80658727117787
49.1906460559217
52.53100988890127
43.475315886704095
49.01408225734908
41.20936975626158
37.1540351567487
35.89364410194077
41.25568378299069
43.09377496824211
38.98885245165365
39.62312960203939
38.48435845705043
39.6819659223357
38.1962060698171
38.195720403631995
39.54859362807041
32.792780746900995
34.77500651672097
40.00334292599696
39.56725544030788
39.34349662689976
33.0734799915297
35.966200008192075
37.31394427261847
39.42981848203765
40.64775445950661
39.397083430780654
41.75966301644339
39.79668307233347
40.59290796105322
44.6845191624057
42.61504133803883
38.78635691254514
37.956859354438784
39.47950384354893
34.84296488003279
33.653929323407986
33.396462859701934
36.35062504790198
30.335087595748394
29.843862768169764
28.366017183232238
31.485081322093098
33.659403359345774
35.59852825330421
27.693264608942993
27.72826081209714
26.639585405768408
24.378475528192816
25.69339342387647
25.96903652696745
19.9778724058963
21.253220970071855
27.857961526601496
32.157673569887926
31.801046292889467
26.74461816078553
24.049676431678577
26.930075821456086
30.67775000091224
28.545484008182534
35.50102009759116
38.652023210727265
40.68311509623639
42.86271700224752
43.759776409135796
45.77162146832136
46.52418637218854
49.00265930981027
51.544955789188585
50.20507887657517
54.86278858948158
54.94542242503328
51.458177790517794
49.40154813633267
42.1135128209309
39.82127280003893
37.6321058568936
41.31035731714823
41.90305164406024
45.91803849794375
49.346128129258474
48.07234955702183
46.66230838893595
53.37523970776352
55.55617999805105
57.77099352429139
64.97577223348675
63.04723725947359
65.82457422872093
56.87318960797384
55.19311626841859
54.47614906423038
59.15207907452684
52.569486082233965
52.29325071111325
62.723267912190245
58.68464516607188
60.715693976135356
59.86953598037663
57.90053139336753
54.76477416909288
54.06173528979826
67.00902047796819
61.18011995850534
53.4260204278337
55.75158642540534
56.269597219321085
56.99251522305309
47.020710721020045
43.17721988497302
44.307452940408226
37.32327159634123
37.64271960685673
35.537497113555936
30.972609191628308
33.92530141011918
33.304715849705985
32.296425124383646
33.85364518747559
31.630968653518238
31.989750720548503
33.64306481085445
28.850921734153488
31.069261678186837
30.759011829105987
27.055185238217966
33.39405894228223
33.787397385304395
29.635400538452057
39.09221535351919
33.82837123015901
26.87431410647965
28.46774152435741
26.987120048139158
27.175003587009318
25.950609001942976
27.056498936694698
28.604873186106413
36.73608743052696
36.32396501419216
42.77376696131628
44.094872335384004
33.755763886475926
31.00159458618442
33.743259250339584
32.459145164065184
33.027947339045916
32.31702373747852
33.44172328537474
29.704227417924837
29.998584503011436
29.80466149166522
29.339114409868937
27.34240074501531
20.48470340036688
22.76090090366208
18.753591033131304
20.883743548705294
20.68607721120526
27.10398985125899
27.451026050826673
24.08758250329248
23.311324944929183
17.985190445407504
18.694019303576358
26.991245417822032
27.26194365861097
23.75533049390113
23.479840362145385
17.736513309632965
21.185863809100894
22.14995540971265
19.99719849727184
26.870848090154574
22.921738384535768
25.300918999210452
28.61161300600289
28.342201879521312
32.87497575418039
30.636048500207224
32.14796541968222
32.50388825199499
34.44315539720644
31.92935061671755
35.90332533642787
30.595651955708064
31.972848672167316
27.028042729120646
27.31072351494113
26.042554661636537
34.109604549871094
32.84592059213358
29.434653100257506
31.118024458775043
33.69890668367463
33.79106782521479
33.51951094711614
39.34057481345546
38.44831686712637
36.98426545040655
36.686542533068135
33.80313746313364
31.244707835242636
31.483928635079817
36.47094084898064
34.198853451371384
25.78993271072265
24.84242800854358
27.258378146639302
28.462376322864458
26.57942822677293
24.917655296229245
26.641393179211768
23.931892866840684
27.19695216258315
25.974906243173994
25.997629113203658
24.68652168241678
20.908489817900723
19.108303844406745
19.68933355999367
17.4489298045291
16.846668070181977
17.700517469459133
16.00129728530629
15.374439007712958
13.550511601940443
14.38265801874831
10.357187684447002
10.213203929228271
10.162243639532415
10.125931081197685
9.730232621949845
10.893817672375423
9.90965458338653
10.53779871526625
10.142861669220025
10.249921603031522
10.133210653953393
9.596613545753847
9.146734399523497
9.660116251152136
9.533595650206681
9.623465452846665
9.389241695311146
9.341716134988104
9.69169158522681
9.5749241439299
9.322791267381382
9.587592432619982
9.486110845488065
9.36517535903784
9.90742017932635
9.840618837641077
9.699725859484623
9.31023520004971
9.69573002733458
9.691771861892596
9.507664830384467
9.58247807170394
9.229914704632868
9.843205714333735
9.908231311245784
9.471914031695508
9.82046680751125
9.397148186136963
9.975448131619618
9.145933366839495
9.570030502677158
9.350516549490557
9.439649668739666
9.659507718344745
9.65804002966785
10.092620495342063
9.619584536371137
9.325290475339648
9.151356862832436
9.491213463893496
9.189166204619282
9.221573766840523
9.185060835741954
9.70840835417577
9.734681895158701
9.653999060087163
10.005454016456596
10.427495206033505
9.878728488973927
9.72698865393517
9.692392051129959
9.77583668826501
10.45927014227422
9.717357683290576
9.43644526809489
9.590673674607192
9.65858200277612
9.709628297678425
11.329503208185098
9.60523192294606
9.727136178396183
9.763732653462323
9.637173385223935
9.332298767408759
9.714791444100651
9.149455589857688
9.612741304076659
9.889233099757075
9.385949398117546
9.49822002729947
10.5479485323237
9.664267296227345
9.749967802656808
9.57825694829998
8.890796136769296
9.801487822560121
9.804339548948498
9.681266803599517
10.685480581130397
9.321809281581757
10.384988268044268
9.10455250726223
7.965655910142924
7.721897727947738
9.616199055746026
8.454663355659825
7.873634869824764
7.971002872152094
7.874016510055597
7.691779722752281
7.6673901830791475
8.060611243430175
7.785756354993896
8.017964764282533
8.277034771930206
8.113781152461534
8.048820555029375
7.345898969583042
8.661799674750638
8.206852558685304
8.30647372664697
7.5253295486979574
7.965897942337857
7.697782308179469
7.610404179407236
8.143259965399704
7.428445463096703
7.770857114003937
7.5656433999955555
7.762383217444027
7.798704260752341
7.7402788284493935
7.9131337762295795
7.883317746391587
7.745935219896524
7.847253323010546
7.9515576428700445
7.6193863960522155
7.736375070181535
7.916486829893305
7.839671670500625
8.004909201434957
7.843143708510854
7.670247211734036
7.580663871336293
7.551009414949317
7.75040172043476
7.733979379127302
7.81042486472812
7.568872334181341
8.135192761629629
7.393532099600035
7.963918493373922
7.657058046594104
8.061011345999665
7.587396370732402
7.772736291901969
7.514501790318109
8.00617894391252
8.200427546186658
8.026691573937386
7.868017901319053
7.6504713411913805
7.519976302655878
8.15562371906167
8.011338712292408
7.7165787035226785
8.085643790541619
7.905784099301604
7.6338407495884475
7.656672746180504
7.967255451799635
8.004531047469083
8.141894234270154
8.307008376006777
8.179895327066117
7.454468367672369
7.918136917898755
8.035368810902778
7.935259895932812
7.8899695738414675
8.227793006954839
7.79839296923353
7.773570655192321
8.978036336161487
7.881560386437649
8.03723424112753
7.960210250853141
7.527430154527166
7.7384470665643565
8.257710867281371
7.564698443217245
7.40100145070397
8.111363430510256
7.810043500449391
7.560141984188909
7.581151828050375
8.054252193679039
7.627712329171525
7.751895859239311
7.717658216261866
8.12675122281464
7.883317340909194
7.7796183358908095
8.138342125521264
7.67621910435017
8.20010789798587
8.192321747386668
7.797458464203992
7.9186559443083055
8.210719762807779
7.770596017740435
7.786168536537211
8.138142361283174
7.674426005717022
7.7320246254909755
7.6482921263088075
8.047603214762965
8.156428798780803
7.4419739329128465
8.420115797979618
7.970611718628949
8.460420461585935
7.828901357236505
7.765908505114217
8.725945572402477
7.870835620278715
8.09604557146074
7.7541174538458195
7.888692414582219
8.565130066402114
8.182384672198275
7.65252277034532
7.5777365238600565
7.524622566998469
7.949723471773565
7.707621938826879
7.984691373635469
8.191211820247599
7.785745040594155
7.726922641979997
8.026871001229877
7.188821426043421
7.591886668499263
7.625831302793022
7.558149488176848
7.764667116896458
7.840442740040735
7.645473977170749
8.095442410722937
8.061352018361875
7.865765717302209
8.117646400431653
7.754217874501476
8.48330434555047
7.565545654542345
8.260079520567142
7.46727163031547
7.547252447284376
7.720487984107273
7.705540263475693
7.984753853714064
7.56426450442712
7.968121828286119
7.721191833326145
7.940634049812401
8.109177307375852
7.400676165017054
7.814573552643251
7.705640642030886
7.828519784155525
8.590069533558925
7.6356511815184245
7.961175386156131
8.16018516535069
7.7161678013338175
7.956033005362742
8.300829007394407
7.771146665145092
7.710454604320872
7.797373011572483
8.028887261333226
8.217543235901386
7.307078435953264
7.855431954772326
7.867309634291611
7.796557165856877
8.057384739175546
7.674236637830918
7.9944456543828375
8.08053885852386
8.299826793413324
7.670234106403899
7.846645493121689
7.839830164228524
7.752174538431485
7.635187908801886
8.1114602609968
7.942251840034645
7.79860434511445
7.9066735288414725
7.938393089796259
7.80354952055434
7.984530295290656
7.932712105422032
7.584784140152092
7.88681507580397
8.096553255650795
7.5215944605652885
7.4137577839145345
8.295207168917226
7.42852329201583
7.886962996762965
7.679751295419496
7.879375477276419
7.899278372349092
7.532434589768796
7.695093790387744
7.436382481059187
7.538045762778416
7.823109288165508
7.7986356741668885
7.506706441158463
8.140883730174624
8.173963081247775
8.03556999604213
7.86741519316433
7.648408367882336
7.442611742681591
7.632548370549984
7.895943364243477
7.892741510356054
8.052655055852105
7.865683093896844
7.938050190845667
7.866064255940799
7.81647062342615
7.791064968461696
8.122965553188772
8.114085209294624
7.890697370636546
7.81253882680219
7.346478886556851
8.164812626934944
7.7553260813253395
8.226077011181317
7.996069105469662
7.938294224218576
7.892098999783144
7.771919658258816
7.342662679322065
7.643947151652707
7.910529024528025
7.497226269572445
8.034154294998213
8.192540312509234
7.777941289965876
7.86096836775723
8.064896110869066
7.271299818086234
7.7755460897197155
7.449375269137996
8.025802746082794
7.719906803183782
7.770915749676007
7.898972535943571
7.867950093029166
7.855250318853985
8.335288022379185
7.540977496626874
7.9995155041242905
8.163158185306132
7.829632577748458
8.359976529806708
7.830160121776524
8.242633177128502
8.468640745420467
7.638445774503292
7.7339645555611645
7.992649842005871
7.403745198317643
8.342394971869583
7.7510702391276185
7.306868893904948
7.903996664331646
7.920838413384516
8.184410266634002
8.075023068202041
7.785216098643679
8.441873369169915
7.696185299864676
8.253498972206376
8.26043804582067
8.261690693722855
7.903763180194626
7.68787229145307
7.36905842678719
7.727934684421512
8.093929675467498
7.8550632613151805
8.266904421675962
7.828482162492522
7.650901236521845
7.693637302400106
7.894897116365967
8.267811451188964
8.091636572990012
8.0678547280955
8.058372197996755
7.6901729589584615
7.904055366019507
7.756303120624412
8.130747273487756
8.024080849079565
7.725536252342519
7.690667911142712
7.834200319065715
7.636512908851434
7.729617017539724
8.0459148266563
7.922777450806652
8.080903702242706
7.595719321163652
7.8234832577560605
7.458368091262359
8.095911389364947
7.772666769579471
8.469626690013815
7.9664376925157026
7.967285983470337
8.186024934009708
8.141314298014782
7.613797446894491
7.598876548114061
7.360134671064522
8.585197709363934
7.696086255584656
8.162920401938848
8.277216584899213
7.514892956639948
7.698446762546888
7.376952178180472
7.5291912756432104
7.878370480867882
8.249916724949257
7.692666399321594
8.016077716578671
7.870598412413303
7.899394049878053
8.257189558776654
7.582202416585716
7.633783023333576
7.367815366065895
7.924535186547312
7.894992929825296
7.7630710322934195
7.657186984769155
7.654967418546254
8.098103952140848
8.001398902559146
7.514445395571107
7.571500711115823
7.9277918807559695
7.829565214725417
8.647464975898847
7.694740802711375
8.08932845393851
7.795344550716016
8.113491178388918
7.448587204442728
8.006235407370495
7.5342769150759255
7.709921482622534
7.93876071183958
7.998052406150832
7.7887076013133685
7.783231562409141
7.556662881953381
7.648131677219572
7.806967863918038
8.428855778647366
8.041801619317441
7.727195614088111
7.454765384207002
8.057326045453104
8.457915456410362
7.845707220344006
8.052077924182493
8.087382120585417
7.7711960831093645
7.820139139311697
8.141283388077822
7.959215962643985
8.043710335312783
7.665453523619098
7.670076327343551
7.76655158856712
7.839949805147572
8.087102289842356
8.458839508070547
7.839994204883896
7.328788953525587
8.227037837284106
8.267060234065234
8.03682267579815
7.802971861595607
8.08833904617438
7.916256305457427
7.558145991551664
7.797425677535229
7.741055109687072
8.138204291985526
7.547871348087063
7.709267162737538
7.684279386010199
7.839557972452909
8.112995143146504
7.708761283087102
7.545887768888755
7.688388030639048
7.543427732006023
8.092865444267805
7.889680948937381
7.9289750589240375
8.368611373234348
8.212093811631213
8.061716946679473
8.313148022479131
8.057119452734131
8.40245400815006
8.191678667273353
8.062527856380429
7.799109883408192
7.822483277413489
7.705932254841445
8.531178907360507
8.008787846780649
8.164327354982687
7.729087797571852
7.906984051101277
7.6441476647670985
7.847635721677517
7.691343438829938
8.063415700240576
7.9064198308080975
7.81227812336664
7.566573803968172
7.8291507518666625
7.977021633523955
7.806390578821922
8.567363336405403
7.8710718241217155
7.193528089268679
8.465655142829874
7.877082905183245
7.708866766416334
8.02561474062516
7.854714765762694
8.22083836029566
8.109106164304901
7.695500939366642
7.900808909227552
8.493005146152464
7.774045724478014
7.9069246213399165
8.013770284734033
7.684123224501582
7.840506922647901
7.898883536677579
8.226185009187303
7.987360659464048
8.159772313382497
7.798344545572965
8.280770530584194
8.24121273298908
7.9826602169050815
8.052953774237439
8.136062163883452
8.059505373388658
7.821164383344483
7.860389270613454
7.895696685757216
8.192943041984453
7.301516421339268
7.655706035221362
7.5756458506858335
8.054473098839088
8.161001456647824
7.6665086213096405
7.977506555411081
7.450278357797441
7.547723873121907
7.728713924605867
7.810433650089841
7.848812758130735
7.900978617448653
7.70725978313891
7.736003582789681
7.934976198398079
7.889518463906078
8.027822974502017
7.784095506454774
7.484417319533953
7.587986886359615
7.8353594165643505
7.888412600142379
7.8017287249697125
8.090846088426423
7.911084514885862
8.057119563011522
8.241879067116809
7.666812703235704
7.633058899075445
7.716333512998099
7.489763371356897
7.296226175620552
7.811631016073424
8.481399911058165
7.545832281683458
7.762273372793974
7.595250953906253
7.545542909744213
7.915453960646417
8.05894970547329
7.7405888382432835
7.5801964536340085
7.684103113658912
7.766858299625189
7.849094468205271
7.894955358032142
8.127236932710254
7.964793720923442
7.914849062009528
7.912008332882118
7.966792826849572
8.234013760528253
7.897472773293495
7.780604280382873
7.559447931184978
7.808530347680577
7.933404418228191
7.983677502577377
9.424638684338595
7.722424672436691
8.285404478670648
7.683287970210977
8.028421984654116
7.64863131129068
7.834401867570633
7.733300491626247
8.012471439101278
7.322871369849022
8.346157853023527
7.915750799914818
7.818340650975224
8.359796458081117
7.473602028297476
7.581012062598017
7.499499609746565
7.62811563456919
7.953212016211494
7.8320302782881575
8.25921325791401
8.022887456379596
7.8246775128699335
7.7006577565444285
7.78684984181394
7.762261820775064
7.841208380380633
8.108138851719444
7.93128354242149
8.246670618717447
7.869165593685789
8.567995906042164
7.536974236228203
7.945822706503366
8.00671872500047
7.898856886676602
8.435136955563328
7.6795927650806455
7.910576145576209
8.031098962657596
8.042138261137382
8.25348547470737
7.672412808830587
7.882588858101413
8.16964431925579
8.500323616366417
7.832585838950841
7.733356808912064
8.085934836970393
7.9975282797533165
7.9174009899564
7.586260502228058
7.75580660618848
8.251281528245077
7.4546463671440915
8.244065416223807
7.5573768365808816
7.625149795425829
7.718563081470437
7.909848034154536
7.880763391029484
7.766634161080628
7.746730358291519
7.671054222143335
7.794471165195055
7.670838824528967
7.639473006916988
8.455667446875987
7.841146719219214
7.733041834742658
7.760711852850425
7.679417803184913
7.507124433515635
