27.57730342310493
27.57732465768584
17.550076364129982
4.995813101717972
-23.799899277365846
20.641672945073353
22.822320929539462
-16.749165580300506
-17.402446534241935
10.62263504000567
-6.802986534579048
16.18002591592543
-14.159446889663336
-15.062365124574796
-16.03916978937212
4.430461750021893
15.769915340518414
10.304443143392435
17.63463364851715
-16.808571874323793
16.955380124555187
5.450343901710026
-17.885548201101916
12.023060207212064
14.120348767982092
-8.782261277392879
6.650821536969384
-7.865657561725059
6.115134650031807
12.845333412018055
19.613949810355674
30.17816668459926
25.63728083841084
47.37159555483679
40.23889688194109
46.21479610794253
44.24641389013668
38.26347244321923
-48.07390036791188
41.795439974100006
21.549079044104957
15.220848260951886
27.75340083424145
35.38578945432297
34.98464243090194
52.489345459215556
54.5809901622347
31.386562728067922
46.33456111571042
46.202938012867
47.39738429780098
35.763077218441985
35.389872060860654
-17.81240793765189
8.92435709606956
21.417869465456597
28.340865495847762
20.607211921649537
34.7101264750488
42.209305852075005
43.733847558282505
51.078133184469536
39.91454679320356
52.86623228398277
-49.300426633137235
-50.58040367299315
56.872795163390684
39.08004395287935
-22.369315124545267
-20.121896643121474
-15.841877362485082
-31.96784381879242
16.196467142777735
25.655970974959207
13.546694991993734
27.130817713247232
33.95007960070661
22.771358756280875
-27.363138710089686
42.75323255707263
38.80959578159137
-49.850978872359285
19.085200648976873
27.988797735926603
19.498367989779673
-28.22782072987426
-20.098655378797073
8.54551899997482
-16.40979807117529
-19.739630287884555
-23.184792082672224
-24.952645658750267
-29.13490532742224
-30.632351021308676
-30.02439440779346
-27.52536436574107
-28.897770946534674
26.504198504689636
-31.488149437340933
-25.3636150768054
20.16256237221702
-31.70357504849809
-44.51274345929588
29.521633719431357
29.100353168888446
30.918645230989796
14.736602535943705
29.45635308359317
37.87479485579466
33.852462922247305
26.56685101736866
33.165163365050965
33.57493476505885
20.13631687559228
-7.719849877245836
32.46555236620101
14.294647457241533
6.880435791971859
19.8791668436248
20.348249033462046
11.757481316251516
6.0571530565481995
14.21189271446172
16.700486769843266
50.221497194908274
23.989353238973816
15.054203268790188
14.931352380727475
21.400713471402703
24.823039444048813
4.2568949973840535
21.64615947309348
13.904017565259993
-26.03527438723233
16.56378481171079
8.93042273751277
18.02624165601685
12.66951708047967
17.449240090234575
34.41833918190904
33.3714058236482
22.81351251763482
42.470836583800114
50.603734031500395
40.61608080677358
40.590852548494986
42.30644838169765
31.312991018080957
21.733109739453596
28.898700550710412
31.84607172819482
34.723886188107194
-38.025963145926525
-54.67296492146023
-47.92480809397865
37.73891380686415
-32.216445249840206
-26.315269726539633
23.186964913680807
-42.41754478402915
28.591669455923682
11.791092899331934
19.724870352940272
19.923442158247525
11.198592509205733
17.182806317495032
32.390727829420236
11.430592324974715
35.13407646041775
22.448760186192935
26.735917880881647
15.036558539862831
-6.2796669297277345
-6.707236123626904
-20.79656302963749
16.00497693105755
35.05585748166692
60.73437835627753
47.19797995104413
-42.53340466829862
26.796187599068286
18.625133695496128
-37.12725764837312
16.884399921922135
32.55925486539153
-14.947156029912916
13.656242305512025
12.960797628889749
-3.3017357761744033
-35.193353392047825
-20.06425055105713
-27.38936183451253
-21.224476851841786
-30.703567934061915
-39.24959551873868
-21.552872129517308
-16.431840014308772
-20.611549255107878
35.66639505160162
-22.238255060901327
10.361075008549426
25.23457753254827
9.921280478995042
-15.965795956745469
-11.179510987734208
12.614408633574358
8.326372051556758
29.107075101176846
26.30786288574543
24.02033099705192
21.097967180094848
25.160159163948695
25.657691050453508
23.45595087802931
22.617831851823297
-11.775293082028856
12.57142397520379
18.758607342405195
15.636063457230186
7.017368927600041
12.447509727574971
10.689699763308036
11.703274177265929
-7.931324198371952
7.927650389860627
14.86292126102691
20.873136427446443
-6.767825194047675
-17.465330780402454
2.7587261864008616
7.083326018523002
15.858470750646694
21.695299383644816
17.43465721253323
14.864816598543218
14.857811558816383
18.14132114412004
16.533463498362106
22.437197717756597
19.612950659415798
14.008613217199642
9.419717725334966
3.991586320643269
4.155520007909946
-4.119897484643364
7.614120432427338
8.949698690847079
9.878663663138672
8.564845311747247
6.142892257465583
7.741387642186796
9.75893432902339
10.591474351341796
6.550263662402194
3.669847116251153
6.537945074021326
-13.539277934797992
-7.093982016647067
10.009397754179671
9.247210577511929
-9.194662304712098
-11.102220234956334
-14.172645672074026
-10.3717455703325
-18.817500135213105
-16.900968185816595
-14.177502011792935
-17.201880508876638
-18.34021269069091
-26.60914994188669
-28.892046956321256
-33.453770420686006
-29.124414171715806
-25.910801652697163
-23.115939192027348
-19.845499585341376
-21.523207993840284
-28.095179686177858
-29.117953395792934
-26.085569555614924
-28.46891003298236
-30.096870373014973
-24.189115722400032
-25.56788143476652
-25.38009881678571
-24.632614329255638
-25.35019042851619
-22.30448336680985
-19.26057608044744
-25.808829131087865
-26.295275380933127
-25.863497183891067
-19.952006070121982
-24.36824156016905
-23.998189345179025
-29.88935853522808
-27.732296974747076
-25.938263204632452
-25.37841340132713
-23.435217092638577
-22.26649125740334
-15.44792648183405
-20.453850986770423
-15.326547717541516
-12.456049481252148
-19.309437354691198
-20.031989027309997
-18.498516174344
-17.59073535286936
-14.827700506169997
-7.635798227927715
-7.275670822342249
-11.343567636082293
-3.303070511943833
-5.995456191633145
-3.2379027202643265
-2.895873428056997
12.552146893965462
12.285646758545
5.791741087944699
7.087435075666608
12.541063005787406
11.056970472107972
10.371880697875847
9.56270306861892
3.5536639551602938
6.027179862748331
7.579683280477538
9.397321404606691
9.511427247802533
7.466736698352698
12.25682536600771
8.083656263896232
10.010141601827256
6.310538595035007
6.76427425813678
7.741921465272454
10.673511665363682
14.372762736418073
13.78879126961926
9.435180167419741
11.558851778659351
11.484913788102375
8.100347949973028
-7.484886593872861
13.808526185676644
9.176244642139379
10.371719386981155
9.93368401875336
11.865907265913705
6.565529993166367
17.039082701711074
12.001495944653774
7.768531301375157
-12.41076108076095
-8.362738241160335
-11.373600717185246
6.1429725775288695
7.261923311629556
6.703716513569981
14.320288834038104
12.332777191729233
8.963653084339802
13.465931307953133
11.32804727394181
-7.51514679721395
-10.400250582017243
-11.798181325369278
-8.160928180359413
-14.328700582584064
-10.306373967570032
-8.881495996628601
-9.931752504205528
-10.917478535574492
-9.873081889339202
-9.903693944104717
9.016786185419262
-8.864771128390869
-9.506443259690002
-9.32053978271537
-13.30545178375302
-10.657829618775803
-8.649638100807943
12.127454287580354
-9.083974881912972
-9.325596994747539
-9.930739057421702
-9.615428733562139
-5.545301901213382
-7.07736267721143
-7.368176012713318
-6.913119193629158
9.819920861373085
-11.653563845734904
-10.646791707390198
-10.452364889818687
-8.806651866372347
-10.34959509521065
11.396844349635517
13.31698212086254
9.521573024418386
-9.627185259686764
-10.704229388437987
-8.284195897371022
-9.717345199618507
-10.739508017461857
-13.096214018755205
-14.293652013466213
-10.338848534316513
-7.872462867302487
-8.127881454094418
7.921036589875962
-10.547462273230026
5.42837734681491
-10.884964007312282
10.93130344367819
8.991164367466805
7.05581406726818
7.319077740577208
-6.052146173851589
-6.5152674482774104
13.029610573330174
13.39246018383578
-7.947141465251399
10.753801145586568
-13.229685726325727
-7.31397428584543
-8.237637098925068
-9.490702081824693
-13.219221768930343
-12.598702519942268
-9.687439795599177
-10.525251547250514
-14.400349747105817
-20.31194781601435
-13.027848241715194
-11.648329521150215
-7.648631862790365
-7.019736481118832
-8.776016657796928
-8.357884861690199
-9.88872908641605
-14.49931708705112
-11.422318935815813
12.37564245631873
-12.23985456799017
12.840731890719152
-11.511252059871204
-10.573294518822616
10.598994329949207
7.838573243799474
8.061521025747023
6.539683823149356
7.793411891151931
5.1207654956839
5.340581411390931
-5.77401690850688
-4.808561249278955
-9.16853619754489
4.952781571333189
-6.654580313057588
13.102388191616042
-8.57678593819512
-8.94409595939888
-9.047595769675006
-9.874969276462878
-7.2540175537164835
4.371437335965803
-12.187065498414608
-10.805397162045821
-13.229058425206354
-10.548033544992562
-15.262818511588137
-6.957063182868054
-14.610839826004074
-6.014825848413577
-8.063171241107655
-16.381720009218423
-13.370670743616648
-11.603660882591031
-12.400969273109126
-15.036742321881094
-10.203536505382154
-12.040320415598794
-19.19703577446566
-18.729318848585567
-10.910567009115507
-15.501826688498435
-13.352439485637023
-13.563635553228199
-12.842816086871919
-9.604013490495385
9.856764984848436
-12.700044871418287
-16.91414823854901
-15.234404637394988
-10.6118041470489
8.263028972719894
-14.177550459206984
-8.200264540188483
-14.117052306816671
-12.283025498959168
-11.01930426107558
-10.567120855491666
-18.80200428470693
-11.487317011768086
-11.802259175505252
-10.370172620161592
-9.06298792330661
-9.918252352239257
-11.247522457272934
-6.85581476259285
6.097974720395897
-11.760219243824917
9.068349182322375
-6.369329592284014
-9.756359880199456
9.439750748301819
-7.600208257696313
-8.516438297198524
-11.342266855788841
-11.688248490982902
-11.948006202450248
-15.885938970739604
-16.96837034614534
-11.205421906148128
-7.0992353284009715
-8.381926973944053
-10.242556076882217
-3.1440209402203267
7.840879934561519
-12.119668650194285
-3.7910670168417635
-2.6253177100935443
-4.025603131558045
-1.1701606267907068
-4.774200330183994
-5.559324161259903
-4.6848902969604485
-5.194194797344176
-9.65778433037025
-9.177162912881085
-6.909201856311248
12.352455878037011
13.786852037205346
11.810771906036702
9.17150175691292
6.101542596425462
12.53099697580082
8.025987146070435
6.751670220314097
10.941721390113665
10.024252160917031
-3.6254641661561258
9.114392042202587
11.31350909362343
7.504015175949982
7.7392542979076095
5.550211598909769
6.910425529678026
10.409431859062975
-8.705586911200038
-7.341615602049772
3.417019205496144
9.622367301443843
-6.7538821708773655
6.510487203547363
8.030199004070937
8.748722021540392
3.5782002708450467
7.12186230921413
4.708365840512912
8.82322891958467
5.947734672623634
14.919501299718714
11.537900821184046
9.236374945685078
10.933066454252918
15.158094094780513
9.806767868066588
16.872264811487504
17.889992428109437
13.37664806452144
8.736794972080524
6.66554996418116
-4.628230740394008
-6.474945089508895
5.040127381413903
7.280976850599299
4.6928405126399735
4.351278560010884
8.22835524482843
10.258771924153697
13.38419784747786
8.671463794356418
10.256162785970666
7.675222745992511
8.361282734877516
-6.896774296941106
9.27848390225691
5.092238019681602
4.234675612535751
10.133388815624542
-14.405935749093615
-10.428372385124103
-10.830430697992986
-14.460212706310202
-16.18523369880808
-14.124982205142459
-18.52988999724818
-14.815339311987488
-11.417671852282075
-15.902065352277283
-12.405700316403586
-10.444291939369055
-14.088907703198112
-14.734149056099069
-15.182932747278926
-18.478304103926487
-17.225383466551733
-12.919268125106225
-11.138473148949345
-12.84962671094489
-9.672884430131054
-9.823905753209074
-10.136007531393073
-6.929455679208341
12.132343213916661
7.340899230453098
-9.741735390167674
14.3812659823942
-11.178493828848392
-13.85439595566142
-13.156859966191126
-9.3195904332333
-7.451616819383153
-9.550600553081264
6.442491846635792
7.283279410940173
10.381201196965371
17.93597682791888
10.119490512655275
-9.826999373568757
9.455185236054788
-15.19809709149683
-12.41905522155162
-10.02090078184996
-6.468008058768507
-9.022463756222878
-12.083530955219878
-9.062280234001786
-11.207192069192155
-8.928282302829095
2.5828387829353994
-8.138459405501518
-10.449086678190458
-11.041024319118227
-10.455446651952215
-12.177151175231188
-12.590402062452824
-11.15640774126567
-11.871782335334009
-15.418723694994746
-12.260750505364083
-16.071369853678664
-12.060303931744619
-11.274603138504046
-7.342353441392954
-10.523004094794073
-11.249289896969843
-13.098116625123124
-11.385814736582322
-8.99520571706701
-9.239444785054236
8.540413064570625
-9.84328597492402
-10.195501152194566
-8.910167593574817
-7.909779557683399
-8.98786317359529
-9.68408538905442
-9.538470484908078
9.390933925836363
-12.578946883368088
-13.53420147320559
-9.664877003259857
-10.57554723199012
-8.60801874212737
-12.277263385287384
-13.271752068898722
-15.776761370980728
-13.780174493023457
-13.047491983864424
-8.807193210882827
-20.12707033967908
-10.01371598214773
-14.033318154358021
-7.909914132819526
-9.227724611317303
-8.997729181233897
-10.152952256480226
-11.29025053392855
-12.610856067969483
-12.269713483041233
-16.04988558884114
-13.571767636481665
-13.698825175655706
-13.46479247342715
-14.013941682566514
-14.267630650954423
-16.339677662004807
-14.187394389112344
-17.75023303243555
-15.57050568836528
-11.80926787127291
-9.4307448811017
-11.579283509050555
12.790687988260604
-12.256910149349952
-9.899342065292316
-16.185169728896
-14.570110878005746
-12.849560885155825
-9.344307212743871
-12.83527896959677
-11.634961863372387
-10.956808784555175
-11.614140426255682
-10.06599729050716
-7.109036164166576
-15.739055718803687
-10.466399651008254
-12.969580661917128
-8.96829798070369
-16.636731751987888
-15.21165609917249
-12.993270169427284
-13.343033534629633
-13.38933556007187
-10.072831948687652
-13.964655966391225
-12.638670328167018
-10.77627171285057
9.430763748851698
-13.215246044729563
8.231490505361693
7.848250473169874
9.433757302251827
7.698298002871845
11.087722148364946
14.43816263707822
17.203864643144552
20.023184231246507
25.37779518591203
21.076480015754207
16.787237750212768
14.128742455394418
17.397676142140153
10.8909607706709
-9.172921300169685
-14.315851655036319
9.906258290371774
11.291157911324925
13.171702085841018
13.389632821485186
13.693274400490719
19.323864607665925
6.400534395549106
12.156137443155803
-12.284889885852447
-12.565036943253489
-9.133360930730682
6.5537833554492355
12.52395294409426
9.046438268539394
10.282326003022238
13.206380857417649
7.418251670097039
9.371841523606909
4.805276282631425
7.679796753194293
8.49980732827954
8.979234596523668
9.616913148867678
12.488755877409154
6.083820834809326
8.131666360985472
8.280765525021907
7.034892056004859
8.877453555495007
9.456718612667931
9.2016771260669
9.891434542573164
11.780255351395779
7.727223208300788
12.173034486590895
6.959654710179072
8.468351900774863
8.326230275732277
7.10200553421207
6.583236452277017
5.120219354378592
5.736901760764922
7.53208594460671
10.047379958821706
9.670422486302586
7.9115160298694045
7.03397905309454
12.47664768505726
6.736390950831314
7.863186546982897
5.3381356193300284
-7.764854652520949
7.812385684695122
7.905663895645239
7.513577771890637
5.378046213084947
6.442903832589556
9.776252745423704
12.071937860690005
4.745327122153461
6.541041054546628
10.392187394049833
9.10847451120116
6.751555789645921
9.022310074158753
20.373352497201665
18.749084440051377
15.72065204118859
14.00458694126478
9.648087077068402
9.934104234475232
6.545766094275911
11.166182530369795
-3.5015427352625075
4.220603020843611
3.9596974194663663
5.334423064603272
5.095121958795818
8.721789088983085
10.323056559588888
10.26409367501334
6.978738560258329
4.336372607483029
7.914803801869221
6.376612624727571
11.596352758558869
22.424024821630223
17.854243500688288
13.858272710088272
8.99132890626613
9.77543285984201
11.696216872699749
12.187575685140684
14.582472278471416
12.465343592090774
24.392051250521664
14.926634990363288
9.768226992755833
13.383773880046633
12.647312252361727
-6.4531117495173165
9.31535349927046
5.3371634436102875
10.22954539239405
7.377869547143874
6.474581645213211
7.852078878318417
5.85441300556544
11.131922738467042
9.741444151763886
8.216717603266265
-8.854479134253287
15.401292647139059
8.047515071015367
12.302343305868963
5.7483846247970725
2.9736509006342375
9.478360404312463
14.44782499456098
8.892687640912285
7.669141814468211
5.2861226962859496
-10.16532579037929
6.224093516586262
-5.145737378227929
8.225189747496923
10.830674960389917
-7.343537349978247
-16.294324914090033
-14.946901767639432
-10.543336158747001
-13.30223861719973
-12.726426791123558
-14.28995249506631
-13.866155073010994
-12.452874658858548
12.850976232844316
4.982398511469932
11.685265739486775
11.787496074451367
7.849878248575693
-15.891308084888555
-15.251420969503721
9.885682161792898
-11.102484850177774
13.360198125073106
-10.258598329664396
-12.889361963008552
-10.550123119215769
-12.10097059992268
-7.131467498101937
-10.331922344043754
-10.916452179304361
-11.054854152605705
-12.127778653431239
8.334892580895767
12.311433118729473
-8.912216355338119
-9.985460896330014
-11.59494367010153
-15.799384122474006
-10.344603543705526
-12.547957894356385
-7.6928252024418935
-9.827710018976335
-9.669970927092473
-4.274986883331856
-10.300614576488753
-12.13280409444024
-10.990807740248133
-10.974764010228645
-10.183753725967973
-4.475748831835567
-7.719510073647183
-9.412376286965744
-9.0373977202206
-8.557073040900821
-8.473062232812286
7.752507368795711
-10.816519821274497
-9.352756490103436
-11.144780709989703
10.092345607607973
15.079970705957287
7.10104714218797
-7.672050654106498
9.76018515322777
8.144304628303917
10.404870074497442
8.521530853429793
-8.857611241985397
-8.729799121932516
9.049141183251708
-8.11360220943579
8.379265843629728
7.559432072375066
-10.873681658218503
-4.927789417541419
7.570232862536957
7.714631370619397
-7.9266841317868835
6.856209593905738
-9.019018971860525
-13.198286245339357
-7.0278853456978005
-16.062001271579366
7.631998527848538
-23.63085448253265
-22.501966597081218
-23.25369397343163
-21.774157410248012
-24.159469285133024
-27.7650108836177
-19.976175697836037
-17.97036012189865
-23.942478729882712
-27.00675996270529
-28.83182510835448
-26.546486723260255
-21.5763851818695
-19.73314517450643
-20.378085628900745
-25.025281599110848
-22.04361625982386
-22.50743561725477
-25.65949019137128
-26.321189769537522
-23.37191189666542
-25.443022684198816
-20.09597045122649
-17.536724288590978
-27.294505203381256
-25.180217639092866
-24.122769157678672
-28.50635207040755
-28.540566708047034
-27.501172309847515
-19.124256422880865
-21.63794821945287
-26.458857215239302
-23.222148719285347
