27.57730342310493
27.57732465768584
17.280432004318023
7.746866751692105
-10.037035217980947
9.880365249332288
24.24260659474019
27.601143776055086
25.26217207544483
18.03530177107221
17.529909494895
-13.096033620384176
-22.44256200182353
-23.756003574935633
-21.514969842566316
-20.812374273016037
-4.889599790103911
-34.80997772868291
-26.353259437245207
-25.719907987363023
-37.00027897092981
-35.67271550591714
-22.51793415117105
-26.001506565222726
-21.14046889879004
-18.252304395424797
-21.979027178691315
-32.79908097821752
-10.95364428012585
-32.27093614339587
-30.184362580446358
-13.840181494088394
-23.189958932360724
-22.844427587210667
-28.900783714800124
-34.732131272528164
-45.98667987842509
-23.23392283138302
-35.191191091310735
-37.52674086071738
-36.41141063240841
-38.214932831187475
-32.69776056201495
-39.166907322442206
-28.71506022806877
-40.86542530936964
-42.87209985732331
-23.81782152472046
-20.768984428531347
7.00291546739936
17.56464310223998
20.110972228456983
27.30723877780631
-20.555240553128282
-9.701795574195852
-16.838877080710372
-18.246394312491848
-8.067193227958837
15.62687952180496
-9.468175415095113
-26.796572004018973
-28.431521573580767
-36.81595169004508
-42.98714349603793
-32.991727162401034
-26.934512984873965
-28.336096133243355
-41.77448607832787
-37.83321079283747
-61.30482623402015
-54.925798215728044
-51.34015514180898
-50.63455567983984
-39.064185467679145
-20.99954833431015
0.2826029177412494
19.036767447840827
12.75607109609149
-2.560357202848891
13.522533139163889
-29.284186850118864
-23.518326144840454
-16.64137109540217
-4.85497174040416
18.469267747974367
-5.227654934645912
25.932249395381966
-12.909350983882327
35.913117574147556
23.011050852410165
26.921564321083128
30.326466536449885
33.274225566422814
35.748061975328675
29.762344024106
14.419472715365
8.023317761001605
8.321071948099931
-6.981502962713011
7.667282007103238
15.11794999160893
13.919099557207565
24.39148601529862
11.676868797915
10.938785173859227
20.438099864955092
9.579415925462294
23.168353066442442
36.36969263214579
34.337258263054196
19.10799071811034
36.20678744892702
34.350611054173505
17.65515958948184
31.00410695911628
37.025672174539054
27.531464248826097
25.021818978010472
13.77167405274418
13.63791221675581
23.4134591482823
13.760013653271953
-15.135747968450278
3.5830717719108187
-14.891956634011594
-21.811375466819165
12.138784947054138
10.056804209477978
-4.277962827765464
-1.21328231458159
20.24630909257404
9.993821580300494
17.327038759492247
26.903459110079194
35.15538985391178
23.5530263565091
27.799464131455263
34.428082699637386
17.75931840795471
36.04154693979931
26.577695796420038
32.618714434780614
16.4342350702262
17.796478699279167
41.87672663451805
35.707498608546565
23.938908797985675
25.504177788128487
19.557591150085074
40.259254406428056
31.25589810279837
34.55290671584677
39.38624151238898
19.535080998791656
20.47949293760422
14.815986756041712
36.154310587335665
19.766052470796037
29.91923463398242
24.91776719520303
19.455087725260785
-9.861242671871501
-31.34079555907217
21.48876223954204
30.757253525653468
20.896289303093486
18.8998319186424
26.937887449681448
12.01770134046937
-9.486156706860307
17.63179246567035
16.08311300386115
-4.170084245357432
10.188128907896933
5.95467440443371
-16.622076429083243
9.111302502867844
18.349993556861964
-27.58951057703287
-36.55084426978539
47.40763948973543
9.134208052653829
27.144454910683635
8.699169565257343
23.543384049223143
9.181558480388613
-13.183327706133849
-9.117179077933796
-22.740602180943437
-32.61858439018952
-22.506154290217886
-28.649873566623782
-25.44634946207638
-40.98790737670254
-39.841250840720825
-34.593748535269704
-46.306015970889526
-41.47742332586253
-43.737222500272296
-36.78323784235323
-33.232121394657625
-45.17646608066786
-26.27899533786918
-18.02433787758451
-42.75192201387346
-10.90905959036518
18.594675260373126
-8.41261079858986
17.961785973272658
22.73482918337541
44.15943400913238
49.534257653180276
37.90003958136584
35.914715378049515
19.06445168060197
31.597905344552792
31.05515589801497
-16.501504163714646
14.180725251362738
-18.16327714982504
-12.80797794197551
-28.54496107613423
-23.99866050789262
-11.172181096241106
-27.57891214491469
-33.01145861072324
21.28509791119391
35.631925116284535
39.01319122568514
-32.41230070931683
12.289854459688643
23.13871146940287
21.179112200151774
18.009762534327088
-7.717246272838632
-12.10299540107245
-13.36459887158442
-18.491663247007413
-14.411676663978824
-11.634507047048055
-29.798989044536267
-23.32335523581048
-8.789145621244819
-6.63281714052723
8.727843314894473
13.519870336668372
24.956920107500977
27.40356963706562
22.163523330647536
20.764680875648867
25.827217685389964
15.099153445424879
17.879951200371597
22.208085863340617
35.03164832981296
24.504786563607404
22.927970194950227
25.301120170936844
32.70954072892129
31.616550583106633
38.67588176164588
-25.38036798185273
16.115559621989767
6.14691275783958
6.2550519714354715
-7.882176077354204
2.592876709843207
-7.112765520428291
-5.452548275482298
-8.134405625722474
-2.9425951035462803
-8.894162641552292
3.7232985161827754
-4.97083324047347
-8.886542236897636
-7.896608075426919
-6.447115386056813
-8.37452211794634
-15.551286596160168
-11.631843106035184
-15.129578259040235
-22.362903956476735
-24.626344000781913
-28.316481416403803
-20.24238024162361
-31.112150462169204
-25.72728251882055
-31.878319886504222
-27.794359518387537
-30.746260008719027
-32.92520405095354
-40.49544477827213
-34.970295326870804
-20.70333846509955
-24.68378659352611
-26.958058141603065
-28.00678291365291
-29.061190897149036
-20.603584477499794
-24.07086007871334
-23.258416109605918
-27.071515152408505
-23.379948608690476
-25.471792811146504
-23.249116207529298
-23.781757879485294
-25.93503880524009
-19.6062175235082
-21.296930332521654
-24.074270086264097
-18.665170580329317
-15.208919977303333
-24.448804787664407
-20.30738338093918
-17.294591429404967
-28.33531041534854
-29.288956239547748
-19.8909018446225
-24.037719481084302
-33.158136287220835
-29.120043912745924
-30.81266748731893
-27.337659645055343
-30.083423217330147
-29.916128670954556
-30.50300712277957
-29.11626345476845
-23.351909269096776
-34.82246221008453
-34.99531862668107
-45.82881662275032
-31.21620458833611
-32.992064679110406
-23.29784529498316
-26.934930465754423
-31.157932554162116
-24.505438618105774
-29.981607538967715
-22.203649286913393
-23.83861009393772
-27.073263820534837
-28.689489636932645
-26.205660553808727
-23.666200345948003
-27.942216881436394
-32.84017398453531
-31.854442558697603
-28.596115965560244
-28.83733773401588
-27.391303054058252
-34.1780702767164
-32.11120169232993
-31.019334029824364
-27.74552799578057
-31.88153218733984
-33.047790017087316
-30.116242622996044
-29.915755095863666
-31.90901812470481
-29.647606841964283
-29.580496378210682
-31.370132920090356
-41.62709028103784
-35.08176741327874
-32.88983340788185
-35.1300470853222
-32.40484828841015
-37.12518859043085
-33.14689915488792
-26.832736575832765
-31.778466439542132
-25.47717407701384
-30.59998353570873
-28.531872044707292
-23.751743026500993
-24.470960680658237
-31.49837772894165
-29.045903199691935
-29.321000623689777
-30.688384510515675
-29.51163175256784
-30.634197472032696
-29.260748657159432
-41.606455489118765
-32.63705433233732
-29.567461545694965
-32.2970822541496
-26.245205643230967
-31.447761143475454
-20.989237483410196
-28.44543962754374
-30.87604040498159
-26.69021171132209
-32.5550535018222
-31.125773985524788
-30.333245275362703
-27.41545001366451
-29.825458917188143
-26.88582136089592
-26.680049697554697
-26.982996776195243
-26.562986478994507
-22.72007890196872
-34.004813857390225
-35.62227294766553
-35.25751906498406
-31.61056554135849
-29.793523091924733
-27.32408239117835
-19.03461073510981
-30.739424621702742
-31.47551543126834
-29.873510638675295
-24.466289859022236
-25.38751500793166
-26.390791837557845
-28.924294042314195
-26.405865481387362
-24.21211445588463
-16.31689562232017
-21.524333913271693
-24.42959888927087
-23.384249994970773
-29.372211449543347
-18.14348753997156
-26.050025557934166
-34.52392748260861
-26.68202237445387
-33.342613991700595
-31.563994225441746
-32.29209564969127
-39.47730436524263
-29.92431964154537
-28.37177318362974
-27.96354584344761
-32.35037434628907
-36.99183000018098
-32.291766908367926
-37.87601405460509
-34.03010329844611
-30.613728543290858
-30.363115843716706
-34.966769349033164
-30.229874560359388
-25.708143053434597
-28.995197922388737
-31.911470196277637
-24.60508206831667
-32.61879504166577
-27.98844802022712
-31.448077802618577
-32.51334215189467
-27.817435223204463
-31.460742050684644
-27.145621977628597
-32.598918953536526
-30.034733883454653
-32.45337502888264
-29.669434828922665
-34.049354059716606
-32.728771265903106
-30.855966619670276
-35.819054629032884
-33.573589845494894
-37.42264394415935
-34.38100632378497
-30.541507996012594
-33.19655187352673
-35.102277842265714
-34.551731356504945
-30.31862372326957
-37.557046697254535
-40.50983945006821
-33.69747552703978
-31.20939333774425
-32.65801202185014
-31.247925097268947
-37.60813406433318
-36.41342311375246
-38.99372349827025
-36.13414480855862
-36.91884253441093
-33.96000479782816
-37.60651947408838
-38.256071295906885
-29.080488666107744
-32.29854141726044
-36.852896199970075
-33.851341420145765
-31.961480956556883
-34.33057751543456
-34.645515498273305
-39.96463963150931
-32.6590977127116
-35.33598948769155
-33.43727731793544
-31.255112817889536
-32.196635585126096
-34.23997620342495
-44.43590945938475
-30.84743991282733
-33.17956949541643
-37.8901675043349
-29.404003193011764
-30.856219082816082
-31.76526032874348
-31.00613998397349
-30.22001614168021
-36.032537262981805
-28.477481686071805
-31.327276771882655
-32.59128543531503
-35.46890063680576
-35.084718030840314
-29.20590659769835
-37.09161000564502
-31.265194935433914
-25.153354531699154
-32.34966660223607
-39.717813806499215
-36.02469357348253
-32.494209477421435
-30.38354182412448
-30.26874973155251
-35.99056593243839
-29.640374832220957
-32.916103692096264
-31.589419943913402
-36.23539073177718
-31.771466379215823
-32.23653717497989
-29.92630405067338
-31.327773488970934
-34.15982985672282
-31.067938563233
-32.81974523469613
-24.876009938065714
-25.75754225350067
-35.19154641124938
-28.84814135245022
-27.298080537688197
-31.086752172052407
-29.906201668064547
-29.718081242405788
-26.295815741049175
-28.685384258713537
-29.781919064814637
-25.277284807288904
-31.592368510439098
-32.7146548860868
-27.463134325602095
-25.29039741401885
-32.30622983703339
-34.77683004225455
-27.874730687118646
-31.05260397931503
-28.671067189002184
-31.231694020805996
-28.251806048592883
-25.50563723131744
-31.41827433288388
-32.98676617194501
-28.99231075476814
-27.617667706959708
-29.607512572286222
-35.941048897205164
-32.74104889074626
-27.46769301263056
-25.862472825855683
-29.7092078373974
-31.22447295306457
-34.35822781436539
-26.93769965732579
-39.92423399158703
-33.94871091049031
-32.29159458818914
-32.01073357812016
-32.136427022263625
-33.3773572089543
-32.24461044582478
-33.92325043311902
-29.818433187768175
-37.03475778832401
-37.75694063898191
-33.43241065369523
-30.026603495077435
-31.151586920606984
-30.1462049916417
-35.945132004610585
-28.433995071993472
-32.794135779840104
-36.73354445490182
-32.68995271460774
-33.29854498168669
-31.612022960413924
-34.258533212538424
-28.374400451160582
-27.623469667805633
-30.090196539703697
-26.950446430723066
-31.788424492324026
-29.062958367620432
-29.330936745952382
-28.689727654045203
-32.62793509865211
-24.923259708477215
-31.073781772262056
-28.01647382840622
-30.680975607463985
-36.11039247459647
-32.27927141214913
-27.787248629767657
-29.730776942785948
-30.79533952306301
-33.270122107333066
-28.821196835936668
-36.41908912574317
-28.58182573964167
-27.29464435462921
-34.77988373660132
-31.958810434977735
-28.550165370742853
-31.552651057275007
-32.87923778380135
-30.502072161060337
-32.41280811574261
-32.14986291648086
-29.528253937922216
-25.536388775718766
-26.849140544922367
-26.196739573794552
-30.349879881737326
-28.890450304793877
-27.219898873121068
-29.617450379452368
-27.576563197771016
-31.833089255690286
-34.71520927905067
-33.741255781359094
-33.644870850983224
-34.740745350096994
-31.6476009542631
-39.82843263462259
-32.33919269953566
-32.567889408399566
-31.42958913279291
-34.77200119482249
-30.817804458571295
-30.24892150825566
-35.63002077870662
-40.415589072874596
-33.47500853164941
-31.004348719638838
-27.10193958431716
-31.873441080191025
-31.920892375875805
-30.182971036263602
-30.78251794079571
-29.39825381158755
-33.674072149398896
-25.58188453185737
-31.32351878157076
-31.461762102945986
-25.9534023908662
-30.0513563820243
-27.460824027059665
-31.047303087412903
-33.71006200349436
-30.47630025452032
-28.193749800705067
-30.537317024191196
-31.838861144877306
-28.317789141615222
-29.30989354702196
-31.734380401987863
-28.25419047615161
-24.673290400435246
-27.64795873159063
-28.003438992987686
-25.779466963294542
-29.350782345715697
-28.155587929568497
-26.416559698048577
-27.185295959557767
-30.077544369439114
-29.243140442575147
-34.570076227474914
-28.32956329343927
-32.5349746139172
-35.36020730889455
-32.40378810572149
-33.982805123202986
-32.07139254770266
-32.80916690900036
-30.53656121937768
-32.12542277533666
-26.465345803863418
-31.38319940714387
-29.882462219572076
-34.21872944894769
-30.403838300605152
-27.778778151671002
-35.510367598688816
-30.387533615653243
-30.49778975466456
-33.52508231787642
-31.59516637472109
-26.922606267769595
-29.95730699049208
-33.441358356682215
-36.981969016947474
-31.828614012863177
-26.690990170583866
-25.005148883460105
-27.376815639278057
-31.99460356636017
-27.319854653810147
-22.501351537653477
-29.273041389198386
-27.76999629617879
-28.56833717643376
-39.08943873796138
-33.2326784964073
-38.836562339046225
-35.45707716206612
-36.31180877620919
-30.26786435423215
-29.928260937510892
-27.72455690259535
-28.2968193073917
-26.541723483914108
-33.661524433495714
-26.573557417414804
-27.55622119971215
-27.59962100486446
-28.814308448451033
-29.374905069023065
-27.853206405296138
-26.982826730339287
-33.0815588010144
-28.954758545278032
-27.8306731564771
-24.246077543044652
-30.335848186834546
-24.65418273532874
-25.530724853960855
-23.99836590283015
-23.23041351538626
-30.740807077609542
-26.92827380228083
-24.33255190037071
-29.621028155747496
-22.074973363927942
-27.774159074565972
-26.65309081926845
-26.071022855926845
-27.29653983009518
-26.936837737393784
-30.5717570742804
-28.384442074600983
-28.824428117324427
-24.650006035450826
-21.89462802959672
-24.510252450813812
-32.39942970173361
-36.90673392160451
-39.681634157709574
-33.80513032717191
-27.240741605691664
-27.481296722797435
-21.707946739971877
-27.869734159603105
-26.891450263155384
-23.21112273674403
-24.756052189469877
-28.893746249047407
-29.563655459128213
-27.041916905799106
-25.821849633707917
-28.47597268239881
-27.106369558716562
-20.96289600505952
-23.54025429534806
-25.40678407368703
-25.378969200075648
-25.853683190226427
-31.162200816010834
-24.593045507755974
-26.140895983029665
-22.59331489268827
-25.527334460212554
-19.906097258073626
-25.978658349139145
-29.340576060838405
-29.505617626124536
-31.068419105334783
-28.65585903920998
-28.634882385704238
-21.851969449125527
-22.593593709505495
-26.37037245083254
-26.81817825491059
-27.312702551881394
-30.14857899662691
-26.60814207136595
-27.0351910004198
-32.09677816124372
-24.170841922469315
-33.3596659514891
-31.185603472611504
-27.626078718156528
-36.06419605042952
-27.267976089051462
-30.625857890603584
-31.178541949266023
-27.007783965747745
-31.70998487225323
-33.41666077707559
-29.450434691106846
-34.933570311978706
-39.403463156131544
-31.33066039841729
-36.63882326998367
-37.03195253874907
-27.051167267486104
-30.608351647618342
-29.187070943339982
-27.65366582476431
-30.105517289123792
-24.13792387446289
-27.74975558957907
-26.910191406066392
-28.032450596191552
-31.53031690653143
-23.441416477732645
-31.63940386611556
-29.0608211199566
-27.838493142272526
-35.676366726317696
-33.31333213391776
-30.94431576239483
-28.62095751334668
-31.696492612822468
-28.519321928904176
-29.57801186383598
-28.31619254223357
-28.985411622723696
-29.923338697422572
-39.76064937204815
-35.96735296249555
-37.57906885226964
-22.058446891625273
-34.55378103159146
-26.300343182745014
-25.8646817705027
-26.070365187477027
-25.766667399248288
-30.97996911076432
-30.695287919066384
-30.73327044961338
-29.369137859340913
-31.528101081573684
-31.44398278689648
-29.97081366266467
-35.39541100741446
-33.54460247423797
-34.84634093486809
-34.461407797867594
-29.713664877179788
-33.00648892717332
-34.29874953051718
-32.887169921967384
-28.616205636819426
-24.538608885732927
-26.51704604849684
-27.129386877467496
-30.588893656095497
-29.24958106054697
-29.444482714944257
-29.669968258407014
-29.03997949785311
-30.17384907725647
-25.43412255207933
-26.50927515524063
-22.65329000844697
-31.391829556123888
-29.833322024697658
-33.166907764488684
-26.653950055131038
-34.96211043892579
-29.713638003354855
-34.509343623180804
-29.035289549708164
-40.23607711338358
-33.8023009221624
-34.773939706199315
-35.69566088920973
-27.85458275346799
-32.659787289182155
-25.50176834124172
-31.179402195345723
-36.385986490224674
-24.14005607984671
-29.20701078373656
-29.402174416520612
-28.13625125905049
-33.84734095577716
-31.4109833599322
-28.97608092133467
-37.251484631284704
-36.880336461876354
-27.654111812200586
-31.222550539577316
-29.967742532949227
-37.978685681289235
-30.216875136083065
-32.8235293816871
-36.609723932858486
-35.00275405137973
-29.719970525888368
-36.40727988045786
-33.89266838629513
-35.07495983839425
-31.4544577515918
-33.59269878231696
-33.976478495277895
-23.07360004288764
-29.53204802324406
-27.757321993395834
-28.97049836117593
-40.215226684296454
-30.10292985299263
-38.10260400729208
-36.9062824854041
-37.34412634951354
-39.85113077875125
-36.077409577307684
-31.451239686271762
-28.40826409565415
-30.28655788144667
-27.170606472285836
-28.756258146020514
-27.809306997580325
-23.62527108064871
-22.95456025821425
-25.51285088130021
-26.180532887769765
-33.36003293894905
-23.898019199308475
-24.368702747831534
-27.54550989985115
-30.010261763193196
-35.37645390288997
-37.66126938887982
-29.01245870851775
-27.078373596574682
-29.188491682749973
-28.231794165711616
-26.87391321316962
-24.338592774180867
-23.54768029085868
-33.63384424942435
-29.383346388170505
-33.59153450561968
-34.34787200125542
-33.626942265940315
-26.310057122082075
-29.78520539188817
-29.341312849573047
-36.08976507461342
-27.765986252089853
-29.453343756075636
-35.50132954855674
-28.808962655877018
-28.02256475612974
-29.823744769878445
-25.766782017030298
-34.183654408441626
-26.544684885981646
-37.11430604012897
-34.231647096815905
-38.98024136110498
-35.95907297458251
-37.72431893483731
-30.846495973054854
-37.407715321370574
-39.288216775934345
-27.828600583699284
-33.76243855242344
-34.51387130902271
-31.602837508242935
-31.517392021109657
-31.902714599046412
-22.657847123444196
-30.789059139126426
-29.458351946874505
-29.733823519817207
-32.39054136592437
-34.004817141592156
-36.277290754220395
-34.63444834925251
-33.44556866991751
