54.994087344834846
54.99379719877137
57.86404050453097
60.9992647296268
65.7685017697615
67.28118874385494
63.26844754054898
67.30949712665316
63.18221793349215
55.11925167798927
50.00346092755466
46.8703193962655
51.73189588085592
46.966247103879155
48.012582059309835
45.78559481554525
44.49645045408991
38.917440786375515
32.41184044998501
33.503867414004645
36.39673425448082
36.83108850879741
35.34895737442357
37.99431160318424
43.89861340947212
47.21833189441943
48.890034921641636
56.19771646306543
59.85211002770245
57.06385015245461
53.77038291144439
54.99251862680168
45.85139735462657
48.73256725604079
51.204741651283456
50.28343603125964
45.029146890811006
41.52182660248572
46.60332599510486
48.963684531016334
47.14433294455782
48.25793382211468
45.15859265956577
51.092328961683336
50.041032663534914
52.73649010439327
52.638717457519704
48.49999009592198
49.25648968685024
51.33603955395884
50.82144327816269
50.55278799694851
44.31265148739081
42.97163651783059
40.371975988848476
39.54724000539205
45.13393282936871
38.35660830900466
40.22730341206109
48.060883899707676
53.82571506485874
49.51370121197937
46.117769812474044
42.67046237503047
44.11143073315188
45.93443561911791
50.34328074892798
46.432014791655774
52.45362146803346
46.41095459344626
43.677645157913034
45.40395203156649
41.91931829361148
43.486479567299014
49.04861802272235
55.88900736947134
61.10198442964142
58.67066681367656
63.565812203349125
64.11534947688996
59.67773381209772
62.52443003631763
60.58719989741139
57.31116060473414
63.91652789537971
65.18971744618632
62.90714715757235
69.18560119637752
61.324330108265116
68.61173802594371
61.684272317487434
52.30639090156915
47.45676993950567
40.47686411142831
48.42353170582455
48.99030431396525
57.63574362219923
56.41126140333875
60.19130776013266
62.481512006191466
64.10698383256381
58.32978071823897
59.91864139540309
60.77631218081413
65.34410490309587
66.07094621811514
60.71971181152798
62.947868007907296
59.862493773314085
63.870076388559994
61.177945216716594
60.07059861061462
53.969806675149435
44.35411626568808
48.33530090598799
47.67956588973144
44.87722622770069
43.25585250581852
47.30517622438351
40.87214941131343
40.771638399848634
39.81126169686675
37.37590173567651
34.731556904013075
32.11680060613468
31.04233510335315
34.605609058102374
40.275431159438305
33.76750201052126
34.2449458959573
32.31459984354338
33.73522843175477
31.615669248501042
31.129139883242928
25.82127644023081
33.92244818017394
32.79712062788951
31.41189981967163
24.432198607368267
24.016574885606374
26.693635986186365
27.545134029313925
26.258751111806053
29.765981264496205
29.710211791757114
32.65919478568967
35.26829268522772
35.21829434265946
28.893010074503373
33.31937547066751
32.35986572753236
35.28029760000178
30.432746426917234
29.08709094308758
22.859486964737982
29.92220185027253
25.130631310773843
30.425716357062353
30.438393630042047
24.3158416586563
25.454718960493903
19.829812588786634
20.27028434259295
20.596033921791623
18.844445519302653
19.324020953092695
17.84489881154445
20.58102900707166
18.909129264323585
22.608958573110613
20.55767432763727
15.125908184339695
14.137055662868324
15.735131290113383
15.586780288247416
13.314535888468106
13.729329440786909
13.0516750696747
13.909210367372578
13.97071859257487
12.84712367193438
13.360054313324598
13.497793520068614
14.450534021036516
12.812713412285841
12.726844420146733
12.832650912151633
12.458812638289269
12.394299735570625
10.879499196851192
10.216638391669035
10.830484159799777
13.283408114013895
10.803193273036944
9.301134158906336
11.075501084028117
10.519677114417318
10.777853149708793
9.896999471560843
8.94166265014306
9.89806620252276
10.911735141896756
9.90804907110161
9.359169092667145
8.455136647237236
10.052968805241724
10.055118990801182
6.840254737749867
7.689639427010868
8.763451432154234
9.356407802004377
7.941233679368641
10.108349802487666
9.654207568954005
9.681460662208849
8.784881091994366
10.735398271533803
9.691512419688197
9.6005128110598
10.745512167985435
11.043046290355909
9.491420479711305
8.055154605263919
8.140661843674945
9.357278243661568
7.032396247200329
7.196325626977147
7.226094375770029
7.139207510364796
7.043227472768792
7.035002967458981
7.239748390572633
7.491309213439095
6.916360446737831
7.988656245644332
9.48156867103183
8.857255981701377
10.925536447174183
8.604106145861653
8.88175759585681
8.518706226240681
8.372496964775475
8.505110087919546
7.589518016914328
8.080180111255169
7.373976993103323
7.679406748355478
8.391011983896588
7.898671349157778
7.906861839271214
7.843080931043057
7.442234582885295
7.244782078971492
7.197726402902555
7.952445995438667
7.6167634384298735
7.210679488439555
7.608837111643481
7.528735999204569
7.944776043050889
7.655732506980199
8.186373231839482
7.613760842165131
8.516137274964967
8.816100336513905
8.14959756814387
8.202287098559161
7.790577216230262
7.859124415601255
9.244353814671735
8.058162826978057
8.60860250189855
8.040870090829836
9.327439400216596
9.15688851775275
9.095527633958737
9.908459888602273
9.859596264899595
10.390465616513458
9.667954141363904
10.543024716273377
11.268909709905676
10.12782336829694
10.746559098387202
10.196821325588012
10.804518500872481
9.831482032938155
7.767078080576905
8.573262911807614
8.00872402912505
7.864490873834394
9.366670817127885
9.094389481977295
9.79377508286673
9.978444449133152
9.567239523132496
10.17051669441236
10.230477852877213
10.218798942676958
9.882267895646615
10.445911300686099
10.35203235235445
9.531837016131925
10.736028514124273
9.395986811367388
9.274537119020355
10.92571640467826
10.33277419836354
10.230944953854213
10.273166544126932
9.976618057668139
9.457726966834555
10.343817503268813
8.167984078197629
8.176136758235263
9.598154348184858
9.306834769664738
9.606590498099418
8.656089603152022
7.175307946346276
6.784314567943962
8.904025458117
10.765704545954897
10.082083727897235
9.822064622783756
13.049563343040758
12.76779842929819
10.99790164652364
9.493750024212579
9.108215736007494
9.540713184687
9.0305221103119
10.087832542011293
10.19005285677605
8.39848819266347
8.773609084643445
7.169482590130989
8.063362657127277
8.144104633180076
9.110733716457323
7.820146931744892
7.403596404559776
8.204555469149387
7.511443875932331
8.28423232635394
7.3690719312084285
8.099372408098501
9.724144093771725
7.986043659597254
8.350175622403668
7.884031514944567
7.892909339668299
7.5353133314118494
7.959385394928226
7.870418742431255
7.596524127854527
7.7698184241388315
7.700849820152759
7.4472334223163985
7.599559944441936
7.384268410589604
7.815748570467276
8.107700650889528
7.6481964013669925
8.343467482613393
7.9601446860612475
8.808670714020087
9.4772309826518
10.251528102611614
11.377810661587993
9.96988622084513
7.911049362115618
10.653874874922982
9.780542937790695
9.54675640206841
10.066155011081792
9.608554048642958
10.163944493894066
10.207215267762821
9.034328723347164
10.182257073118363
11.055675753760486
7.5787700927977175
8.695117510750794
7.634329980086288
9.668425167011492
8.731751517870277
9.58028371639115
9.298370249800229
10.126583560884844
9.582765808561797
7.755781913308606
7.850670505521776
8.107080802096906
10.352143165842163
9.259123189034039
11.070478970074916
9.241760653488864
8.289632615254996
8.97945896084307
9.4106189265328
11.013825575371435
7.579358378942086
8.31867398765888
7.617455670190757
7.6846251150459075
7.978963950730216
7.584455302607198
8.50241468933481
8.06994760828794
7.45774875088595
8.261917641452095
8.465556048512521
9.190030524641045
8.525201020179452
9.839988724459593
8.963660823065801
9.587372506342394
9.172576312518379
7.917607956220531
7.87514121190981
8.381227652365578
8.622803046428995
8.375759207961815
7.72978856287929
7.712623564633359
9.183044963695748
9.92268102377134
10.181215668619231
10.219362747604576
12.84828416369413
11.568126271903209
14.139786783419659
10.732495085571465
11.780776510592345
12.342985323924227
12.452519465158666
11.479357315696237
12.478286005190263
10.860643176268422
13.269420848750542
14.347521914997264
13.030512104490384
14.83185792724493
13.910997475510214
13.684117655012775
13.435047367394057
11.066650040729595
11.17964679150115
10.923998890390408
11.97484641607342
11.534341487080674
13.134791652865706
13.810398054595414
14.834590366536904
13.836731090257429
11.465595960681851
9.425315661034322
10.858151524016314
9.681761736318936
10.716297266542854
9.475230857403355
9.473563869230505
9.279337474337868
8.735470847325027
8.860026725862415
10.854392060410275
11.37216953603573
10.637761336043583
11.610954152802858
11.821157395161821
9.791136893612197
9.930438674444963
10.310956668354912
11.185381377408113
11.520504287383911
14.081130873169364
13.563428979233931
11.304292997394906
14.100096926920266
13.601537724793083
12.182404030419104
11.016156947198356
8.863732908016772
9.427479707221813
11.02170373969901
10.651566307326991
9.258601407612977
9.690698519589814
9.276122708102712
8.705534223096503
9.836231433518558
9.098778521104121
9.178027020008866
8.602256712277013
9.453946948696563
10.20989458809473
8.499855024892184
9.49871231647347
9.766751370952136
10.452034847656037
10.584163627976137
9.608126447035009
9.263093510573894
10.105430266106895
9.78916483858424
9.296396708658726
10.259895149436216
10.611890384032481
9.96099138811263
10.282924400449255
10.609523630241462
10.49972502869383
9.79316563533775
9.561528335010173
11.501472321966325
12.20378262399085
10.633166221650562
9.560744916258628
10.247899159728421
8.938458427466434
8.369495117808095
10.051941138485413
9.024752198850715
9.585812829678453
11.38089484623833
11.700435028655525
11.909861747457594
11.413526715383766
11.167342248428643
9.642980739385022
10.06131460246971
10.892541607997396
9.97192021695261
10.469060457016587
9.921576579963935
11.365205391134756
9.571316986172604
9.976242338745537
9.434945357960535
9.57609568252274
9.663488280775937
8.969549633206306
9.909998027459235
9.935404588736398
9.913994058061807
10.848164220006234
12.240989674777973
11.176986139628935
9.959064413950475
10.633692680942072
9.868342778724541
8.973537208424569
9.719179129574739
9.482036137678323
8.743238019629443
8.615673668731208
9.76370579545452
8.115553323316036
8.979966342023232
8.867178292576744
9.209659001554597
8.77974494041993
9.715691917121708
9.777775246105397
9.146550831979784
8.705982203802462
8.760956335611045
8.970959454688714
8.715874612885179
9.915157765679684
8.807915281539158
8.677749233908392
8.737580656866564
9.608508740496893
8.204594809793033
9.07590010056621
10.934860816315135
8.976165250457274
9.23053811371223
10.211061025836031
9.727960214061696
8.732870974224857
9.18038561999329
9.6336120758728
9.590156545052578
10.303776429807558
9.736535523953712
10.19315164809601
9.65082769768979
9.410584480405552
10.777792374159068
11.382106954207439
10.968215501707133
11.190224538081763
9.711632280994637
10.295183853551476
9.430999530254534
9.55733280780758
9.766112738308621
8.896317453705558
9.006896939713323
8.770131824866302
9.606605413547586
8.869667817386812
9.166366094863644
9.267436897864098
10.154792721801805
9.55420008111954
8.84615978795196
9.176580757301304
10.094608542544119
10.333256806160795
10.619320769327453
11.23598079378954
9.967309129001693
9.659438844929978
9.330381688119271
8.772261628280958
9.733540261079861
8.929299365991092
10.614808940187038
10.275755189953038
9.790338552855228
12.17079323208656
10.503454431817758
8.788947046981926
9.753902669595535
10.407306809374008
9.908156095817619
9.74941879042998
9.424544618441631
9.047829231781257
9.28868531834384
10.034380362841354
9.238421295265242
9.752966609347377
9.710772355333479
10.436984182503414
10.639008564380385
10.424237586146457
11.42495076410836
9.158195903283964
10.155441223559372
10.379959321234809
10.306426201976132
9.86112115222288
11.017093353212967
10.514425838659678
11.155664247619109
11.404319798225751
10.408703516618047
10.443004530995598
11.077029182081406
11.365620359834022
11.201754789922106
12.404605237137218
10.470942814272775
11.503112311089126
10.471261661507427
10.081789689544198
12.313457380176764
9.346524846167528
10.853765748672354
10.602819738461207
9.530155862879617
9.109230875306435
9.494616294291912
8.93067297696329
9.172693408255574
9.610426145289555
11.219621472132705
10.416953291299441
9.763625707035816
9.661430288073364
10.555076687215033
9.644285291430899
9.22343103311699
9.616554887315097
9.58734479532159
8.83803646862862
9.111342820069318
9.447643659265163
9.693980991698716
10.608328120840222
10.456545293281485
10.269786340603828
10.234021017016643
11.3870417649651
10.605639616646783
9.962392756466231
10.744767695363542
9.928492121560902
10.165991815735728
11.070142056173598
10.72253868099046
10.337250527839716
10.13322914492053
8.673897523436356
9.699776308482065
10.445374983592519
9.92939804585786
9.409556914811214
9.141655336054477
9.241602516857364
9.68086727420884
9.789726090882219
9.967549874821938
9.281801773161595
9.510540670539118
9.672082779272472
9.70606049358752
12.110587213040267
11.657299524874334
11.294708212132413
9.855846775177255
8.5408869675918
10.752800845024002
10.166230216579052
9.716577211406618
10.34722892941565
10.105972809136059
10.718484799401967
9.434050579529272
9.525002078110617
9.29400488933571
8.629432412582151
9.302495784234043
10.762914955881511
10.15717792823985
10.93689391389327
11.061240943097573
10.751376977548594
9.69139646641125
12.991653112012367
11.407769110775382
12.066624153139555
9.33643941592255
12.94636457166273
12.670009679539426
11.366800928223197
9.403566425574752
10.8804718498826
11.951708880230182
11.588992169193622
9.276045390669482
10.267854565164251
9.448994703621288
10.561628382527383
10.03447654402182
9.460830321192162
9.582206003141163
9.337493718156868
11.023856528816781
10.782817836917552
9.527203197962127
9.006148866915579
8.924929212980087
10.145355011134011
10.840482817214681
10.151881923470663
11.995170931369048
12.208631966053034
9.06324465639644
9.953894934206284
11.713101150568491
9.384484519909329
8.712707097912379
10.261924830976529
8.82739916652196
9.23328697017231
8.531831476908087
8.462636653454686
9.431671422836457
9.16382587307929
10.345799141643798
11.057219077112908
9.631262801366006
8.048757887041521
9.084633588291299
9.291457820118959
9.838913385530363
8.461204817378768
10.294918288500346
9.435621268790227
9.894031605563447
9.406645549620734
9.995397623474854
10.504359931358213
9.571967744407633
10.238980002302876
9.505131867657052
10.867382051259126
11.2935961950171
10.47339954485059
9.662243717499173
10.651663666059829
9.048116774206042
9.78065060918493
10.43832715810401
10.878776798630332
10.236593796792652
10.499959173780308
9.879054201250375
10.490167781105983
12.364109739901483
11.207249556503513
10.239994601764685
10.407373690879252
9.568862585103222
9.580447333247232
9.300700262760984
9.987002905411623
11.32137813592741
10.0024792129821
11.510608734698502
9.632855980821008
12.451260249555284
13.698763064511354
16.101523521972915
13.81448213681882
13.361425212181198
12.63899586418209
11.608648275722935
11.886278104063868
11.48995067804909
9.802375639140939
8.934028880019744
9.588925848952814
9.580802346404376
9.284921337940748
9.766592235928636
9.133961845883123
9.056927471369402
9.714613081298365
9.41727513416027
9.267192117693744
9.38439805408765
10.16821468927217
9.736036395462813
8.863555566640374
11.57519552792631
10.824303794778581
11.548980035798271
10.607520460857545
9.21627601752066
10.179936736038933
9.79082850080932
10.246046147577514
9.201387812886335
9.757228950770768
10.434647385571589
9.642032156420902
11.295892544234139
12.27571061537378
11.28837132719996
10.653928405603704
12.715456003349646
11.010137109655023
9.895115925937812
12.70347169178196
11.393834931155054
10.227804575468282
9.094943715344842
11.219390550422107
11.143138186053
10.871959879068125
10.807995543859755
9.715299178228339
11.553884490540463
9.12811853993715
9.329008885836823
10.967160918224435
11.77095774715417
11.643186085167489
10.947824709207802
9.0867278244
10.813582545357198
9.673727320526126
9.70929039251074
10.07032187424288
10.366901948190149
10.026338483878371
10.334438210847209
9.864843190702565
9.63710839391335
10.786371524496477
9.691284530271608
10.504311034846754
9.730309858827024
8.609476382679073
9.636849173950619
9.667613549312884
9.473437391821852
10.313182032262045
9.928903532218591
9.32694328415453
10.715213733849263
10.793184420608663
10.21975999187552
10.844104809129584
9.714741429023077
8.746367782104455
10.085119724329493
9.88782616707228
9.393868186072524
9.55228321719599
10.161316478864542
10.28140631082995
9.143414692527063
9.65612199883477
9.536676560715607
9.22168563016654
8.714929302132466
8.78136885016387
9.456598610316233
9.089803077351217
9.524834505763929
9.479367899764737
9.041704145032087
10.218670203179903
9.671815525951722
9.659689423314568
9.486399992067934
9.954002458453488
9.492130745064058
9.127777625322091
9.284948294187876
9.008959932569264
9.408038067533251
10.2291928368821
8.377401490905045
9.06570898164533
9.500097064888466
10.090262116710713
10.11116244252516
9.480217082941355
9.194507443710727
9.253318263840344
9.857892547248888
9.524125095695412
9.706639933392044
10.022929250381393
9.03830852339434
8.602424031080332
10.785259622271395
11.635141197323616
11.112343792727657
11.780665513056222
11.730646044576549
12.363663176306526
12.550209828191573
11.53709244342019
11.531644362499222
11.250653548604097
12.85711415712147
10.667418974739434
11.149947535913787
9.4269175950593
11.016140051863907
12.380665925213627
9.910021518336587
9.346724402082465
10.268233539060988
9.809518354860781
10.074041598744351
11.08609169557989
10.610350019302581
11.279749593388127
10.924969023515754
10.476997921758162
9.653467494384534
9.431255128829239
9.494481448469982
10.0303606482073
9.76127678062696
9.721879959785815
11.077291720804466
11.409445638011627
8.75722999959757
9.920083766799063
8.65940219516024
10.04644435644708
10.1009559568024
9.550914328357916
9.496352023846976
9.39716875731012
9.370329135530552
11.069603423954469
10.586058569942642
9.844603569155428
9.480530293266751
9.115656307464093
8.811644188222457
10.058408526792975
9.854164419483158
9.071791791701953
9.788614006594354
9.536720942708639
9.5189838685548
8.778188272774319
9.738099548808197
