54.994087344834846
54.99379719877137
54.28692964485966
55.20503911304254
50.82409953519314
50.61255266267337
48.03464528288981
46.654810949216866
51.38602700687902
49.647199586935585
47.33432477670686
45.887983150993385
47.354091622368166
44.7591974161349
47.189400573111826
47.91800169758031
46.517567162550016
46.909348959828236
47.05804462731358
46.16770828180031
58.08468016263408
55.78603664916317
61.1608102820445
54.34123461439508
55.406703268884755
60.136696888681264
55.166578962960145
52.86305179408215
52.458536915458374
55.28161940793015
46.713366490295684
42.26317969677488
48.85789133885303
63.969282224254826
53.215310050071096
40.53582299897455
42.32672641196724
48.2449122589977
47.48507204382293
48.69488715895903
48.64393521783539
46.7126739656151
42.732136283787895
42.12940796343368
49.906562591374964
46.81225282652919
45.7300157842651
50.48829804157895
50.43349356230084
57.596262183747214
58.7496223359385
53.20925277347484
53.96735443587058
51.049264458612924
55.33213330360299
50.06561747009623
50.57347765904793
52.34115998408587
49.17959916171833
54.10694870406284
59.57115632838482
63.21293268062682
56.24706177410708
58.657927578889066
69.81896673459183
60.2063265865513
60.2679861560162
54.75675935274551
49.418696971552414
56.51889411387109
60.52556051596926
67.06257100606223
60.841184983187716
54.52632050029613
57.41243234412703
58.50873583429153
49.23644914134404
51.019389406801004
53.276866797059455
50.91825869706884
53.0234660653708
47.67488325976747
47.305107698239865
48.611874207886814
50.18211426633858
41.97167151395781
42.24765190330183
39.691596201317246
43.92549523581647
50.33461347385691
46.033681576361
49.122933103101644
47.186016108975984
49.695422497080244
50.62362677219271
50.3484928556204
49.72507882371594
52.296209120962004
58.03705913925743
50.83549394542305
58.533763935465984
51.42235824263221
56.03207992244529
47.20017706723036
49.959730724423174
62.4378650289877
65.67918491585772
64.41982836996003
59.8877882265197
70.48696734238324
69.602443032425
69.18826142213851
69.21270315162168
68.18362611430177
68.36151297284142
69.8830493489145
72.94143998668719
64.54746166381679
74.68244146837077
64.09119275364992
63.88994628482043
62.9646587188838
58.45047977475815
56.76772305483592
62.98073328456525
68.37106234561423
60.70759835586374
64.16144213239463
66.24721101452955
67.81391833322414
65.46258493159382
72.03815986682892
71.49351680669034
62.747689658921644
73.57089438636122
68.1463200780473
75.04588040509215
70.89984609014695
68.16967852045207
69.26928998610033
64.98392494845363
70.39342654163097
68.91030654643657
73.8671646383229
63.70540533041131
67.02833567644103
73.49703339103458
68.40434414909103
69.2875523962623
77.10003795590481
77.57961655280789
80.49329338080231
84.21371224349156
86.2008725257625
81.62802168864137
71.98419374641556
73.52901272099311
71.02601975202889
74.48698602203005
75.72721153210098
77.27699005213279
81.13620763486685
83.99342239040955
82.74627978156357
82.18744096139716
73.84873524365872
70.98168110873803
62.35889859305392
62.65447984021957
65.76389431936782
67.86161134854345
69.61972482829947
74.23528990009635
78.7589458433121
74.73510351729098
69.07507803298175
69.42491418290146
70.71758917135017
71.02619422044533
69.9300583401476
67.9099936682379
68.2111508517711
76.900739945932
69.7831059382557
71.73761281952054
73.69322178693741
83.76159842584835
83.11177269307989
76.44694843107771
77.17765164016669
73.91853162713257
71.91688264385549
69.06113709017225
77.25277746278805
76.92526127391967
81.04546471234987
82.83639147698563
79.69650519278031
81.1865016413017
70.92559508712931
72.57359136823325
73.3007986593395
69.98019404434712
77.55373632957945
82.5294848640686
79.67016708739196
80.4496182609919
83.61458709653493
71.64388118231248
67.44119952393402
75.13416759149723
78.00809605661851
79.1712453611625
66.15086768534304
79.39561760139621
74.27311257105676
79.51803515002176
76.42834836419819
72.84255796225388
67.87770190641118
62.28626513160998
67.33278327189369
66.59506447997282
63.5370576283797
70.61991397207326
70.33805040866972
67.96939878645341
66.94472565931204
66.44634405929133
74.61614811093989
78.11420664161724
72.21958338325999
68.77216724322453
69.11725693033708
73.29016414165288
70.30584482728769
66.52251174516374
68.40622776686142
66.93915268818574
76.77666887301068
76.7021778324186
69.65925266997044
68.21146655848577
80.20320397061259
82.83949216278543
78.84997420915126
83.78942139645667
80.62686472460707
82.48379255626732
75.19420512526153
69.24818792491561
62.49528000407387
65.52401930733245
55.15045992904962
62.50723468046263
57.50236711846014
55.867462948874255
61.00661937790683
58.25331237884523
60.62787256581234
62.74884778651585
66.08590089612282
65.58851191586255
61.89662680528764
68.01030063842784
68.97509457678927
64.06827761218074
59.25032233154683
59.028009750633956
62.621562708621326
60.05523841968573
59.15646899206327
59.090203272358615
56.882278114943425
55.34514526201305
56.445557605837735
62.69933631385814
62.2642102431455
66.8198869129363
68.18318705054197
66.7641895036634
66.1551889249329
64.22531783148898
66.89667141644584
71.07889235267008
74.67104646520649
74.05230344143376
68.51140370732134
66.4560613234117
65.10767363914559
73.72783991486862
71.78563995954579
75.4916639071075
71.47910393788266
65.77056338436746
61.167914140123905
58.142955702014696
63.06506547258863
68.78628437899843
73.06034372487716
68.7148605924872
64.57593658228204
63.75098749448279
61.11084770474406
66.40295877975079
69.25211260712865
68.59715283235398
74.70331999418381
72.1664324724808
70.17233266491812
62.018680125902875
72.79527635130906
63.28908821057575
62.56987724243319
66.2604492024884
64.26628200240053
60.246488846113465
56.217061659076805
60.7230494678718
60.95839424022866
60.39411987442656
64.85790509465545
59.77651893533959
60.403608551589066
64.15612703829296
63.20448810554618
66.82186952308251
62.70463255693778
66.63165256466567
64.95734768436182
63.77783248318187
62.553816925386045
63.3343884884988
56.62216075825343
65.4114106996321
58.35038354367468
60.81830550673434
55.39598509098412
54.73769755518713
54.5799151126338
56.51163700097106
61.61825700986293
64.33240558211449
54.33908194481058
54.66776170077794
58.326060573995655
60.10757182822503
62.3588953848386
69.46722991976448
60.64972018821034
61.007391488060854
59.49960989434435
57.00127080698063
58.95350481587343
67.13469803016709
66.57155516986022
67.00184022030604
59.936058345886515
54.827518371621686
53.607277960632224
62.844200703817435
59.7021892288565
55.4679401534194
52.582184059206234
48.46618734980452
53.169309643439384
55.16544010618633
60.763650397067615
52.16130168280369
53.49009767094723
53.61368901364216
57.3438909124958
55.437088640746445
54.506911696800806
55.83562728994178
59.03780250482106
56.21123166246085
55.49619286777212
55.726360247257254
63.15668903645968
63.148542530659874
54.46220627496962
56.38871929384466
60.411251260940375
63.777870334159005
62.250599560318854
62.95126746546478
62.026957932053406
56.05141118051447
59.254479995725866
57.87504409798642
59.20235030231677
58.22697097618134
61.481579158803704
63.4477456377349
53.96324039421809
50.53191054576433
45.94956646156338
43.986848605554094
49.06845695745483
41.34366664029941
44.81578163167903
38.55982626932257
40.0634583060884
39.590546585261464
45.49976447130731
44.59311464366729
47.07652419937946
48.92910528589103
45.832158895144396
46.40614263524553
42.695038872280136
40.4767625151677
36.20559651421183
38.48310189972874
38.86194264205423
48.369848579504044
45.75975092775781
48.29254440398519
45.577467343538174
40.92037910638486
44.287511440928874
44.73986965266404
47.97621770855139
46.79953527892131
48.618177737486015
43.39185079054578
49.86318729721188
47.090464060153735
37.58764838363784
43.168638484707444
40.28488051595635
41.5746238759399
36.92757680357884
33.75037285626631
41.47061309205633
45.80230222412279
44.69291151094597
53.73449296952922
54.545281828528054
56.355217477814016
53.058463819737035
53.59508271531583
52.020892478977785
52.72463300123055
50.53847221053264
51.423052874661806
48.37995664235695
41.30761685285322
43.98830413101388
46.53341443131122
47.31007214289759
49.74719165288774
47.051231133367445
52.06741764963968
50.59291462514376
61.494106972651934
60.70952153927814
57.6624323814609
59.61768491395628
65.294872774515
60.60330267385492
62.310734217823764
59.24322202976084
64.74277301171006
59.42683475088016
62.84807622892322
59.1443332553714
61.737016328780015
62.96818346922025
56.09213539042876
48.45497676106861
51.30427270718435
56.86386138871268
57.57288376578249
53.56219797336859
47.613241490624475
46.9930234010604
50.14638984778491
46.198277424894805
46.73002550872202
44.46582263005709
46.435827016356605
49.703356550839196
42.763100380741406
44.444919754654784
49.48768972021717
49.35169642864696
47.66859902692794
45.54454950276132
43.89974477145464
40.91248903813621
46.63426269974766
53.26521129697561
46.1932006670388
46.8296878675128
42.744943797460685
41.503435714227
44.81486561821085
44.263548467342545
43.42323997069966
41.16063353312724
42.500766194358064
43.62977282506351
45.90745895390535
42.44300083610323
47.6920129093398
48.9215050639518
51.40390485502034
43.35772175212818
42.728594080596224
40.53268750105097
35.55897457045835
38.08551848856988
40.355629714230474
43.74561836620782
38.56551114383642
36.25822255827716
38.66072114101002
32.105026301796634
34.71668874158648
34.13387513793106
35.85848865391864
32.55938482090679
32.266346373868544
36.62090217670102
39.231812654663116
40.61233266804161
42.98813404620576
40.40589698731447
49.51175210131308
41.98387341919698
40.81228987144065
42.02905401263928
39.71708453877127
43.52024327942612
46.677831919992364
53.31184865465408
60.112227561029464
65.81008342260584
65.54408593441063
74.01783914254071
68.0659240627874
62.73186994742139
70.63245479360586
64.53589122971624
63.171937273266856
65.06625285388532
60.6004288073951
60.585393159906424
57.22139960947974
59.867674727876725
61.850580870731015
59.04553736129551
59.924970185116614
60.170363772959405
56.768307679807
60.17042398484596
63.86859415145653
61.93942590281159
64.12131335641773
61.89693061927312
53.8107796147298
56.799454535959775
56.46566621055776
56.74726534077316
55.951443557950384
58.269906056071065
58.84749714868848
52.769817856350656
61.39792485847645
60.608617271032635
55.83657431695151
58.61105346566959
60.885103146158066
60.195938126863055
62.801909979113674
60.90104470775407
49.059752617948455
46.1420503825046
39.96765905242322
36.32588099580304
38.19235608094289
39.17944229186732
35.0826223879963
37.530625406176625
38.109174768025184
36.083725142682844
31.836201262977802
36.71276260180776
44.4816687940814
37.790473425723775
40.11524938665381
31.225653691919437
31.211934035193053
36.67108930820358
43.32872885199833
46.75484428826224
43.40249100212394
36.55692253467343
34.60083568700405
34.27904029684034
36.06904891380497
37.46277951432815
38.75515574268191
41.83904779561348
41.45276107976884
42.13967124868462
43.51538177374928
42.20673171026047
36.63864235952221
38.675018636808375
42.63074795442764
44.168292039878594
35.090137408590934
38.22019023384948
36.00968708870394
41.724859751083905
43.692833079670656
43.064504853665625
48.104986296994774
54.86836506459418
49.783403417975514
53.20784098362835
52.70824944436928
49.23682916517385
52.915944460597515
55.29575566296288
52.77223541017437
53.789141262254866
49.44326633936378
60.37323362883565
66.93604842417544
54.74885785255481
47.392122304795734
50.08694391400909
49.741128586196965
47.02096751685504
45.44532800225755
45.69901999526394
42.883850642595036
45.04175988236145
44.6189336092247
45.58560469024112
45.254359901279315
45.66931508969636
48.551218747282704
51.80651307109434
50.331107786698965
52.98997655437129
57.84465660300615
57.1725190073948
54.819086949809005
57.93146788268569
57.86918985198889
59.07678028196128
59.7921629253189
58.747815580757695
52.83961558363261
60.30641773938021
54.88039586426765
62.80378898487001
60.97303291909325
57.657035090825346
63.9347828605772
61.89178929638682
59.98696085159293
61.66956037976264
56.48611412289287
59.6828878815024
60.22016591969257
60.15576446348156
58.841424049749556
64.41019053209882
64.17797606380044
58.640559578252905
54.808456346098595
52.026207500122474
46.32847378075296
42.046176958544265
39.64234590286168
35.263201091108236
45.3038173375253
43.98461159981647
39.24599931936105
40.835071492427716
37.73844941097811
39.38103616495812
38.35122306793006
45.50684308645359
42.453815204539296
36.46273838276344
44.03409554092569
44.84891701260801
42.75786067161996
44.6262770318796
50.4370417706084
54.242916912516385
54.17428081946987
62.8920874477002
57.105301291482775
58.23549662621322
57.44829703639768
61.93410242449941
59.42162988453449
59.206444207452684
58.81157150864047
57.397617373940626
58.10654355810312
61.817563099278956
59.0545353027219
61.017735520318425
50.048023057561764
53.47469428364978
48.90909035804781
44.60314271654189
45.4047683843917
44.30704171315201
44.58439868224477
50.71250305001308
42.5804762115691
47.15867610752922
45.74899679782005
49.58449070054442
44.92051042209321
48.3071288852289
46.09723931748299
46.005186877466016
49.26075008984957
49.437232510057605
38.04954875684547
39.388220334304826
39.87961142749141
39.15119563880686
40.08045249338274
43.21970380914834
42.83062818786218
40.82364709476753
38.042961553113756
38.66744747766496
37.914236781314344
40.95377396535205
41.84790666755988
44.3818835318919
39.31545149878341
42.05833351384017
43.74649459070898
32.94771700306964
40.5516998917438
45.77469063695984
47.70912088159499
48.7967229818605
46.00450084863069
45.76215178534131
49.16152080667177
45.46965994916779
44.04819231897583
45.78037663864623
47.39862386773105
43.00204707912239
43.912697246242956
46.35027381294974
49.42524681516181
48.45332960326485
49.95092438155435
45.04688332256541
49.194431393468214
42.44652120233809
40.052465193611546
41.121435173580885
41.46830917889124
45.59442106275046
45.996336865336104
51.01660790788119
52.37003856553959
51.08874466502256
51.65865868839693
49.42703367393674
45.31909083956728
37.592083621108515
38.17852474821522
40.956258078937054
33.336353817061486
37.35277356542062
39.449650741980015
35.65617250879184
41.680797183534416
36.20024961836308
35.176633912881236
39.66382155596278
36.91790825910144
33.46426702329327
34.29831598585512
32.0169124639711
30.434136451342955
33.39143681603039
28.430173485423587
30.62899454160577
26.652390976466528
27.12453899186131
29.50556998158306
28.112929716078643
28.915974467102686
29.50755230636816
24.307089315077697
24.03409103137701
25.504988148426353
26.107735420538734
24.426739058259667
27.37178995522596
28.91890992871855
23.96067708093942
27.54270942400433
26.220839706125798
22.999086238600757
22.574093844481116
22.971323576246654
20.515357140658956
22.118972191255164
21.49316617526641
21.380330282856104
19.9712810612162
22.864193330881168
18.04911551695897
16.51682720102957
13.731453341012491
12.451289525358007
10.562578818178112
11.644901275832208
12.52759305128522
8.80574361240285
8.563758389413923
7.959459637022327
7.854360865825663
7.468546544319949
7.79960606078328
7.847746406202442
7.917405809112358
7.533946929570765
7.473653679016865
7.692253422586082
8.070379841370732
7.82462523233425
8.064536370334112
7.47876583684876
8.171181158623288
8.19671080981388
7.438279627633511
7.476245476393673
7.95401642291793
8.311190338582517
7.777303128102952
8.023414127079292
7.486372237996665
8.127299001085488
7.868266061618855
8.409760990689175
7.940383973546331
8.199000149488008
7.639248720647684
7.696012937321398
7.8935701498601345
7.793484468555485
7.558695144706363
7.76121608540747
7.595370357069603
7.619051884009732
7.635565147484322
7.680860953787983
8.007541879110477
7.812490201408418
7.6312599985241025
8.431840716953474
8.153549290908778
8.22075359591443
7.722012000435862
7.734875490003201
8.137139323830327
8.33788391978717
7.704654233561999
7.974885043282151
7.651602925337474
7.814375077745928
7.964588030534452
7.4302379156782346
7.4728625631675
7.830817913426772
7.219162820744414
7.730888608321718
7.5679961446431445
7.4707107898086145
8.568924521892455
7.404000115145902
7.716405384428958
8.186963687834961
7.7295207069379375
8.223144688316962
7.666816865218165
7.598285211451381
8.084567631133318
8.029835441221287
7.9509060247220456
7.678748769839501
7.835549301479077
8.202530550422393
7.693613348487999
7.553133658488914
8.080259506735574
8.08686472478113
7.3764928474815274
8.198719610918657
8.487292786326329
7.717765575335635
8.23734829720329
7.803532840180166
7.80429296704554
7.544379522855154
7.372421289421006
7.819367692297611
7.535447245544786
7.63078165974627
8.052039111414459
7.826482092643046
8.026763443343647
7.85810581730698
8.018277281855372
7.998555911335596
7.562897968511292
7.915233067719138
8.10334019779647
7.9199985084321955
8.118790026883246
8.140929307869365
7.819572799654568
7.632474371706095
7.92862225570637
7.633235720645203
7.172154627227779
8.073681196549819
7.827186950401738
7.678948285741318
7.751155293824373
7.426886203688364
7.833852584916985
7.470219125790634
7.556355517492435
7.936734473683189
8.129423864388416
7.725934614144873
8.214242119803874
7.6175280022454395
7.9609621753323525
7.608107504938941
7.94944569509748
7.380236763562567
7.581273665846075
7.886750881205472
7.823729362562597
7.8358701724806945
8.321977131705694
8.129712617510476
7.783091783940583
7.8198825928834355
8.173784787540702
8.21527079377743
7.665091274616497
7.783900609259151
7.809888249662675
7.445806615687006
7.745025100101452
7.6861160863534375
8.011100708573627
7.766880153511231
7.874614763523152
7.63106518553357
7.680243660512114
7.4766869241092735
7.991177600170414
8.027425103858642
7.911741045554062
8.070440536722344
7.516367028111734
7.97746507952146
7.8052072634845455
7.747275447798359
7.810413643883762
8.325535870719621
7.527967730131072
7.701654198115746
7.441334653359013
8.63077979574723
7.523700382464739
7.599198585621463
7.690866187016881
7.922821469590981
7.6387430673242775
7.817876427212633
7.531367474970456
8.157171549137953
8.284571526444505
8.174824675666406
8.365137588800087
