27.57730342310493
27.57732465768584
16.64663462851731
40.56776590596742
12.012398077693241
21.012260191273164
20.90110366706012
5.343090114236638
-11.340958186825302
-27.046020557621095
10.90400237695854
-14.114809918490401
-12.124967580926764
30.278195189055
32.599437687082016
18.33959248383705
-24.24248164300788
21.744382499330673
-9.78347469367686
-13.038430466803318
-13.52359869528437
40.66432262247526
-14.03675751241286
22.69557956833516
37.857976599047866
-27.34346564423318
-24.69044215586317
21.93893391635591
-35.377934092701814
15.365811718772978
-18.286217960600098
11.577917136489521
-18.2644967689227
-29.459850931805978
-29.18441959522348
22.412182885468653
-20.205017172498803
43.903368359327125
-41.24981921302557
-56.93612395959297
47.74951837983497
56.61934905963203
-50.60264109236114
-48.22681901343015
60.34373671495766
48.75204580823161
32.384570458753345
-28.076545549293552
25.952265159463167
29.063341664975056
18.645594174914905
16.40777050329361
36.31339607174282
34.90588153856854
16.142044608801466
28.31277954752107
31.367994839866196
29.253143261208592
7.018017568716498
19.748739263085533
49.37496474773585
33.29986779819801
40.334975852896065
43.17321379302659
30.46124600058499
37.67487094724933
21.05292523963716
25.793178798971528
35.15807270483458
47.554826131724006
49.64344649752088
46.33620145551483
40.31179358610457
50.28214200815739
35.89480715193074
16.397985904379844
22.793093769916553
32.554836562035774
40.542615385445025
12.759462902746586
19.105321641346478
30.126104571987778
22.591501000110526
21.279211215594703
-6.318242774320106
-24.47964720446718
-15.545849958531633
-20.984382501474425
-19.221376121284372
-7.652416534825586
5.319536352355686
-14.360738879782138
-18.954423520610725
-22.60928251437021
28.888266898927466
29.115656759131824
25.008779470574762
16.267356727289492
18.046640037598827
27.47111346427118
29.721409723280903
33.942787047467675
22.057073957154167
51.664623726721445
33.65370241127879
18.019594906069983
29.65156123605447
49.986670161499745
25.2107939162539
-24.280248681726807
20.1548101771342
47.49339280717775
37.30693003585153
16.557576547560064
45.7131118669826
45.16800532608889
33.462117684249236
35.09159055123384
32.58090309213185
-40.57144065093112
35.30478117202194
44.07491519973255
41.385871144300836
-24.771168660834245
-35.31375677044085
38.66773281642135
51.54520555407299
33.28156307805113
-23.304875941127595
-31.00230471590278
-50.095884912785294
-38.058560229516004
-34.73485094388687
-24.33272210548399
-26.62812269838062
-19.76757060466165
-8.84607225359197
-9.241857210787012
-25.457632488702615
-25.8933482722555
-11.623273370311566
-7.365183586712893
-24.181725864268085
-15.368129629229006
9.497616920027669
21.927559769044414
7.085149007059287
-20.026969053018213
-14.3397965634054
11.22226145845074
24.076891313465914
-22.970473792690555
-27.60375636015472
-16.555557566558917
10.881309370044601
-23.007445867954928
-15.543375149790759
7.340347223242585
-24.520160226120552
33.896817934167125
-29.880666444083456
-16.098554401508515
-15.402308325896508
-23.998573158982527
-18.338220988669867
-29.67489954936323
-18.24106556197023
-12.38272212291981
-7.21242781010522
-24.05402742378309
-28.06556841512842
36.02435539063313
26.29603958281243
32.581408537393685
-40.40440710831938
-7.783010155661472
-14.001296985734834
-12.229604415126081
-9.205920055901684
-17.772161371479648
15.8129233018265
35.42261350109334
-20.11125463071463
-25.789645880017094
-19.094863785138543
-21.25700835889978
-31.93000282997644
-49.460306214833814
-54.26966589728582
-56.034362211594804
-56.747617470812564
-40.19370410088547
-44.811028484088745
-49.93403707989352
-52.81543648922313
-41.5940992205056
-49.812618160003325
-50.848365190751494
-37.18007044667695
-47.77463080694428
-33.735558704744406
-24.50800108616762
-35.54116244396819
-26.122375169235493
-26.292770152409904
-34.13254438274
-26.709997451492555
-29.498966575058517
-31.848136832141385
-23.660075632825787
-14.65346279395503
-7.7647426432646185
-23.222572206999896
11.634488091701119
-23.84846813584929
-19.53409030984373
4.285659015654604
27.831569081902053
31.44759082573212
33.62378254581197
20.213146907061542
29.854244363576587
18.560221805474146
22.726343164008696
27.86075153250555
18.20396833160107
6.259719583685584
-6.445798498411796
-6.945303061174928
12.840400154435999
3.89077589510073
10.251424493590763
-9.50796799399039
29.51669928564516
22.303815845425216
25.649970153693424
27.17944150891194
33.51196037855298
32.150596317320456
35.43068424481359
26.88233207926607
43.53698854545914
46.9166392024138
30.831031174712027
44.07322446079003
20.710630405548862
21.504638989016268
11.385461296587161
-6.770974545238767
-10.930698880218674
-18.577880989693078
-13.990642970941868
-19.975279138702852
-32.36015187842849
-30.85145524018272
-30.048644534359337
-37.276145720568245
-35.80678687547168
-23.703325648859554
-22.46977469588122
-10.064866431914455
35.07398658040716
3.3664457297177472
-10.036311235833494
12.383063349248857
-8.62593222651724
-24.418107329652848
-12.712045771699426
-35.13721183458552
-13.996362146992427
31.283739216819708
25.07056110817463
18.923309297984158
33.84052193816412
30.47480686146684
31.861804999046043
19.114254443181533
8.54395890360077
-16.605811826403528
-15.764464883407078
-29.46207642713618
-23.129693623744984
-28.796987754174538
-10.003312268850056
-15.61962167349811
-26.430555742889066
-21.84376590408298
5.449771058905571
35.416759437674344
28.90367147737533
2.2018063576284876
14.164476866811867
7.425222303551057
7.94275664559572
19.009273922544015
-24.436389907103642
23.231624848064612
-23.538187369313924
-38.02484944969645
-32.216677788905784
-26.91102666097833
-20.672400132003315
-36.30298991616251
-25.223767898830157
-32.87784424769164
-32.64667055720651
-24.949985559060305
-35.432285986386084
-23.824340728922184
-28.545263652398766
23.340337671181082
18.901843442062304
37.064626134146756
13.483001510059049
6.943461927367916
26.617458880119116
23.34949643813001
11.417792199252329
43.07458611729734
24.24408330099379
-13.78120821117168
-23.424858078051393
-31.058750077392357
-32.433696761922604
37.96723809208173
46.92509642707507
55.696299247302356
31.853198657306162
32.400501626188195
30.114075888431064
-25.31007223608168
-40.07284822733108
44.22697673044323
39.69899109398358
27.972798811804928
25.188420976041847
26.050195746432575
22.93400949794869
34.75008314486354
31.394707984945182
-40.09670389269016
-31.891057044651077
-29.836595648348016
36.86476333036671
-18.671586679213892
-18.96992612156734
-36.38918487412039
10.119017055551764
16.571630267165116
21.81081853787591
25.3850684044724
26.276243048224934
23.895388435562307
-28.697398917680786
22.526912004043904
-39.71942307524703
49.959886652932674
43.249741548352745
43.036001146206615
58.31378941314714
44.064366043326245
48.472805655718346
43.805464742997515
34.42215156451381
-31.793513001930375
-30.918459462118
-33.37106669978473
-30.77705924957157
-43.04183595175735
-27.922540285818076
21.447886744743702
21.299041673317067
52.18513426721019
43.58080420630625
36.795374115902845
-28.495927008134373
-25.50372879012275
-22.735852976290335
11.72169840403115
-21.768765229010096
16.470324337098806
-20.84390893756759
22.925966960395108
-21.337051119764425
28.130324399361708
13.426315629982179
-6.267254551819049
-8.296858323698807
28.516247564688076
32.031671278852606
-13.76209942430441
4.2402999094864615
-11.80812675616815
28.91562433921477
33.838007707833064
16.11419422970493
20.926366556572795
-26.21134295388944
23.147643095485556
-25.271354840861374
-34.882960665730074
-10.575784337975007
-10.691309281506664
-9.862865285328752
-12.140238061881716
-7.555351183334331
-20.781631292458798
-21.0549960330436
0.17007635783167518
20.127760199702518
16.444592970585916
-20.575252140251116
19.524932593019688
21.275924674257244
13.22192569231805
8.785830261950233
8.075013964292165
13.719399186976965
-8.542003486694497
-18.945618890082404
-25.653501227616886
-17.793647167150265
10.646654341241781
23.77526094750164
26.139220669880334
34.65585494750441
25.37841980295543
21.73497328731862
18.086014423832733
7.532677942200079
25.195110208868524
38.0670506930898
29.914530036566152
21.5030708915693
14.203210521415183
32.18597290912756
35.19860455210773
18.577817562261544
33.69369383125296
21.3913543978293
8.95764537328998
-7.646650861024915
-10.026007637918024
16.570426554705495
-13.363336803207682
-12.325632759649228
-32.40708102347686
-9.430008051904297
-7.273089219057568
-8.265342344256934
-11.404381151276048
-6.927052543470009
19.500577344892474
27.334080179138496
18.151104415574363
4.980676672311406
-6.5604299490043685
-12.480568506014446
12.394441468214174
16.58133146184968
-18.402570648749947
-37.14809839791852
-30.461416592948876
-22.769625331361304
-40.41229402749405
-46.29828684242333
-31.128603752305423
-38.155612624717655
-42.33656583466511
-37.328701574795396
-20.597859520504635
-21.577171414631252
-16.425708528668604
-15.957186040539721
-19.21851619130004
-29.048421653550044
-16.855858596689323
-13.659570109211083
-17.192235561423974
-23.218593574343572
43.696277830138605
65.96989815724211
46.6578002197822
27.148476367714437
-54.491656878820756
-23.68511345025258
-40.315938527513325
29.87399939806373
-16.04379827763765
-38.91256489796176
29.84444478150019
-26.77068267574191
-22.838333410572492
-33.81566828348449
-58.6638200545246
-39.90328995580487
-54.412493079707964
39.20584219986223
34.99789865315686
35.438438929112216
-26.485262307368973
42.60700481349173
39.523101716155736
35.017871594931755
39.11953744339735
35.122720180156946
48.65339853073281
-54.322882043376254
-73.58231733378355
54.52400632177873
-39.826690358585346
-40.12888529357557
-52.19438245570037
-31.86892916686508
-35.3415371932795
19.864140289854074
4.7592540796720195
-11.185423082697326
16.900846405027526
36.380483807335075
23.611519280610803
21.392617320492622
35.58790427820747
30.438094290336327
-29.39599712095939
-7.460873919339385
1.7171869308466252
-14.227044095061645
-22.666997842100468
9.16609421013789
-9.914484106885057
-24.663095981481995
12.934263833024279
20.70230252231288
28.086157797078265
37.23210535878327
39.89365802277038
40.67824293645502
32.96157742524978
23.908182035499973
20.52222227071248
23.47571738753405
28.948269637999896
29.457702693540718
-10.360909477061181
10.37626279177698
-23.996554533067396
-10.413040368644744
-24.827393054329864
-34.36774060158844
-42.54975620995701
-28.544650429082758
-36.352166135800786
-38.786719290948234
-30.222325744504136
-27.89302752932066
-10.433751131924371
4.676790255102613
-23.359870559168087
-23.455836423252695
-19.264648316747998
19.03313430368782
20.06517659610482
30.11774874370744
28.98576261321565
21.332249788219485
37.328461909774745
13.184494814672147
24.820220443971113
-14.977208979551508
-7.571008244033531
-14.771731997199588
-8.829045875181544
-3.0092304468031976
-6.047141476434667
21.989662641518205
31.601506227265073
-14.24612064681837
-29.99297040381149
-21.041383547291243
-13.557544886383425
-11.596517711411888
-19.874630606502315
-28.57759922726529
-22.675013066259286
-27.784017138257386
-16.588496243791425
-11.737369499549706
-15.522928404997703
13.384322982169062
-22.565631186572848
19.10265969161552
25.30448533725756
23.480607811233583
-44.01894993862542
-40.178635606339654
-37.43951387547765
-54.779174843302314
-43.92321654458522
-29.551695140425636
-36.037332043365744
-46.98487078033154
-31.20869385639561
-38.18287737866777
-23.410365673366872
-25.362769681435623
-12.614911824633749
-7.519410229620706
10.76393252733359
-16.80131917219146
-17.04543555192953
-22.900033049020617
-13.084923853713487
-13.559008530715793
-10.417567917155317
11.888917253870105
-15.883693951901686
-16.81196524497618
-17.58783720920914
-26.782043763858702
-37.42336192086348
-15.444280454980493
-16.569451570558286
-17.16858385663986
-31.778342750792078
-13.390464608086385
-16.70957964089308
-11.286288268601059
-25.92627490906871
-30.038499592670906
-34.28077540990169
-36.05546255168706
-46.99173030628224
-46.57845480426938
-35.94851564916373
-31.539367352038898
37.549200997676124
-28.285586135063134
23.235238434772114
-6.627838820651189
-27.347349262635962
-17.048240737402317
-23.46120087217039
-19.02948853633352
-41.730764834290326
-44.992982749094026
-29.623009463227003
-22.365022334364554
-21.56967519279542
-15.726585051103175
-14.299083825316872
11.08813514451468
24.39416499303902
-8.449485873008163
-8.115855739848922
14.552781291969545
10.125697952432576
-12.886716589856762
-18.502424060396592
-26.423848141621264
33.75470956579073
-40.053728175297934
-26.379347329431038
-28.427323622599953
-32.42369434066326
-24.218589361243414
-24.447825636076153
-24.67856700935165
-29.39328061772568
-19.958953969172416
-21.937281308593228
-26.49432188909615
-47.6864950298763
-30.85460488696207
10.790786485293497
-33.35832419844304
8.64001244884467
-13.311655506182316
10.161589275001672
-19.880962193215815
5.0034897837568275
-24.14531703483721
-11.554262394728912
-13.123995599141221
-10.593163770610925
-15.562418788225937
-10.965591590307532
-12.300695599912254
-16.172590371893445
-30.136208883613822
-28.621327879464182
-26.160095725489384
14.702266819620155
-14.354148714253089
-14.137568949184717
-10.749845857561814
-14.777418788454934
-36.452200594144514
30.911573700395692
-39.940662551642
-45.6200913457279
-9.25271800784382
-9.991391306532865
-30.33984463963428
-33.18189003436392
27.559511408722244
30.43257168358663
-37.672581931115424
51.6353389723386
61.83538287461502
57.536940896751794
31.993749941769398
43.324513121119466
24.090894520375205
-5.9825970512458015
-20.57520715170066
-16.850945397653188
11.285130078845953
-14.018042771175292
12.369774163133734
-15.356617903994861
-32.5089657303236
-48.89195906223598
-36.561222011079536
-26.891620895386996
-29.86161304662955
-51.181379142235414
-38.23268881735278
25.5490885709006
-28.61707647710934
19.870678560811413
-29.05713781197772
35.5268324450682
-36.01105951303499
-37.55346692223454
28.379616034564613
41.038554924620094
32.79887750135296
36.0130026434048
-25.798997637935017
4.413434580852908
5.382536401860375
-14.063489658651019
12.867591167082157
-10.164242548326492
-15.98894403834553
-15.530178170331553
-25.54307651909567
-27.46650088280376
-15.519871664960165
-9.482372185094066
-27.845317392635906
-20.147626695084544
-22.38979232088857
-43.507275477275904
-49.34459182819118
-46.44995131021179
-32.59539734192306
-25.947788315752454
-23.006335684208373
-29.30018646382541
-36.87933380177858
-35.503689662786954
-39.20756496560639
-32.92975426502419
-20.31801427778915
-39.010272930089215
-44.51986322124229
-34.14939716716984
-38.90397986107019
-47.1024077899407
-38.66671767822486
-24.90361905953634
-16.403494991425895
44.054988391740075
40.575026500224624
46.21509861999351
24.354205358213875
31.635267554470122
28.562278434071494
-35.69240813653073
-25.455481037467067
-16.14022146192889
-25.639248164535356
-23.18212664120273
-18.775065837149665
14.990943282149631
21.41329600869305
-15.603901126245043
-5.276970867088422
12.028962132572204
-3.5343592469315235
1.3875603865905743
-13.764592814201176
-4.639603181243779
21.751517794570915
22.963192482128317
42.41325332329273
-43.516695412753556
-24.845084099013043
-23.451592496503725
-19.511338673612354
-25.095348500356728
-18.957428383397886
-32.360995136012
25.243086728362126
29.654391333421614
33.94662571790494
33.183262070885654
13.093984177473416
13.904850286844791
-23.804995076639916
-26.643374454604217
-8.302634769826339
33.79300199112182
24.431068663059815
20.7718787323729
-12.192142611369386
5.562182378556011
-1.6149076287657782
13.37657371594331
27.736038986391346
24.9581402205054
-19.896465194176365
46.38861629504679
34.202680337296876
28.03683452153558
21.763346020362956
12.250168555816007
-8.67066126952699
9.066025053237489
-13.427281721790417
-15.263943169154707
-32.24980111682908
-2.167806975752227
-11.976922309790265
7.268800693435019
6.157768036777304
11.58062258381781
7.839390802862871
-36.822306009458835
-26.85971526732499
38.55538385226699
28.792316666235138
14.919681726214819
26.448912343621707
-7.093012114225979
-17.605660868520417
33.23258549389827
29.337301285364443
17.487113905761532
3.9832849913974364
29.299585711742584
31.26213925229143
26.255857466320947
30.7831434485329
16.361826502967727
-15.161580749932433
8.736168310114927
19.342631984582894
22.09195759410846
9.876475747089593
6.423031162153179
29.338628033077967
9.152758333809773
21.265677804081044
7.353065473365132
25.505230767862663
29.355679297053765
30.488128607296748
21.56197830982451
8.984123755329286
14.995064838502312
4.524810677950556
17.948797401243453
-17.709101864401198
-34.664519926695256
28.015446063634474
13.80972523145647
11.00086991853628
2.4732255059927177
7.19265296445375
14.564774322611319
26.970548663895407
26.923386946279862
55.6828299048547
64.94913328342227
45.22221027196423
43.65939439209853
18.76622238891011
-31.949693133709538
10.475437254248424
24.16524878271071
-14.288504235374388
-16.505727698214066
-1.9005782577066426
15.342632421770382
-25.04023278596274
6.080528232331335
5.103337162134779
23.041624882971604
31.610643553995555
36.40221488334761
-27.155435729718327
43.67163448906815
62.582168144055885
62.17399524556444
47.92177851810841
46.01846221825323
28.442599649717604
27.483946434400966
50.88210952454216
19.652547421406965
10.541700304958104
14.78633864533523
24.125612508081748
-8.527271435076255
-9.196493405377597
22.30045472456796
19.906345360949878
24.37501095091088
24.668863012300463
19.347293366819056
19.711801962942467
27.665839523596365
26.2630011573645
30.390916829107084
42.2882792112543
49.84492388063519
54.730920388091356
28.5975775184305
26.329651739398674
46.87426685245271
50.75199142230955
46.936497222234976
57.584169159180874
32.13883296213762
-23.009102451557546
46.85457819238537
23.52981060674789
-28.746320988419292
-43.46990219483654
-42.242716989778536
30.730625753735175
-49.503383564519176
-31.827840406491294
-37.40594762925415
-40.126627089495415
-49.814268142197555
-54.63206102672034
-47.01261411900197
-43.02829008643338
-57.03847365397393
-31.19462744814725
-36.426100921607535
-19.562892741628268
-9.050046854584597
-16.37949385778805
-8.692338111824915
-13.826796362903227
7.624859218441323
-1.2286359909339428
-5.331274928939856
-7.405689790832676
25.02222461775495
-19.185538727480658
-23.663983807451324
-6.888479983368461
-16.009368074643742
-8.981345917750835
-19.938393522331143
-6.103125916712494
9.99010063030271
8.483379282702971
11.051791170030967
-10.886973936354408
25.794022553807043
15.283964646966327
32.03961718884024
9.49650670544457
17.098649198458098
14.28595259091656
15.63167050005994
22.48671400141323
35.988947632777275
26.090018588327442
23.991896022894302
-0.1440258042922386
-15.16209129379766
-7.606153893898488
21.585414709614106
4.2848378827715745
19.672771279652324
-9.538385133212866
-23.75035048354487
-16.471161370799447
-23.871738192460157
-14.441955408540553
-24.358226918179135
-16.95893884597712
-40.987962693319766
-26.833337469729912
