54.994087344834846
54.99379719877137
55.049147412288946
55.27480105661722
48.19437839099688
52.04110264303834
47.48602436687601
43.786120524883174
49.509423897961994
45.33859947998279
46.28420786800925
39.32710937664005
36.15659735092001
34.56952526521588
30.678000882896722
31.85973638367161
34.822143717536896
38.43706153177311
44.3597724954798
35.253610967700716
39.19025098161225
44.94298268791257
46.17876544928034
49.79299446835776
51.60289854407152
60.28348409606244
53.48125573364823
48.406286070967546
49.933130975872565
54.55124030634261
54.13856428571454
53.932523890132565
49.70513760184501
50.750871348345726
48.191930449764826
52.555297777140346
54.431392224713576
53.74169402595901
47.343529612244616
50.58283665007141
55.90270761135855
49.24835297212337
56.027638095432806
56.77532023590388
55.237038444881286
59.48894179240121
53.843797065392735
53.568993068172546
56.086941105232405
49.00237936580213
46.6683814240955
52.33865938943182
52.885125903379226
52.54783468584364
53.2608176780545
53.2082552376776
52.48856659780257
52.18058441181317
54.35357673118353
46.66795814382712
55.795554968864565
55.622659024135615
51.26337608432081
48.76434609866118
52.84752127003458
49.24827118004438
46.926628702286955
51.768403472870894
55.527776544627876
54.723973831643775
47.544645580838015
50.87501738844437
49.773694644561225
51.27397549740936
52.601938909875706
47.24067875170371
49.30489611910266
40.80125724410686
42.93772294518819
35.890305547685145
38.374229524208545
38.36556491239527
41.68811979236127
41.42116396370171
39.722224724690754
41.08877016520722
39.94139577342301
37.42861143465509
32.78262408816705
32.09776964380501
30.706140661194947
28.244537375677197
29.90266066372964
34.998811538172546
38.91699147929885
33.104381481044456
35.30274286355799
32.01664754663139
30.83569504612486
31.45614057703214
32.220137988415026
31.945266731843223
37.41840052336114
34.403440520952614
34.413080167028966
28.89875929164782
25.236442869350004
27.87387068663176
28.837402255867993
28.43741780485526
24.970894723313112
32.36718838964998
32.07649897119362
38.00670537539627
31.68602724673318
27.73782719042296
26.400385313431666
32.91967579239091
33.43068546831503
32.53689952856873
31.622523433710892
30.049723353886286
33.0269916543557
34.31494259115765
36.1477577851365
37.19835804339407
39.50608075574965
39.25205045572914
31.982971413529608
27.11586366402026
27.726043439276125
28.47815494406835
31.783355899983636
33.05805389079645
32.6811322417993
33.8730927583009
42.98427809818695
43.65892860663539
31.39687138515637
36.81078568105792
37.86504331729671
36.74137956919694
31.80257511887088
35.287306741866466
31.87266337110333
30.095048784630876
34.568014791724465
29.76791009413156
31.768325835924664
30.833490865183244
29.023792950099956
29.52708646957488
23.637299924452932
26.911228422758008
24.917310192419947
35.42600938106272
34.81206378893601
36.74883968101404
40.42276918332046
38.06664912105954
43.35811441649089
46.05144538193753
42.2254888526528
42.90306074547664
39.49877722562049
49.00571305424616
46.90545002277383
43.71469480425498
45.32957337163958
41.81334363869404
40.333251449457585
42.53419890844138
37.1925708032239
43.60264218961883
35.25365453363933
39.075217157499424
42.91660617801815
43.65748004888692
40.95702159402158
39.784408003623646
39.319682422364494
35.80619265375761
33.23623135279382
29.906571875132837
33.65545515006153
34.38325640118764
33.58783802948754
33.138765386614914
35.64143356809267
38.90891348380062
36.49049876563875
33.873886645323175
35.84456628963008
40.7964920642931
26.88147180903199
30.7341711465734
34.012341409021964
31.238032425559943
26.364612549349772
22.96816606224274
20.44065353928616
22.473698269057525
20.088875306552247
23.999717977183618
26.40612206612914
24.808594618333714
23.662201831043497
29.830955815550134
30.946818070869572
26.437758231629825
27.356913524079097
19.52023750426515
23.517685416734714
25.682011422321956
26.89640768508477
27.29275541185982
32.38512735700218
32.84059506606074
33.15699672988897
30.7584454953744
31.550741878767088
32.21899091346865
29.51423848877483
30.009175158148736
24.901614975813345
26.322016615391554
25.718469396532914
22.237005850392087
28.52194741657175
26.836254827747116
26.1528495016008
27.44171081673116
29.197169980922098
24.310522761043572
29.609199773902105
25.509938534192745
22.937361015905417
27.500009120343623
29.340376606559506
35.47445957597679
34.13954952273985
26.73295390316947
26.98106627269364
31.21820825792206
27.95738654125342
34.91571545152387
36.216818751201465
31.566486808406275
23.45159640110135
25.12673271770394
22.683144690849147
21.532057032186763
20.41985081760423
22.992696410572982
28.244493690272094
21.69341803723639
21.34896054407031
23.56886348387722
25.21839157834933
22.53127822315396
23.0615823873863
18.287787010774732
15.494851744541888
10.93785154991194
11.829114683166903
12.89754945203778
11.156756566112165
10.46773898213636
8.682679271478717
6.025875850022392
5.957885648902511
6.942112921305351
5.601477466595233
5.291602004452043
5.5906100911202365
5.542367014063429
5.773748446236617
6.216567829251105
5.8024534431804
5.906536454036931
5.7484913062016805
6.4325206222534375
6.847102989841833
7.092405816174544
6.317552864960159
6.487528829427032
6.394848715947614
5.980272165012725
6.436296898375201
6.530467495081717
6.174785115649222
8.653475896715937
6.29705865512025
6.558947811541478
6.793118578124615
6.352147563630246
6.7127841675126625
6.588197954775838
6.007032691251077
6.360209465253864
6.666479440554662
7.142929933960746
6.548499640606239
6.286176928765389
6.643176073459698
7.16008464556277
6.449815346643171
6.433139942219783
6.921105931330871
6.42458620545684
6.273509465594186
6.397812421276351
6.235620016107649
6.634336053219759
6.64071262714983
6.534995591370671
6.4574719908497595
6.72637883546827
7.001677060458509
6.540283644679727
6.2198145653992265
6.633134198020999
5.9259629365734146
6.416644218994789
6.537186147495377
6.359267580321831
6.408813975834399
6.342321044617197
6.300094528890348
6.185487328802804
7.3980285201637415
6.6226102583089705
7.273206937378836
6.616818415570389
6.444933144549012
6.542140518981499
5.902146518821903
6.823934439072032
6.335663897900356
6.094110660664782
6.585096648901132
6.645279968325274
6.477526790125204
6.751343426139959
6.540113953434987
6.13481905139118
6.8453403956193295
6.144197493018436
6.218588227124851
6.30162733243563
6.517279858489677
6.8741072920209865
6.852355347970067
6.500468073193464
6.798456259375964
6.583622078088257
6.377374444657304
6.543106084003274
7.327406496529155
6.4161575864678335
6.358578818474233
6.273587346148852
6.614776807900007
7.142369048808042
6.517966940571642
6.490901517815315
6.5125203639866625
6.576175101584109
6.984202184970324
6.961498340057525
6.408270727371789
6.589648238981365
6.148293667520644
6.583696366177294
6.332372906815366
6.312823971899839
6.196174593364417
6.192520000222262
6.436199742832903
6.6189432747758525
6.556409350094311
6.450512953605109
6.63170999362174
6.7909318287287315
6.4157194856848045
6.748849281379215
6.638464541716112
6.444416660075629
6.54356006129164
6.27604073967667
6.372402357964211
6.77091519803371
6.5621730066982185
6.048845183379738
6.031845247361349
7.030837929751002
6.260357701387962
6.481309252954977
6.753780171430968
6.994631476537039
5.957441028750725
6.279469579977696
6.293105580332823
6.067166472952895
6.268100721025299
6.066715831562956
6.503973205143637
6.283083673195394
6.259992464657315
6.172593669222444
5.9192910708594795
6.037297635056224
6.4050446949263975
6.4621085803675395
6.918486212834205
7.0811441427393325
6.727031144861143
6.161512559006283
8.651356661919872
9.664408203999857
9.575221656962952
8.940955757342747
8.496113364883675
6.988747952614352
6.429127844992165
6.175183047707207
7.462002736968755
6.280403168464995
7.002140477555191
6.229901698853503
5.90521576134616
6.716087681170255
6.66096365617151
6.316940611597745
6.423264097354931
6.9074978087332815
6.453639195979108
6.0930519868743165
6.770654874343239
6.463992914209115
7.1768232673860615
6.634141102107965
7.1080105706815955
6.463386161069373
6.794791682359854
6.227988628028464
6.511647573215633
6.111233667295045
6.184874916908827
6.390915307649472
6.537607263548763
6.3695456580050145
6.474919956972246
6.216204985899349
6.504592450940776
6.502660521364135
6.745221238281834
6.167681892657002
6.097210619065501
6.66761836858754
6.988262514306168
6.265013878012317
6.165087325930624
6.403892466291355
7.243073971537239
6.454095976755936
6.2603256820204845
6.288935806860202
6.471959819033566
6.590486944869807
6.531268469108731
6.3683769939891155
6.476657198384488
6.928002072029727
6.648059869855174
6.241665983494173
6.4067428001445
6.99659279572347
6.256432442419755
6.573089462528127
6.2955245394043375
6.268375346625149
6.2277720070008
6.879308192477024
6.632825866096664
6.0480851689290045
7.1390110492131145
6.628899524675352
6.66074279213791
6.463243308315598
6.567351890455937
6.596533538208304
6.606426873921683
6.835692771939577
7.05071996497367
6.17751984442188
6.245456605208553
6.323423099040158
6.200817192065541
6.893988791644799
6.428986449681037
7.294390878757621
6.844433125622331
6.596302535262
6.434098417546555
6.7599994961764756
6.36595936671223
8.366868035733605
6.608423934073096
6.618655310995412
6.736203159257565
6.622765299411321
6.701989741912988
6.091589745033477
6.506172992670457
6.751861000406928
6.329435720717498
6.707026733178372
6.525511462581022
6.516905013151011
6.7509675575334605
6.5721208706321725
6.231876809809249
6.62826570058253
6.448021917252059
6.619288908096196
6.3643993681271835
6.5554845675206375
7.292747133392927
6.26338899159154
6.836123761357894
7.100064906360177
7.1965303705652035
6.176537003427001
6.62969395984071
6.373456683186894
6.481281534169282
5.932723164937619
6.540488006320474
6.19657637306349
6.564580102681427
6.489772414573643
6.480530416838472
6.768799641537553
6.503066233265423
6.44119980859477
6.567768689718151
6.295077482554589
6.660021626115278
6.134225109819377
6.357859821461728
5.983137631574793
6.398429791365629
6.84813069704366
6.430080972315215
6.202608391884051
6.169918980132716
6.645777455348458
6.0537275578234935
6.538857084659307
6.649899778064748
6.630768226438307
6.519687312274372
6.6885408965017925
6.308344399003264
6.719885035320881
5.963247352073395
6.291497474104105
6.278656130603863
6.076999154207725
6.200887392387977
6.463834567991273
6.120321607167429
6.653546922885534
6.561241351555729
6.051651137102045
6.651034719860372
7.0264236989511115
6.620325391774533
6.410459934084451
6.193718216803625
6.193938389156517
6.457249310705254
6.507713752459872
6.325738493416542
6.498888969270735
6.864645308900968
6.230735359479148
6.4410453951292475
6.030787797302565
6.681425830117381
6.346907603119024
6.97020997700609
7.185173612263804
5.502038202141199
6.407382921166763
6.999567846755335
6.665146779681789
6.6539092176110355
6.112850495256609
6.271142135099016
6.338893735781101
6.152979562972737
6.099633175807038
6.76318805502451
6.959486707452673
6.549417855509252
6.3956561862097665
6.511817372258905
6.356138373943717
6.175619957796879
6.435050800825798
6.515892070165885
6.835700580703067
6.077385205303963
6.8887409863794105
6.6223678590800885
6.325062079026591
6.1608762609578545
6.364072801252063
6.651500111737371
6.337114696535759
6.514700857180751
6.019077995503503
6.847003913944016
6.405893129178605
6.550157595341314
7.272910381633339
6.512200043889875
6.912373726596206
6.472971536782172
6.111379854650283
6.20873532532786
6.712780862387734
8.21965041769515
6.429458380597053
7.2354031627725774
7.279772682331254
6.4349361506933445
6.247263466151343
6.549977064940369
6.059414412899899
6.286745645327415
6.184533346805071
6.2613720699505775
6.636102372303539
6.352199826449325
6.522089559963712
6.067729679060772
6.573109848751582
6.4990718902888975
6.312121156839655
6.320504441270541
6.845546706572089
6.775918272933225
6.047193804742085
6.297340856974025
6.773563257429537
6.4727137882299495
6.667834896389982
5.576624693333285
6.38197452608957
6.100834420583845
6.166517128310247
6.855690104145977
6.425058665122684
6.680179352718973
6.539258534130071
6.515881042187042
6.548999349225081
6.136150723839461
6.3248011556318895
6.463808620761161
6.359367236637873
6.7249880833605395
6.747062431298417
7.137044165570873
6.540294602463886
6.5971126501711925
6.871545875261342
6.518435034971962
6.4318971401221985
6.4776712121539575
6.359296760041676
6.383503237187149
6.527206529110253
6.595436950731646
6.2106083630537805
6.419847149721822
6.8183902949503485
6.701096232058448
6.736786409581959
6.622815756402756
6.209626642714302
6.516938282389903
7.630942768130152
6.425466733055826
6.2969260635557145
6.7530721077585065
6.433942155659623
6.060368958991191
6.795386072656583
6.91857174255715
6.9005433914486005
6.446412848663954
6.294622218091714
6.781310904148882
6.443403672184333
6.587937472098436
6.538853559172321
6.475072042734836
6.827578253740988
6.759795955976472
6.5914859690758965
6.44739326856613
6.814972831650314
6.179503814564989
6.5418695725786895
6.112269972535916
6.647472724148251
6.740721780711466
6.872790715333799
6.17479285444545
8.984989786276543
6.230103705972478
6.624027039530156
6.615735027932738
6.402752537603612
6.993951589302215
6.229549795487219
6.982063661029191
6.701811825548589
6.692228169104324
6.176297543042873
5.988837021767856
6.68300424743079
6.409860616952791
6.302232559875594
6.281714144382647
6.578205463974304
6.261545686691252
6.488472657367152
6.431177758987265
6.688569436565586
5.987151580112857
5.960015114468592
6.169746639743928
6.433436522127099
6.517378155182314
6.6345488508858965
6.522030380727926
6.429619256657069
6.646097257554585
7.336934182009151
7.075125929514963
6.165113348796233
6.432705006587507
7.17698743993792
6.323614709811782
6.667764825818757
6.595867077976682
5.859380017022628
6.147175240488168
6.408756032364699
8.705979489398791
9.143051477375181
9.007161805600033
8.655501960322095
6.779482128948753
6.336398316881756
6.519236605892435
6.648657566136694
6.140506886574155
5.998260513700785
6.32403526540467
6.658104654354184
6.40818946155847
6.515114188014603
6.629502065916406
7.698334073799595
6.523556041932058
6.021489323837691
6.773524247065722
6.142206870730632
6.857275109555376
6.219134490401136
6.8683774352382425
6.593980282383772
6.709987710864524
6.2298636679063195
6.53196582995814
6.329109020224438
7.884713035643398
6.215348312190103
6.325167743682423
7.043217500828614
6.609248033471758
6.363324439717716
6.187347971073075
6.5195457439980835
6.0610254483727966
6.650912442986199
7.0955582729183355
6.337216744449609
6.652971615671109
6.254672088105319
6.6355384633568955
6.271088525710764
6.320755627577407
6.505583800680061
6.576819689079695
6.91155039024188
6.7339367584397065
6.190696913013534
6.1020112113367615
6.988178046895068
6.236891011183765
6.599527930874667
6.645611605306228
7.412007341166345
10.649828515182325
7.3036592724052705
6.42758281617074
6.86209736920332
6.5213902380722715
6.513160502609841
6.947742681064986
6.17460843161766
6.631792011236064
6.344680167795498
6.35040033176815
6.753044166929761
6.438602486165465
6.531365258178147
6.372520391563592
6.108189578676345
6.530158875834158
6.548715328559026
6.226046078352429
6.189783413708855
7.1102269245240945
6.329187013161989
6.211460265660238
6.270320664862285
6.957228369058971
6.312225097453531
6.372511691513172
6.69927081326455
6.546757878187025
6.407602131556342
6.9538330326110325
6.41488403289043
6.21762304360781
6.871588803376004
6.488773100622645
6.760760024080324
6.241056494399484
6.3414227097213445
6.426746460066017
6.598190770919542
6.576001919342464
6.461716186591655
6.259025757578133
7.030753861547209
6.3827807420571645
9.03823246226079
8.451338536605387
6.539947418582903
6.3510388704680665
6.840361145312707
6.423452986290664
6.475044775105379
6.103626629046494
6.239553112420078
6.549350260588659
6.321319180086421
6.268864939089781
6.8344986269593715
5.983372132840879
6.294168697091629
6.89409527309438
7.135959131185861
6.250494865502882
6.412288235817135
6.795485858760631
6.083686413016777
7.107772389046639
6.368834183381781
6.809628507677498
6.403409829129818
6.185458985784771
6.2121213072155985
6.29705443548634
7.036858795895821
6.242966789198854
6.350515225580988
6.743674121676145
6.216519648339231
6.241405077521028
6.382643933729838
6.287029827271286
8.08787073686332
6.508858705279822
6.8590882650125655
6.697277236789324
6.606926497441223
6.338249627881019
6.453614805844816
6.886493620775001
6.606681268441427
6.932781275013594
6.697082854560136
6.820906293919948
6.444323059845597
6.4785486306656415
5.805077609905509
6.358752657079519
6.266399989741226
6.29426414314176
6.573717002400885
6.987214266631332
6.631301841099587
6.545696833367774
6.683483211183543
7.134706125188257
6.690314369323363
6.159793303028095
6.553455481386504
6.150168561839249
6.714783930601771
7.399465935273138
6.73266844157813
6.9586304961631775
6.352143874107936
7.162582940995364
7.173130617344704
7.125993295316297
6.59415161490357
6.253175329414629
6.278877449576801
6.504441589049737
6.360762058340186
7.035023870934023
6.559261071998743
6.378969800307173
6.767462778360961
6.7235712451975465
6.676071016143008
6.645832155622796
6.455101459914749
6.296571088142387
7.0565265292744845
7.391598982255899
6.943461455705413
6.505430796129815
6.364798675946772
7.088010438461539
6.837840599525866
6.864900546365996
7.273586711677255
6.594411179245379
8.384398234983006
6.887188680425997
6.023208852404814
5.97428282560756
6.801417835893431
6.339547855613543
6.266733256143768
6.394831476600985
6.685691351145107
6.447547970714606
6.304305037834291
6.620850616167904
6.386797133026359
6.7031570128725
6.584001728320886
5.664025065103351
6.662594275577
6.40223169301565
6.455483690227489
6.454742270570081
6.778563136413939
6.533024369816317
7.378717621327807
6.9474641454505734
6.585712386579753
6.365258891540899
6.212473809792898
6.594087566691924
6.494504405040428
6.8212177900987285
6.488379572285109
6.466330950958795
6.204516186848389
6.328736812110086
6.203010602423346
6.656553532994599
6.611712935990665
6.501375853737578
6.712504714682779
6.557879664722411
6.1854692611186275
