54.994087344834846
54.99379719877137
54.550656662304554
57.966774156984755
53.76155320936715
52.61302084476614
50.48936730438471
53.5386193843045
56.44787232901143
54.62487383995534
47.58437428587314
50.3147812560124
52.66982784064642
56.787583801645866
52.71911965096541
50.094737528771155
55.75541576901379
46.26061505968812
50.0848718221002
52.455873104049026
48.693253585487106
51.522097657810896
57.997891355117474
61.68727282200531
73.26841322702423
70.82231781907653
62.239684505899206
63.58811748370067
65.98259889449196
64.78038365543665
62.25329070104367
69.14733336226128
66.49775144636907
66.27805501025098
65.58636531198901
53.88792095984882
55.94327003134938
53.671918710978936
50.8360090919368
56.02392681137158
52.78236564070232
50.04332459844165
54.77070302910268
60.12567873509737
62.719463928209755
63.8261433279872
59.77285487583511
60.557630799829376
61.11917742403353
64.14010795224074
65.59409498235736
67.47388039816913
74.47794840964954
81.39229853975446
75.80576947471461
79.13274670674797
78.21037364975287
73.33034458847511
68.29145583407896
72.68476986614029
73.83248995505095
71.20514579459577
74.00577928375179
70.66706978864413
69.57235045758483
74.12326946237364
81.18725485886036
71.58212149317127
71.10773447824904
73.65213816241247
71.75460068880187
76.5084976729813
63.436246546628084
63.65610911522615
62.20846486814551
63.44379662333131
60.2399745706838
57.658295501495466
59.140442457384616
56.9619334077531
56.54258013259893
59.72610328617222
59.95692933889648
64.26039290903665
58.717708792341085
61.91056032343833
62.88366953309193
59.1839508442792
53.72806550604321
56.71082975240066
50.68621096711937
51.52107126520678
53.48130249842353
55.79566334490696
58.82189936038555
64.48070335991623
52.97348438448908
51.835939634728014
51.885794822445106
53.37176928492238
55.839416383792404
53.03748525897865
58.49225499427356
56.931836617619524
59.84051542067943
61.99352149159688
65.68850510877114
60.484907982139596
52.79941203265832
54.48635224651937
56.88079017682649
48.60160585223574
53.086165162545726
51.465418833571555
51.58872323431905
48.81854717861444
49.479642620031775
48.62358725788376
46.54672215928968
43.22292796386372
51.4491745494276
46.746802528883656
46.8384910467892
43.57399255650956
48.45284629042027
44.39313534875047
40.05743732149966
39.33191100101178
34.8769563994243
30.86576651918103
35.15465132812086
35.519850756259316
35.06218289552859
32.978548444091146
36.22098796690928
38.93334866040469
40.50146189051353
39.44267588068061
47.308401046726075
41.05775607841773
41.97619688225222
41.47829952835005
46.010359902691185
43.44925550245735
39.73250725132339
37.02136355222621
37.39675006028007
41.68455129479404
41.571134342005905
38.0707670976039
42.50501151463035
36.70204204915072
37.50316851904115
32.27574351036191
34.05759342471042
38.16469621738697
36.869492380868266
34.77007633108533
33.82364766161902
34.603290940619786
44.943969007753765
45.848607306278694
44.79474923061453
46.13541548719112
41.69370899844015
46.762951188764504
51.98842750797856
51.740650358990045
56.0539955264523
62.41586995048223
60.54791700127229
52.57151015642683
51.73264014233641
45.957033831529095
43.75000083555604
40.45708746705779
36.67091381899929
31.734304828612082
35.66330985493195
38.798035041757984
37.51410060988102
41.48211428691313
39.67498413250869
39.766684984050215
46.51771064730529
51.64029135988686
54.038924053025596
51.56639579543565
61.25902719037014
52.72178138406872
51.57920375523568
46.23447803194272
47.050015678783545
47.06386125153717
44.55921454019611
48.09255476351464
48.0153934011085
51.0835185532614
49.86368722208102
53.460886548305425
47.6957602717516
49.57564732894331
66.49210267840184
66.30344230703595
67.62309100560512
58.536264020303435
61.322692675958336
61.262799127854315
61.412716843054206
54.56951031000756
47.666363489297254
48.79517941361838
48.743415739971475
51.80662655200285
47.68512941994955
49.61573184638447
45.617136121723796
48.854478928403154
49.61541864716749
50.211823528828866
53.517081197964735
57.179684624614076
58.55126819846884
56.219262559033815
53.84369345595367
55.3487313853628
55.14970502277603
59.35004101016835
63.19895913734468
52.77272591137729
54.31439459917655
50.716102074284244
49.543096407278384
52.58981791966278
65.65645497062418
61.94121825060974
61.58272582219406
47.43482628334236
50.574199921803654
46.889133536356006
51.144860094114385
52.86699207303581
55.07811622262116
56.19468290740666
57.48986782418983
51.92319125881599
51.94766946399738
56.67009297137561
53.65456048952609
50.78272543066918
54.467627168997545
55.88947116719612
55.305374808899494
56.857598622554086
53.26743746676393
51.50879372042875
55.84489773161428
58.111635418886024
53.77315809202404
53.13944734364865
59.30395876888564
54.22536246411899
51.29638250866946
49.7968800842336
52.29655388704051
58.85032223856417
60.38503043732569
60.19644175706307
63.59248806237238
60.93750441324877
60.99298244805761
55.130427980787815
55.046710423862386
50.166200771240696
52.58253205925632
56.05546119068619
59.58344921880003
61.19103802162781
52.07936749640633
54.82673047887717
48.924976260692155
59.37481672800548
65.30566658033628
54.37027688085518
58.14481328954833
61.601408664584035
58.33857371063082
56.280710917733394
42.989715936549445
54.75119994187798
52.4104519220235
56.34738968089221
59.473041949056714
58.666751956072304
66.68678195273313
69.64530132843373
69.1182266025567
77.56850657171205
72.44815500238639
71.63189505089633
78.74649664907471
69.62339933279414
69.41465498248726
67.53755094803974
68.55935285931818
70.72588388460926
55.5226104690987
46.70278283713216
50.96760114457175
53.61303725051081
55.31054440728923
53.25742205564902
56.52928645322357
52.808510732340864
65.01177299769252
68.83693948656044
72.47543794018588
62.045014487601435
56.930472130208464
60.34674401585564
52.23927842697078
56.311376054312184
58.68418156203283
59.1991294024407
50.3309099830469
53.269516107849036
59.00637668445831
63.66988097279441
60.50165503800747
55.145566401821135
58.97764004362285
66.01058876853213
63.883770746943426
61.36615811100854
63.93602421509402
63.85986365646531
62.92024976214766
57.14212958977904
57.940806989448596
55.97946474191393
53.14466623377994
54.14285926053938
49.69367751790176
49.3609531219239
52.86916351823074
52.69560332270979
45.47724361713343
43.93773461602821
47.51668209879556
46.63134311662907
46.611194407631544
47.6403126548505
53.35044301460727
52.571587467297995
41.82660834147809
32.857267391274306
36.543267639909814
32.72366513524258
32.69471084028325
27.78326304860223
24.56213456110131
28.330736851657832
29.595217667839638
31.802904584155275
33.258753281791066
32.132041647530755
32.721999404019435
36.50186680351204
37.320107950969735
35.69619623841441
35.11994564543899
33.88182568936088
31.682028261818697
37.32173688810517
33.291645673649754
27.531127014354546
26.157903320844344
26.538921406869832
27.399221700391667
28.449160451978788
27.57372208496955
27.529459268643294
29.381735873477595
32.9588028003115
31.962553883800027
35.51488630232195
34.678316376743055
37.78889023970905
34.089043081218925
30.287163891554005
26.555197337180207
24.41346684141627
20.872559626271432
24.24868769561021
19.114570492810465
19.6267428155844
20.39310165001429
20.41268287412736
21.898151213447992
21.786422473776593
18.545236815513313
15.462926393477183
15.464975254366756
11.303754857311525
15.190446992046263
16.026759302756986
13.108371634521498
15.25261036104922
16.72322716657885
19.51243575945785
18.753577915191492
19.128506169531555
25.84290162179668
19.924820885803502
20.774451159996904
14.743694816120906
14.568156299863658
12.64151076911793
11.737546392771598
12.544250519930802
13.582972452782677
13.383242685723907
13.389527286290797
13.716183765488408
13.20700022096565
13.536426917644585
12.76351383889181
12.506689355481539
11.049440322816826
10.648285156583343
7.610316489191054
7.2812342761052555
7.7263497971421655
7.996262857343593
8.179421876091443
8.57420956751345
9.042415820182287
7.797496315345705
9.472544765610595
9.558035042231992
8.412726741778997
9.160394177005077
8.46484949634343
7.435561990736055
8.625747748240673
7.391707732877189
8.215052081794953
8.026000027472543
7.757231628954907
8.422763909289822
7.680840592218477
7.6618756406726485
8.587558023612932
7.9264746870158
8.660248881569999
7.85102233679723
8.100283440515375
7.539761763073114
7.77488403684477
8.04688674504509
7.9606976072645725
8.08150974191923
7.595432369525822
7.697587357779355
7.813261772457766
8.208288061980287
8.623710030357715
7.4974617142081295
8.126483771214602
8.397389096069242
8.091868772698822
7.6521062651436
7.741400276821177
8.153121398144986
7.848649238899387
7.552605642846504
7.431495396356832
7.979385221565748
7.808296926121604
7.681524472941383
8.618506678096578
8.031992484782872
8.183766206875967
8.356154186746876
7.784317928537981
7.332496452158882
8.01286379197904
8.129465455332282
7.910664993108842
8.010855474330084
7.649381430628039
7.795321959788637
7.502696991777532
7.851309890263797
7.966595249096046
7.620602655974137
7.4872624205323905
8.06919240446711
7.996751778576034
8.22656570276995
7.94312270436138
8.120788271372083
8.136237765922182
7.980077947567607
7.9392034764467825
7.7225235447297
7.516102440663387
8.430100739055755
8.547344737740532
7.572301344948737
7.900033645130868
8.060203581320303
7.949447921255196
7.962592671719978
7.948222420238335
8.135996989521681
7.953948842445705
8.208344486053246
7.964023272862919
7.903351520137471
8.315030615767464
8.169804559044234
7.758202164902579
8.059476206061222
7.692273003765459
8.061651143190927
8.11849209781985
7.693291454542603
7.877665314966084
7.54085501476217
8.008944839868175
7.64428338825751
7.915152340612792
7.459643092010408
8.227222609576788
7.849557564329478
7.87585354126337
7.978679842303823
7.794042728543375
7.952204457504513
7.474074032630339
8.006736019457403
7.677335419190274
7.654461987461628
8.02157706230218
7.630868017541784
7.377241209955933
7.752707187558828
8.03724065543656
8.20285020676477
8.04430595904319
8.504166961631826
7.5383125191769365
7.81974338263669
7.758355952565169
7.657040408608901
7.80645323671585
7.969678809512583
8.218203222437724
7.773492696671287
8.473117916062403
7.811657962889476
7.856906848129675
8.101498492435212
8.211084974027122
8.013768042604084
7.965680808584855
8.046186129407644
8.275577084194381
7.641882890301176
8.26250669784624
7.712445734656488
7.886737854455612
7.573971941389897
8.421616513732602
7.831536138106386
7.907514536603224
7.8301490428629945
8.15804511342314
8.712262921885198
7.923423107347364
7.84477339337828
7.918498114435056
7.547652955026245
7.766812258783387
7.918245776184938
7.632721874157129
7.900967164784094
8.236065842717124
7.738396703267965
7.710763393533196
7.891531803229803
7.748462743439461
8.245642198852526
8.143115677276946
8.612307016879482
7.841899381728206
8.11084026169836
7.86892716775847
8.341803779822275
7.805929926638878
7.763781200104415
7.805496780284053
7.694061311285679
7.883428285635085
8.301589398219363
7.704736657251134
8.065986831617408
7.740106868714163
7.800256510624731
7.512406026801547
8.34066793926696
7.853292450795476
8.054777655124921
7.691654835642228
7.556392826063214
7.804002977174917
8.544124392315219
8.247889902157514
7.789851223544243
8.141811654746318
7.990477313725084
7.77146560081278
8.001223134925208
7.405317113271061
7.832343478455109
7.932666847990259
7.531493352007726
7.5569379759875766
7.676869683990291
7.855924315226337
8.094531010987945
8.08784344618205
8.065031134766057
7.687739291073235
7.977769231747184
8.0558537784588
7.822763449365051
8.326127617721431
8.900418938009787
8.951599121445698
8.396671233449235
7.640000605521906
7.757267855681988
8.03029263864438
8.263604265130654
7.737020941368925
8.107753916826015
7.664772255993945
8.157708354646253
8.006311294107968
8.258358767338574
7.75176951132731
7.949253299714243
9.180909417038773
7.886557148809532
7.328322002361381
8.134663616875649
8.5787410033586
8.336453209145537
8.188010042569784
8.78670815992656
8.326393095176513
7.890980867187894
7.593983237883293
7.971714509245289
7.726825638433824
8.03195602809631
7.7341730329969
8.016796934067678
7.56252412671658
8.230326336405172
8.04176215662599
7.6922701222238
7.9670972917398375
8.13126274165186
7.768181921467811
7.688110585596447
8.113230162536158
7.459142781008492
7.861842797230183
7.596458845420432
7.711113976381476
7.880655067716452
7.917498681223255
7.678136106115672
7.263474517026703
8.1874039898834
7.709037574378099
7.849904467655005
8.081631480588383
7.682114592057905
8.38465216779592
7.970198736689466
8.044812179443538
8.051576099219814
7.711759196723257
8.080262489385635
8.477559022699504
7.8730782279584846
7.524220420971564
8.05577601706708
8.176943051957213
8.216364833758844
8.406472761401192
7.914843264590321
7.5670935012471405
7.433360169106432
7.687529536688223
7.844062378369696
8.403165568843814
8.008059355385239
8.497802216684319
8.1398470062259
8.216731285844492
8.012559135655614
7.640941152391327
7.714899409738812
8.055410892552073
7.691739145143765
7.978962064851437
7.874931428162819
7.633403578138512
7.724198640274317
8.0306934343148
8.135111822737771
7.7194793451010595
8.282914259391564
7.813793609303523
7.538035641178741
8.195463535107237
7.870185164263416
7.674918666376979
7.726454767131491
8.00493325646836
8.852754658455527
8.242500610243404
7.761652755043152
7.992433174258717
8.292430270716
8.010300210546717
7.830252701565417
8.125272411715576
7.4392332825430625
7.865766885474983
7.818816281463202
8.220519068486501
8.547576409079083
7.724519914768277
8.29235537796493
7.783800865068488
8.25858505406744
7.839371073241609
7.81268716769911
7.870033267064056
7.768834035527936
8.261532978847752
7.920076279562362
8.541684402161268
8.336416793669088
8.387325698956289
7.924052203743499
7.795760597585531
8.334057042526787
7.596574010880885
7.977706533603166
8.01839254217707
7.677627323131814
7.699209837364435
8.355369768123932
7.991764353930163
8.356478996476516
7.896706826369784
7.976781187287645
7.661017169451502
7.855557582608091
7.899104372257547
7.7564415141838134
7.593072938479992
7.852255137792969
8.585338619787002
7.6800965252224564
8.062747532136695
7.716212086323394
7.915767875855524
7.585745532590839
7.528055660244756
7.998534667261572
7.6359589094532225
7.700969122805649
8.096810424256175
8.48979687540908
7.932903224956204
8.055678701298762
7.981250892417527
7.9690770520066785
8.10617919145706
7.523778024035298
7.472411895964195
7.915054883665688
7.73908413796322
7.855634749965079
8.202931613688854
8.313934093580931
7.736108296141603
7.737636141945758
7.537654643120549
7.872218137652798
7.7337302005649935
9.111002037895283
8.248596702779642
7.458115777229297
7.580397196904893
8.083313331445071
7.867279956886346
7.722235600128489
7.665725039238309
7.761590030458098
7.704758973585295
7.63217138156428
7.791429520487941
8.142163498887944
8.039927467906724
7.703830401417672
7.776822270211183
7.899211990086622
7.687898426604605
7.691222015116023
8.210549199229398
7.840930507578592
7.704505806968766
7.51854980620007
7.74750010901567
7.615392242877998
7.958610148412633
7.606062564435806
7.605674191446089
7.944175519706378
8.174097794775571
7.493946363016605
7.972861952175525
8.377569161429236
7.991540002689568
7.725078628033325
7.755205108418612
7.8501642078793665
7.933002584097175
7.712351506980927
8.059570249284265
7.855840161629282
8.420910106740205
8.049979146413563
8.118727438075641
8.45007822184701
8.109327710221356
8.133742232174248
7.477752927178342
7.405017774928187
8.104936275881688
8.203578376520507
7.574996570628951
7.867913742315205
8.035675666478298
7.887980409170838
7.431246644739539
8.798705781201912
7.6667965331613415
7.786915863450606
7.99713452801935
7.8528821555912955
7.616999836251578
8.452661901774755
8.02103502004048
7.988364614147746
7.818397906936665
7.813123448620133
7.708027361187378
7.457382833988598
7.811357586372271
7.770290426915128
8.389528402699705
7.530962272065966
8.235671210049942
7.639878506407392
7.523155842015475
7.778249897801076
7.496500615332606
7.9965318702401005
7.584040917271278
8.316982757589138
7.547809577232746
7.970472564326977
8.10416595722498
8.04972099676477
7.714469613623188
7.687170604495484
7.9273113520792196
7.793851864420357
7.570664140615685
7.634463614399472
7.894818839633538
7.498857456896094
7.563491658537733
7.599589223912988
8.118826377699426
7.898845276599303
7.628774442183154
7.838610334295014
7.804622228045014
8.295110144893162
7.918382499561811
8.123228594166104
7.426232783237821
7.859466994476066
7.94121960534703
8.016666324329552
8.111300728586718
7.880593600646613
7.728074084459546
7.745308744826582
7.758840908961898
7.788461309508976
7.6692516978219265
7.690207433480568
8.541267340849801
8.214821248476213
7.644445234383855
7.991241615530403
7.749313838578704
7.7223542971012336
7.552624342426031
7.842360808174968
7.990784123936341
8.063063784540628
7.921303517624877
8.045615658413537
7.663031633428559
8.098693084224072
8.237784595582685
8.735030795851495
8.191894181749062
7.609677903467909
8.142024432648583
8.318998690134519
7.985965948785082
8.151842380189642
7.836932839118777
7.789606083106566
8.214206438663512
8.042757923926576
7.68700906674323
8.226060245011695
7.796364402149431
7.773959152304065
7.929278007961609
8.186131297729471
7.8115783168448285
7.806390105553214
7.9604754249758845
7.998519464273946
7.728792216844146
7.9285295493162184
7.687934506109155
8.069733784520558
8.051484559410325
8.679885110358907
7.7539117925637475
7.526128826108357
7.88932859027673
8.363596995711308
7.691966652844217
7.709044966836045
8.006717167565364
7.631611266700038
7.703161725744477
8.347091675520334
8.381186522612241
7.76760328422669
8.055180646063514
8.194543939036201
7.741241746412812
8.522986654858892
8.067454563635044
7.749641563341663
7.950132953165515
7.707325138100368
7.995320440233339
7.726078467677028
8.02826138453431
7.6738530386780175
8.274937335709616
8.139753007483469
8.16257928671479
7.920992188614945
7.356212141643644
7.930892393526291
7.769781805633817
7.510509144177097
7.781222039469248
8.183037989751654
8.320743367677947
7.822489374586405
