54.994087344834846
54.99379719877137
53.01736093545934
55.85042620340275
54.594033566138194
57.09409050516189
57.62638415673869
60.15268082349527
63.409688632770674
53.836448150236116
62.39460521511506
64.31181356211202
67.83813028529066
63.40261352124009
67.22699652231205
64.74491875879372
67.94218502748114
64.56190911929477
66.52511014981738
68.17605344258801
69.12513211713335
69.06729665901223
70.2767047429389
65.09274242031938
68.06042864385732
59.99705103492516
62.68413274280805
61.73391507532842
66.63397644010819
69.74209592787005
63.753941030324334
68.7222470522061
70.73604387967129
76.71277760606179
66.70560895937902
71.45024509559526
73.95504629870099
61.60710091018019
59.40499678936196
64.02130620693157
65.9004977286442
56.94356420712421
52.03902524507618
57.82941749817039
51.253074327225484
57.52901546828475
59.12726043469772
49.981791980325944
50.3718326692762
54.16669450867851
47.957899144169374
51.32043056761199
50.510868427692294
51.914911998185794
56.41323752936115
57.013133639852455
53.95270025638612
55.397125983113924
57.976845158290224
56.32064578356732
61.00450857029265
60.28117861975506
54.93171724437244
46.30022481474849
49.54089572393356
45.23641372090938
46.105567230282155
49.465776120583
49.050453286724725
54.0621783153212
50.4018905373127
41.07863629453038
43.65154396839999
44.58475555737854
48.02542119781193
33.672172376810366
31.49654100456617
31.37341784727173
30.014378870170695
33.71878317412579
31.539700247187785
33.2465975379365
33.428475235279315
35.07164271094027
39.83378950946534
45.299603770731125
54.42635600504532
52.37938352905837
54.55643575750703
54.457447624739416
56.29662406458031
65.02613060307931
65.17532378815325
66.00266627381075
62.31933524119736
68.25439108074892
61.073345367192886
63.68639858895012
58.6096755243271
66.7028491369561
62.53979001565994
55.921469582924225
55.31939650710763
50.18422883151032
55.39122460031966
49.936121852502716
50.75078592708311
44.095403197628436
45.195531075547635
46.96477208918923
45.21609383923925
44.42296506795857
44.17548930650605
50.47979204951912
47.04800767768646
40.770909120685644
39.29232387967793
37.14605687951073
37.46105515713175
42.712014967913866
48.57289873618867
42.884435758042066
42.33657723722048
43.204476205046866
42.62119830729978
41.162419396746365
43.640188655145124
41.29172484546549
43.95533727777598
40.44074517732414
43.9599325272512
49.96957245901329
44.033618226553024
41.6947499949064
46.63281256818517
46.991575922154155
47.15693102473125
48.75751187845442
53.57310664937028
52.650025069934976
50.71296187737661
52.5054990034599
54.53424825297765
51.49944553867946
51.48773606236576
52.449374891718186
52.66072130730049
60.761808987785514
58.304233136555666
55.85725181519787
57.88475914203432
59.27865484121984
61.538752284311734
63.30536069809641
67.0674665448784
61.660193561642046
61.80436825321823
61.82246968598961
67.6030629858459
67.20001882040032
65.01628548713357
69.36946676384454
71.18212410094606
76.87659980992248
72.33783027477759
73.81117643015396
70.91754133259258
70.29609345231994
75.92030281926051
72.99566590216733
75.79909091704306
78.6088075822658
74.27904840069698
78.14633342879101
80.67186265096126
74.5515918249182
77.67016718696662
75.47098942376059
71.72342607080103
75.16422260887622
71.86280136473705
74.43322440307017
70.89116639891769
71.55570226571037
63.13892809054304
62.85825881322396
63.90941005476781
68.58759944972415
65.29494174197671
60.84717434295188
64.71171725892215
57.87695611711241
54.750033454375895
55.76344447326706
50.193507613924474
47.377249731707984
49.602899338400356
54.17455300275808
57.0720900630122
54.359787465953346
55.032682692240975
56.53849657471925
58.34148870042823
59.82671046764942
64.12528820173884
51.22334573111956
65.63138396846786
56.3789179960559
57.099995464846536
55.37256598238023
56.24773143381936
62.75494007891889
56.84463748586517
54.92826721286212
60.11054684793629
57.778360027170095
55.409145957503675
50.866088545538055
47.54936852229701
68.8862391460386
53.42946774690372
63.73888465817356
63.83262774549206
63.41017172049487
61.44022405658669
52.938209749439366
52.80427991169432
53.81294054029194
48.66470009900262
54.631872873456146
53.803715100501975
55.246625024917755
55.19302885578844
59.80339078922567
51.2014353569017
59.375545432544826
56.90519960128545
56.49985754865409
51.97361295251284
49.300215897412315
61.3818851203832
55.52683093533069
54.672805654712896
52.353846701328465
52.87112298507412
62.13828023244724
57.27339539091854
58.8945298213808
61.22081360650309
62.52000475986022
61.441457152911845
61.91764230088418
51.643001654826094
63.28243045854826
59.593396733492256
61.78839872140633
60.411823357543604
57.012351792639585
56.4457633028149
60.46531844217668
60.47905841297028
58.15308387906696
56.92430773439306
55.70290598727702
60.43758979528195
54.4542198309737
62.571845099921184
49.386233658291424
53.17930516235263
52.4705266298093
49.54562453443264
57.70065411425858
62.63113108542329
48.87950928460929
56.63665738100322
53.28613383728493
53.432026086563745
57.329870696403354
53.338507018477074
50.35124052013246
54.6332108991248
51.958600407376004
55.751366291651976
60.18119374314007
57.02349437722048
55.72665889634182
52.60121766030003
48.59013208382347
43.42584730716799
42.838665097861785
40.01552310298823
45.302829568209035
53.1422145709484
52.3466619488863
47.96868103344523
41.464418881620155
50.09577203389371
50.36726792917522
54.890773276621694
50.84258988968881
45.24662975997217
47.45682186126316
46.88501112232768
49.685152456125635
50.682576232348794
52.220243234641984
61.06803802860992
61.333865079464765
56.54363263926216
56.1627278763773
55.200523723478994
53.00894714873773
50.03008275417624
52.5454748941308
48.69455965877802
48.13435627380986
43.84999541585951
42.67577171726255
42.25664020375777
37.08832274541749
40.199054961377655
43.61846442462757
40.250080588510095
39.89477463178421
37.64786730132833
40.15471626337967
41.71228400566174
36.96608749220041
34.89753025795202
38.42580115996562
30.567816873603864
29.45072306011393
32.545982164749034
32.468417969862195
39.259567708188484
42.01838368348557
44.48737933935518
41.113990539851386
40.58521523367728
42.23241196894232
42.541626714491024
41.510891386806954
43.71388214588794
43.65849183161301
41.62753305355733
41.109375841607104
42.424321094190724
44.807060218856634
45.0258251810842
48.020207320010854
44.31800654480849
41.953642698457216
35.22034020543961
39.362457374064455
34.84091877605161
32.80071017763307
34.801547494883394
36.16085663620371
37.79690081357583
43.1670285817119
40.73003296614461
34.26065322529152
39.64778198248923
43.47113144846867
47.63799406128814
48.429298795369114
48.76884330713209
51.55883157987683
46.23738016768803
46.00381272358296
47.3436563013499
46.68493291559374
32.609348720690974
31.771022531717122
38.30982642781447
40.55735370072572
41.60678844665233
35.48672110150604
37.32284078429208
32.28768362132299
39.707793800786924
46.361807372140206
49.50737532137171
48.71412372013214
46.281198941595775
48.416954668666975
54.52217278612248
48.73016615134511
47.490625345887366
48.47404147153796
49.106433272048534
45.97700747394404
48.274129359083254
48.475379824865556
47.62720141087685
45.338960624099414
49.75795688909116
48.39362791718509
42.368644857900264
43.566025312353126
43.743893599778886
43.637944705994215
45.676661102593506
41.373415959935706
43.37260594324108
40.563013818840645
38.86326134284035
36.14306640517943
41.40025960474115
45.44594512324667
48.04402386838642
52.09776311334626
49.07646437069987
49.17674055613929
41.769600560845774
43.61080559136752
41.03659481908857
39.78633649693028
37.31964096743706
32.254660387290706
32.89547116947315
23.305597387340875
24.27046653213922
25.419711724240287
23.955183455999702
26.64207381681864
21.901822308502656
26.316167920961316
30.046469109849827
34.671291880981414
35.72859757765913
35.378785833024466
34.664393266831844
33.40437213134748
21.59709714305491
25.21655031595279
28.093484932957594
29.819425790855195
27.500148255559395
21.796501776735163
22.245111772933235
13.667345193390277
22.877016593337952
20.88585487284714
19.435381126316543
22.53039720175998
27.202548142147734
22.66466050331134
21.008137777563068
25.41805661630871
28.819224435731336
27.18500591885185
25.737125503149162
25.192324776204472
26.198868719082576
28.25290076362311
33.94571993854372
40.0759192941542
42.31989150954989
42.38556498922111
40.7599940123378
40.171567273572464
39.73976894661588
43.34234812537125
45.590316328642096
41.37322418152877
38.091795199646015
38.6976696528974
36.7053983763601
31.38821849408787
31.77460836391539
25.51169005862735
27.859986936884503
28.822065169538522
31.013132954255138
28.994667084557438
27.85447008097706
30.804857992492597
33.575834262412755
33.228064079897564
40.6016100805217
36.00224905263703
31.862237940839655
28.72602116245334
32.98675018931099
29.613151051054704
37.77554598310948
39.6381274517147
41.610782724784606
45.43425745167805
49.46198438950968
45.2310853987874
44.84635425229933
42.07223057136507
39.08172581505753
31.245906715101434
32.87890584841751
28.222681097576615
29.668974090727463
30.91968148140069
41.26517339234243
45.47786264609
39.17638699019234
39.99444721213044
42.775729407190404
40.37456913497966
36.85218278534601
39.22612166685298
36.35465815863217
39.02285303913904
34.529708818968864
30.975913394429227
27.81626047635554
27.566275264497953
27.712906379296502
27.554191175744947
27.2098481887001
24.13230948884259
22.882763833929086
23.74819992637822
21.881726688191215
18.617989972858
16.48313819116506
14.808307939869879
16.186069977373148
18.168596509029857
16.34197729010221
18.41940745675185
16.69745235172979
14.008238048581743
13.327739869457382
14.165268000539784
16.545925309601067
20.355544853254557
20.84725780388513
23.053241612637027
21.63036803141635
24.82483493826294
22.99271331559699
21.256795749024793
19.193188922723095
18.71011155485266
21.301223856041506
21.139549841254425
24.956801352349284
21.419949460430804
25.385030807061938
22.0995837740386
20.31732034650598
16.64148389310153
14.494920330356118
19.742709575846224
20.027138173312704
15.957547917548807
17.48910424229275
16.333765034808902
14.407212928471429
14.65759342650782
17.26335315586385
14.136040228755952
12.434743998113603
13.444361160296955
12.386653273542546
13.681782306730506
12.466038487781534
13.721397438026706
12.832319747153322
13.090395178357502
14.824322085143
12.570876880171
12.117303867508797
9.27334305787466
9.515261431468957
9.215276811523937
9.71125382740608
9.347450687884479
9.374207095479152
9.180561710820802
9.152455537492308
9.498134181092032
9.003828141657097
9.741506620601424
9.131890592674702
9.433705027425411
9.281284434025924
9.01734532837437
9.176023260872373
9.052757226337471
9.05312275571504
9.23368893811868
9.705046025060543
9.35295261925853
9.228895347557838
9.471086407035163
9.09757526992609
9.427977332531302
9.625140422273265
9.61078716698712
9.5312136060894
9.6835513259172
10.194367516283377
9.418396884332738
9.172413729864662
8.995674278079465
9.558695070939196
9.263311241030657
9.377999680824814
9.459410683640552
10.90193130756936
8.608936542549623
9.493513964408267
9.165642902586352
8.761716060552581
8.939239661384219
8.584547921981889
8.974124027677004
9.04074471173762
9.311576629162873
9.09377332479995
8.783990250833433
9.175503088058182
9.079157950851261
8.727747732247783
8.923923075654455
8.843671933496237
8.844058410094762
8.655512825539702
9.077779226339247
8.964464433584222
9.073206570256328
9.390871075909285
9.478710251232556
9.862104318945322
9.480966359784427
8.94578486285018
9.702702151055709
11.676534579282453
12.206622936291149
12.600941717152642
10.100294321548601
10.931809788071293
9.949424949339102
8.676619777913276
8.84299113644495
9.278181605164033
9.3714871870118
9.298845914204238
9.611366478153519
9.26850783130506
9.408889928105399
9.340574058097976
9.125949121383607
10.061606511774299
9.362581604910316
9.452878584513636
9.447778545199727
10.15210527942812
9.988766480822242
10.203866727929185
10.204801352038952
9.457365764006724
9.512263881011835
9.181124513852053
9.155121123285083
8.504384034051775
10.33791934996062
9.636497776403802
9.509376194044405
9.428360125795024
8.97483189728567
9.214961437086995
9.242246706450535
10.097915243048643
8.59183529031939
9.011702436699224
8.825010184843611
8.435565277807047
8.032624039502446
9.153280604698393
8.849506610574297
9.642476383273447
9.389290090319477
8.272268791270065
8.353924231078674
8.972514872064531
8.797010205796731
8.380240134260125
9.742781954025226
9.981647215840201
9.019811185008178
9.068629824822704
8.828195571769813
8.30133527610399
8.207026170632485
8.328947498786333
8.701067082785734
8.7855386733677
8.427010205597032
8.646045050064117
8.740233583157254
7.999334060392895
8.378838257814024
9.205587584537145
8.952332806175882
8.049772667155715
9.153122151334326
8.87865595172153
9.218384978368343
9.49462176133325
9.04086745319619
9.37547193016774
9.06295964399566
10.050952977597817
7.638190478325323
8.674534132749844
8.532236943155594
8.570878272456751
8.96525271582923
9.538278282410037
9.01506169177156
8.951545486935672
8.92011187313535
9.154756956899904
9.600910210427356
9.32335937239908
9.513212417173945
8.472652728009518
8.844758973557845
8.381970787884077
9.207976357744885
9.217816986560102
9.207133858173044
9.177969318185939
8.866735999472724
9.667972826662583
9.673504817395933
9.388017213132121
9.424942872942614
9.379911621609159
10.625379454715237
10.208337399152526
9.243817439258581
8.874192653535466
10.177164820853015
9.321658462381848
9.264874377696357
12.463349154026554
9.155331478825806
9.363406026090233
9.020530252198808
9.31668768417587
9.723462742206516
9.283699161609515
9.539866069956567
9.387411933495427
8.811622947580394
9.655907103060247
9.08771706623413
9.77079392858014
8.63635679235822
9.088853845323976
9.552520377567923
9.610695447304824
9.43462186685171
9.334252294860184
9.199436739514596
8.953019519826094
9.199638029484074
9.478268466415548
9.025885069555992
9.42114781297264
8.88282441972916
8.577895797200359
9.073728855149675
9.804944830787413
13.172239450120495
10.532394927041004
9.430524579579652
10.214183420985613
8.961564500805052
9.019563644367668
9.635945292484553
9.507378449744083
9.569883155137344
9.16409543019941
9.71823824144917
9.4218714780285
10.397686979027096
8.549716215451019
9.225167983854222
9.26662462199156
9.488911851782845
9.624468431276066
10.394306851318296
9.25008690671685
9.390686119022774
6.860877055147821
6.781163438142926
6.727731971530822
6.162249126004158
6.161042493305451
6.761361222339572
6.765296059153451
7.70216982500381
7.720533401941133
6.882713999508581
9.946116683220673
9.491035989716119
11.906911641321885
9.044258123893636
9.137348148293563
9.384794621573667
9.924105933108306
9.008912020431506
9.107339849264267
9.621178122029969
9.301378552303154
9.476450358592562
9.47838900127828
9.370508600834226
9.589015653958644
9.25599570830586
8.850899828047933
8.830900911294897
8.874223452488025
7.746434017986274
8.458794249581612
9.636307025838596
9.015227357171018
9.087009997386067
8.60345299700642
9.311036905074463
9.17299674054877
9.974680468914684
9.52645286228123
9.297971611334553
9.08972894356513
9.203781087872233
8.508408793696946
8.695600077967445
8.86533056121928
8.376171952032498
9.263348550959417
9.082125643963371
9.128828036534397
9.481433042580642
8.628911419865767
9.100988159330056
9.804202968705646
9.160710316125055
9.499198474839858
9.629874455600739
9.361466582520684
9.868731550673536
9.559788629359886
8.787958722162832
9.697195035695325
8.990762595048555
8.85526546471108
8.75168856200776
8.851031476747737
9.106472423136948
9.178529189355995
10.131418563909572
9.998530553526429
9.638594202984445
9.374714825843645
9.600871154915694
9.123726665763645
10.0680960325908
9.439123123912259
9.822387208061091
9.346096152065536
9.637113963025005
9.116482257286922
8.967183269799806
9.537888918220771
9.017933352639599
9.363065082619368
9.467872781591073
6.986350690296644
7.3584374605159315
7.931588318714449
8.761032928107435
9.240438111919783
9.53150518936111
8.326636805680858
9.16691745489636
8.076088105042807
9.060324072729987
8.951591556030007
8.689357247051438
8.828872470385935
9.622541214373976
8.998083014532215
9.213314710222383
9.711840464899783
8.363525314746827
9.48363188858485
9.503099750100379
9.141078928045568
9.415163010345099
9.205456937283923
9.026511256288652
9.326499744595782
9.172384877747595
9.04443317240906
9.332629206028017
9.596129480683576
9.349301152474922
9.237946229048429
9.379018488223567
9.247498559514737
8.359792538127868
8.653591247192528
8.959175931816796
8.770330612818228
8.853800475082211
8.874785885357907
10.372128669722828
8.962708578981069
9.0698283205506
8.98369136106637
9.747356099991933
9.518781384558778
9.628543437575516
10.236022896985652
9.097843809501606
9.736176458052892
9.679706289373364
8.832947697594376
8.020297736478577
9.283402119599808
8.838246092728646
9.457723991942396
9.664085915480307
9.999532297653005
9.141901510361738
9.40897395339955
8.82885886085245
8.70739464929259
8.653842072219021
9.15233593830697
9.64947159296418
8.097328189785758
8.881131574429928
8.437524804094979
9.051824410272433
9.610832994005584
9.358362727830784
9.452784475465958
9.064667453210586
9.414724099643433
9.27226867253992
9.75794788025615
9.440100804336627
9.511595624023771
8.794949578003632
9.226015858077302
9.795361833879323
9.051726451443175
9.668125408437438
9.043628237942983
9.092629588583499
9.209030140670956
9.719038763638167
9.954780811710716
8.259039422639786
8.948842513749792
9.35206791724291
9.96952253998603
8.556148614570963
8.040730733617625
8.301336930560486
8.854041468368756
9.751928163118365
9.464982460473795
9.480043248795887
9.826812883674782
9.08902679194866
8.936253388887105
8.658693128217529
8.82493069447411
9.66646513131551
9.563892648024042
8.53636796530409
8.878160650433026
8.999167631294208
8.631459877668435
9.948017251209121
8.834962652628922
9.344491724028185
9.047466087095142
8.686922106719676
9.072400387227372
9.083527311572185
9.330691678509712
8.731213266108712
8.396726495775455
8.490607526900046
9.051811222009896
8.717762758363547
