54.994087344834846
54.99379719877137
66.49932575032479
66.51299956575288
69.5580069730327
70.44783002514743
69.40148560261329
71.78492029372094
71.0623152682695
72.24091270342932
77.16226470367734
78.61762934596538
81.20261341216661
79.99154901725419
78.98489098252573
71.09099315071691
73.67298765583593
72.25869327905069
66.62422903236197
68.68190714269419
67.99466865195274
60.30182164133331
62.877077993826354
66.58480057735565
66.00409094131415
62.780270033094055
65.82688757803311
61.40657711501417
62.74463799294163
61.92332043779118
64.53217454016276
61.53659273109551
63.712751052462586
65.45844456068501
57.683295260727775
59.45913025351145
58.50531826195518
66.3567430542512
69.60961468836182
69.56226341498372
61.01150307621773
58.098961061536706
54.95549551005178
62.60601996615569
59.87644331301097
56.86891334203303
59.5559998922396
57.14922730345693
55.62448591584233
58.41602478677589
67.46424274779014
67.51134510261765
62.375276137515485
64.4502659096617
61.409408479839875
60.8134915205622
61.85609841221957
63.030856346948276
63.120153042474726
66.81079406935493
66.50117290658609
70.23974291961417
61.384543600977445
60.55423914717789
55.528690211720146
54.846606604576756
56.07364756922133
56.27231124302847
54.700485488872225
52.87554817420133
52.186101022528725
54.07208853878659
50.196096868534646
52.08307897714295
51.29528170810777
55.088021907115106
51.284630963107446
51.19115246809205
45.69321259093374
52.398980088927686
57.03778656494062
58.593344770605924
51.809436236619774
54.61656772707678
50.30483813813881
63.16926286174129
62.60485915745269
51.52756836303622
56.14285235260328
60.23622910181494
57.78299540275811
59.26418976249336
63.5089775687313
61.634075472700175
60.55277711107557
58.15572416207033
60.32248470886614
61.563943404581444
67.04203179541227
70.3609619423035
65.13295458829008
63.76663003895893
74.6337997232325
70.17742087795568
68.35828391102386
65.94124596650616
65.90096064393042
61.559428685853234
68.1458007367543
61.937613874046676
54.75076647933435
58.52063717804929
58.509960247766635
54.44773873474459
54.325928351044126
58.481050794668924
52.67744050601824
50.03004730290796
47.64773363753989
40.37400704791355
44.959181280925144
47.63271099058166
51.85164292550449
54.5821042793155
58.084234396546755
52.96786376028384
57.41701290136461
61.63067834051887
63.38544020717661
67.90792750935195
63.60860435765041
70.85175552858406
68.12551593650382
69.01145366547104
60.03000772865903
66.38443396813666
58.688914393920214
59.78365171539156
60.439293851607424
49.59536899838701
59.90716398851835
55.844562582022434
61.30291617610972
61.16933242499729
60.5615785302491
64.80699061019861
66.4343900994457
63.652625656392985
65.24293660860363
64.3474923677987
71.10750181407244
72.31313222408302
66.80344850626236
74.62548912373842
69.66732955586755
80.2606268401339
72.67209952291196
73.45456501666622
80.60259723715482
81.42061024144817
66.70096104848272
64.9509166510482
69.51416711522904
70.90314419380117
63.64979139348955
62.8990878248726
61.20855797849982
58.37127328816809
56.72816115927494
58.08491190301226
60.919355929620984
53.033319734618715
51.38883689876675
55.138236483540624
62.20802428792455
62.72725005349504
71.98440292742514
69.65785150276743
67.30217500460918
65.6528928389941
62.722760700514776
56.759903534477594
56.29414133841476
54.01358638810925
57.98459890123724
50.22951717287639
46.490131925915726
46.21080588933614
45.92968669474117
49.025528566193934
52.08495042328123
51.947173792682214
54.021522866075884
47.15024190409219
48.648625437477435
47.9354676458041
46.67891679324777
43.475791256808954
40.59389370357708
37.893080868140714
34.55604907662794
34.05884444779755
25.353585436132658
22.42717541480681
22.492066419181516
22.056581463114032
20.540379299151713
20.482099816962357
24.066686058091893
22.034440335801946
23.29351358909168
21.112937519527286
24.09566785392262
23.682319690806462
24.39844223459659
20.704114073327293
20.988721585472387
21.03656253136656
19.770647012696266
16.05422428048898
19.866418704558846
17.75449773514296
17.999097953061305
17.267505945344332
17.765896106526757
15.796465423305008
16.130435393122948
16.501344486759983
18.851699282387152
14.042540364922331
14.917331469283145
8.584172741148006
8.134624965929316
8.57558241561256
7.601229027580912
6.703916490568796
7.373471136132283
7.674495343577262
9.296063523575725
7.342983336224085
7.951967229982723
7.189665570531773
6.410277550557506
8.059094892138997
9.719511134057427
7.1013095018297125
7.149655301440653
7.61900779956299
6.994279937303491
8.376208658136271
7.284458415890895
8.379818947009367
7.4420987665140625
7.390660574037545
8.465829232318532
8.16918906986041
7.607183045252397
8.036494588776465
7.981608415626553
7.521292902157404
7.761411729808593
9.023873046706452
6.933109923427567
7.969610863346039
7.183603548581444
7.515358796419919
7.5504444321088755
7.448495923340335
7.648156771392876
7.594797850666605
7.412876604815342
7.812373220133095
6.957327279296112
7.680565475943976
7.4066694702049745
7.440768859539926
7.279420524585034
8.020034082879803
7.521154145452645
7.241243242081328
7.850832212145042
7.301376035551717
7.038515557293966
7.014711346760998
7.684189127654639
7.432658495680036
7.37888396142038
7.4225672371040075
7.894406264754302
7.512163900148533
7.465053393357609
7.200197610578823
7.58936021073844
7.515885499496448
7.117385915091682
7.12255016677316
7.234442446304814
6.783102517764062
7.611825142469171
7.670905902218366
7.4104543006268155
7.240515560137525
7.021775615070394
8.340545891249013
8.090382590086227
7.306017310281682
7.223834147997772
7.262835287485946
7.59470074651242
7.122074732527729
7.6020384934318725
8.265006784128772
7.366859303626398
7.966828763746264
8.250990899656806
8.959591015043186
7.803939487840969
7.419485983102866
7.922859344697866
7.55806953814027
7.780371645543546
7.931604156600962
8.22973320855798
7.835273452974631
7.884087487441517
7.688696025901314
7.678627001175745
7.811685441485833
7.436197996589396
7.630641173964329
7.628443566530845
7.707822495155592
7.247873192343404
7.759807589890738
7.187965147319447
7.260297994602367
7.817523605256697
7.597348860238315
7.728671101154094
8.401858479220483
7.720541698280234
7.952189099201788
7.622821098026025
7.81290794626688
7.530130642581381
7.089251819214923
7.392644319411561
7.18090099399502
7.95010000623048
7.737901443622154
8.270042538755167
7.735808820063674
8.082560793033457
7.6020618376384475
7.781547227353605
8.038159775494018
7.5723195867638395
7.5338749671670815
7.441690284803787
7.595473425364876
8.070666086792782
8.71799335457359
7.81476996210146
7.578018075737895
7.496859793892263
8.144399728192996
7.41448302881274
6.907069633466561
8.034989963155518
7.516901375618128
7.469264111444311
7.284594859940329
7.64336101839636
7.306438302108905
8.051500045642356
7.521413985749624
7.675814743198692
8.382874828647898
8.010347136707699
7.588664219713419
7.933134133563156
7.970920145885384
7.27443296814716
7.697783781627932
8.631360730817509
8.390486379413748
8.031729540985406
7.830263946129321
8.159777311152789
7.882022084888041
8.132560048310836
7.659246889513737
7.826779117512699
7.51197547285394
7.742076692109591
7.522872649126052
7.50143126587368
7.362015793244218
7.589621475643068
8.038849228310909
7.9677916970111635
7.7666760732472415
7.794468816289954
7.972581833154219
7.906709708369479
7.5364533268471225
7.518021330058706
7.484009152667449
7.638346860745696
8.012696210713978
7.657490983906815
7.40199361216978
7.213863378479178
7.730453150863859
8.125203722533541
7.993796565852056
7.515710318958446
7.656339582779503
7.187158352310574
7.741458579275365
7.399526045585045
7.525440367438058
7.844552933882543
8.117621875531972
8.077086299963797
6.9697871534908975
7.723527695600408
7.213627452522721
8.139728070239736
7.881408127363658
7.185028641000666
7.904463693373133
7.32920814106142
7.433523256403633
7.825045002611995
7.760393168247029
7.300928031664376
7.6953179827706295
7.657369858476079
7.717045190885018
8.062106595310999
7.543486368685725
7.347878181668491
7.185470309453935
7.988428205714336
7.841368383905683
7.276638559304436
7.4413990392190055
7.603333176474666
8.124877678711098
8.293338624934808
7.64147880443981
7.612790216564
7.931191537911492
8.046095437902814
7.531301973308739
8.278431874618665
7.658952527118618
7.455308110690293
7.821143861711815
7.704726147674788
8.501802714535426
7.960759102010371
7.968381412050607
7.608864253151324
7.209444158349115
7.773743019099129
7.517172431322734
7.134792181016452
7.8338926451381194
7.628270370443935
7.715973687087877
7.23323290401485
7.759326405793305
7.342708575727828
7.380250138866192
7.534490793856332
7.150413393132147
7.212067693494154
7.79298261318962
7.652339653988024
7.412674878227391
7.6710105961875525
8.34131768521538
7.364267968064135
7.19153070917011
7.573827133305946
7.191643428058741
7.806635855721968
7.9913090927625605
7.339778209833553
7.3591996460189515
7.347427057976939
7.748904691658173
7.800826740637974
6.900770880831853
7.308159585075934
7.361559780129467
7.459895410230734
8.028826083778366
6.8257343238191215
6.884480714978462
7.444889468698201
7.369072793715415
7.1300326906144855
7.545962712259816
7.803621325021522
7.713123521150477
7.5490003161377945
7.275034168076993
7.508593582982261
7.9107785800166655
8.02952472404285
7.48865391560659
6.9742120149913776
7.660563434792224
7.304295211890725
8.00126743526341
7.146891193682609
7.5617002940654565
7.128094116853897
7.080501066567044
7.471987965081567
7.815115049090341
7.6868076614625815
7.682380691979972
7.4838001756206545
7.497591168792812
7.615941276209845
7.184541838302375
7.60366472095526
7.235391890397316
7.838479042498718
7.232901336050849
7.585928168906496
7.645205954402998
7.6941905415891725
7.819263934062504
8.013920110611041
7.974655479397956
7.262472503495859
7.601500307759396
7.580388713584818
8.700610863420435
8.191042556910439
8.133902005995646
7.554220652064034
7.784267418886716
7.883956603280472
7.825025058538994
7.683968913620569
7.641400000961568
7.470348273215592
8.124780710185176
7.716289796486976
8.09340952147256
8.127750276908754
7.929496671512232
7.876398776194251
8.062594121704873
7.264386598095009
7.579168537108911
7.4600894227005075
7.565816369660107
7.372569061037048
7.872461927635315
7.604869414808551
8.177174792073298
7.285940501377576
7.550364668108031
8.159216145226425
7.605165977263842
7.170259230591943
7.642989623044202
7.973348621158908
7.613518564424127
7.539971843525417
7.8634978426280835
8.301566458448635
8.007100803344853
8.088978334475236
8.056297741423691
8.34434580396449
8.117087317187208
7.973203390582046
7.20511476814671
7.807233898329896
7.493148944240067
7.595299025590277
7.672139824939513
7.605454501479291
7.82113255988311
7.581643998283722
8.257783329411712
7.5853650667441
8.30401861212849
7.575093883451012
7.31800129146832
7.772774534718561
8.116430300946426
7.701256963937603
7.717795886973617
7.693795844714433
7.396292976547693
7.740345126739477
7.468680205551573
8.025968461180666
7.689778817134447
7.7900911238076205
7.515537415511893
7.901835027804547
7.239215234169069
7.107532976804585
7.228908800740038
7.187313456806713
7.356565156440957
7.24262716336465
6.975359117053479
7.249747507275111
7.880151929259773
7.789817923272899
7.576202942195945
7.130652877784245
7.6523629999874405
7.33366726813656
7.506203259279604
7.723924472657996
8.15034577704584
7.8230424325095695
7.596145511441956
8.04007918026154
7.58918149705852
7.464395513157786
7.50503417770676
7.418496047074609
7.869671070531917
8.292034067032315
7.80466344843719
7.858097535005853
7.9433971548881335
8.098956331343413
7.338424067639001
8.245273645202433
7.726466155358727
7.56714335428714
7.461680177240739
7.5484382895009015
7.803311434127627
7.379688471030769
7.373674858805098
7.51024403355623
6.973594698699876
7.804154538421174
7.796708663456769
7.514554867672544
7.64212785379851
7.52320651872377
7.773151739958589
7.631912694227075
7.821625198087087
7.818871719061813
7.507691345480253
7.633892028661685
8.012964057516292
7.616664583929707
6.9088018954357135
7.3018832555445865
7.757398537477264
7.148109723980735
7.713222563065151
7.601370116074163
7.326262207183137
8.044291848264717
7.702146860005895
7.992580963463729
8.293893323851576
8.033285838499834
7.98066989121079
8.210282606293543
7.911771210537742
8.359310611568164
7.971363917756129
7.703651602136676
7.962659397294602
7.724080602502561
7.335123464705957
7.46201350175876
7.8284057451161875
7.902194448752895
7.591637903007717
7.698036160948157
7.529583897718727
6.794162793290562
7.717373331219437
7.453235295690043
7.7406439383879615
7.133667147710958
7.890951702502417
7.414476852692954
7.504090746537778
7.48631972328772
7.1286391881228575
7.586623681516166
7.471789557482837
7.393333804432835
7.445652356022165
7.155096917942591
7.3506211276541675
7.397424524095864
7.127820575094427
7.004996615435136
7.318365456585087
7.134053420848667
7.224287642764477
7.39557464149266
7.533801925796025
7.854782665741112
8.127511723982972
7.730063684346462
7.198608980839877
7.4606677070630925
7.498939846166354
7.231453374140426
7.236067752308084
6.893361406700622
7.10938718013732
7.3177863949542195
7.696562259822096
7.767427297262393
7.897352721917784
7.419103371714925
7.011529920786356
7.642760487413438
7.686555183474256
7.147541702564019
7.227933155991809
7.527778806151521
7.336653023820731
7.6424372993932925
7.21001112831539
7.153415178797505
7.345858790490331
7.188781680291453
7.588173743106043
7.4508560778036115
7.489070150924868
7.5155451345581525
7.53439860307688
7.018877531415671
7.733775238019774
8.067426585080687
7.73863057464914
7.59861792213
7.83550998353311
8.074626887753299
7.00416433119929
7.60472533001721
7.318803445572128
7.493164398662654
8.10582530492454
7.293635020500729
7.74227238569194
7.358023847727025
7.503274140518116
7.23049739165358
7.5386629856549305
7.511278132178701
7.766616871415736
8.246622979901037
7.451239812838748
7.486862956451398
7.000543893190602
7.823432012126477
7.801739928381515
8.38448780635709
7.94746915704046
7.953511359272547
8.825838684920347
9.885412357740318
10.179343666350887
8.732968781363022
8.04230581652591
8.27643109105714
7.397348677965461
7.487568543646668
7.026622884609298
7.389615588808645
7.779588363837602
6.832111025853872
8.049891431373068
6.947214604050484
7.55293205225118
7.598020388313369
7.668579462274913
7.446211300523026
8.090186219226423
7.693120278836571
7.540152088264206
7.531309923217228
7.771040016293289
7.800805783216982
7.703539248047392
7.7180930946203725
7.9375216243246545
7.3551860521981
7.447069465829526
7.740048786721706
7.752967845884498
7.907366096104836
7.764437282094632
7.6803465739860215
7.450679779255856
7.513007562302797
7.8605397459179605
7.428084991475766
7.955797502694079
7.969779468616938
7.405336082013417
8.802299352564196
7.504042621552644
7.318852040773952
7.333307707880011
7.805165578942623
7.4345050458663815
8.029923342516527
8.218930548727913
7.9732095922677395
8.10354602977112
7.576083484227589
7.7645532190143305
7.730223357184151
7.779093696594485
8.515719209491015
8.572995954173743
7.331554687530847
7.691481378764872
7.699991679585098
7.8515617171644925
7.68128365740506
8.116076139086907
7.735684067955614
8.349735722777943
7.91761479027447
7.299325106120665
7.549222597190354
7.792561317563398
8.17918396229517
9.858782585606653
8.07719354419789
8.002927792684847
7.477809142036148
7.852971145781373
8.06798860705151
7.985177057850797
7.901079935195567
8.13987375724525
9.368323939133314
7.950027539039073
7.645613757584074
7.898999890353273
8.447914978761656
8.076035808322038
7.344035984029488
7.538226235186769
7.90782293209652
7.793126408826632
8.140833449550916
7.789755644728625
7.124460880406365
7.5366641104461145
7.688590204326899
7.2449291530993944
7.5649580658760645
8.398488901686733
7.649005390975709
7.614341579626864
7.565584032090718
7.796630158063377
7.808334919757062
7.890805286175879
8.296989365982613
8.247600612761444
7.841101468400786
7.715567168425293
7.12001114947509
7.752589905405025
7.250607487383994
7.462807963806691
8.143665803001594
7.746666741074246
7.667754375323043
7.540379741633574
7.856367361845105
8.357636217798236
8.309177532356227
8.047801365524466
7.122893233952174
7.5569753345354576
8.19592209297105
7.837604031412963
7.555014873276095
8.67267614948224
7.185345322791234
7.049661559633172
8.051296828994172
7.5414919312534625
7.559463366421467
7.74563301475013
7.197683811594479
7.542659630699488
7.805521799786912
7.79699976172215
8.040003551502888
7.7040268212571155
8.052642968808627
7.2220873141975925
8.043174876981391
7.91024575354738
7.32802596644884
7.857438458246071
7.609981260239533
7.140413663694227
7.739304839192154
8.222870175367117
7.886127782004143
7.6650304598463626
7.281612172114419
7.529935752398619
7.81288185524361
8.311697275241643
7.366281435318802
8.024921171129748
7.989775500303789
8.118385991653085
8.159738657110152
7.712432106170039
8.040082414574096
7.570866634433622
8.095800271683729
8.045384360800094
7.8705548084300565
7.653380161301599
7.4784774071929565
8.001169616065123
7.71291244201999
7.8336739379724305
7.562161612506449
7.760473215849094
7.859294309781259
8.276087645952524
7.726871669006571
7.51495232657988
7.519625650518135
7.73480002313419
7.594330131046881
7.389850789668706
7.446970792073954
7.505196308579961
8.28864594781472
7.8194734971821385
7.438031771867316
7.97013618668194
7.52333453464097
7.167773833007236
7.8287935889240785
8.241353896045872
6.788613034139321
7.889070511009748
6.29780045846574
6.590690036552221
6.475724761100433
6.587558193883613
6.761959897020489
6.4090132912964775
6.7763940568473675
7.253907578511219
6.577067986722806
5.988614270239825
6.738125242886217
6.354462522046992
6.7039127907656155
6.638186833403047
6.588923408312137
6.735582608717818
6.482936353019816
6.213357208665846
6.89218948089986
6.442088148199668
6.649431084096092
6.308197081713304
6.460112749225108
6.995995418523293
6.168612554748225
6.565480443601165
6.351187874875352
6.3037727449721
6.557870960432448
6.21766540951106
6.520445418986387
6.56137777191717
6.810004537796993
6.4332376191341245
