27.57730342310493
27.57732465768584
22.194455903501797
31.279630356424978
40.98743648823184
40.496912445680074
38.523862221101545
47.35185400539923
38.34670873259964
38.95629877756654
26.252436593606653
30.42188037836726
48.650446435598894
26.1054658049201
34.12050980637911
22.391646287208747
10.883593312424328
30.847188557409474
36.311590759540735
-26.64798977438695
-35.87907426411502
-24.30564131651545
-52.544848086454124
-47.9592085821639
-33.75036967473255
-11.1358660792154
10.321916546126984
22.795992400324096
9.982902713872505
14.359232926494943
18.44516183852953
-11.211386794795384
-10.908974859306145
26.001895909528763
15.271725586968387
-2.8464805683025687
-24.296375354681107
-8.655967550159197
-9.471616277597937
16.322960595067382
7.103576239254064
20.643354471420412
40.76235082569392
26.496863333614694
44.48805635494631
46.4533964403244
54.08700668559802
27.85663585802172
23.41269577398242
22.25057755198269
30.89444206510651
40.440592115868114
38.203732631309975
19.571341650844996
31.136682238085545
17.782312273031803
22.977737714190123
30.095040424734464
40.610836431961935
38.81485482958786
51.28499295054587
38.79081118104005
42.874080945246135
43.31157541477929
44.705384217287104
40.094427735552586
17.70691801768941
17.685719581843905
27.06353459546983
12.647097073587636
-12.809599241592448
-30.622596147765606
33.45534117702446
22.313025030929147
34.766699340324855
42.29604022357988
49.97344534985494
36.04561405608386
37.7252903361213
19.110742765696575
15.555429591557354
4.933484833259232
16.711151348633148
9.288146529706072
16.263322737418058
11.802223734907688
26.883016797385917
-20.50048557195718
22.96696766189285
-21.514227070435773
-10.620470348956982
-24.459694494044182
11.371681339233504
15.164636531900284
27.20860683946287
-18.761284934915476
-23.56319715287933
-17.355534846569135
14.897279104541655
-49.65068723073314
-49.63433428314498
34.92583704321149
-19.060765794640403
-20.574007528095382
-18.388872879326062
-23.25595686046829
-18.22300417085174
-18.86583966912644
-16.702069273100562
-17.19020323939636
-40.44214157003229
-40.280628790398694
-36.24852974876221
-43.28573139100575
-32.064515698184586
-28.65892388779496
-34.688953355997
-25.574514077528292
9.79700198399286
-14.523977354648261
11.571116538785692
21.78623394987447
13.725429809346492
-15.380929753981803
-27.544286092006438
-15.34422570282681
-37.65744975606484
26.559480227906434
-12.165177228640546
3.516263940143516
11.511172133945427
14.572678681847755
23.91043664209063
31.51841919011375
28.900025332954968
43.99517599350376
46.94491806313477
47.29622844175063
54.34529317139781
49.52628678673787
43.68390179726852
47.98214286080244
44.17841665285906
59.58349132816259
44.30312671482119
44.76186527940598
51.751124148745276
42.49342814752778
45.41868206878688
23.1120180965496
30.987101539685668
14.629334494103334
26.381045120195978
37.01469471265758
21.32145802060185
29.047393080435963
40.96503073578902
29.243518589758473
50.032323890883355
34.178420971332756
56.89244573424352
33.717466536729134
29.230923912553042
40.197870304648966
23.91133931878286
19.015716355825536
17.971898938622484
9.987188393691453
33.68333384997867
37.757394851773455
42.87599907891203
21.218138044962455
17.604959236263696
20.397514040756583
-10.749728975536833
33.74761490584398
12.849178236953072
-24.802906685135053
37.32365293841615
21.025754635125704
42.17201992098744
47.46215326241255
35.844215872122916
27.335096462884295
28.01179610423749
-15.425449506205577
8.53741476422585
23.322635074832085
-26.573803798140947
-29.61386188667575
-30.403683416303735
-24.97962928250057
-9.5709225769724
-24.897923069075752
6.860943926308577
12.66777172927513
5.7552629815590475
23.01122192879509
15.653306908596
-2.4579963453924254
10.989984278983801
28.272506272622724
-14.51072616043067
-24.18068128228701
21.568705891743228
9.075434609422416
4.469704106242601
-23.92296232621998
-13.486485242535815
-21.815844909670215
-21.564283085675402
-35.620548732045094
-30.205711912636374
-27.887321045016627
-27.191574714050677
-27.48317488619721
-40.356729127916374
-11.146313429454922
-20.431495507012396
-32.13388964223996
-34.24554980118994
-25.469363377284065
-19.16957520903008
-36.88539992983341
-43.606063719544416
-32.00024945912766
-30.5451007300345
-46.91182661577621
-39.10424945376235
-36.76918231140379
-34.260575632941226
-26.97195510309104
-38.7016643222634
-35.20170949550883
-36.10901488107993
-30.33697606305246
-30.75830982826507
-24.09827685404878
18.84772092390959
31.636297591860515
38.45445396345063
-33.27961222741111
-44.07042388392695
53.75119984071562
-57.601335815296714
-47.90877654294805
-37.159284993462585
-45.4168135750934
-46.44963448680484
-43.253756378925225
-34.423320802839434
-29.402103105729843
-35.25887041438961
-38.874552390747624
-43.44899318086059
-46.045962093973486
-49.635097271806046
66.32747721441693
-53.5426352054901
-50.721974192520015
49.702792536801354
41.31441964437051
31.507891962067166
54.20324835703559
42.53694640652798
-36.71034798642898
-34.554711023114194
-32.960831559904285
-26.221691307403276
-23.450032142307048
-29.57335801528809
26.506932230102006
-44.31123270419923
-31.515435127264343
-28.799651853379107
-62.097831010452694
-40.742587675298516
-40.496240691799784
-41.162973147662825
-50.34856772474685
-49.35361819661911
-28.439383473360905
-30.279120001234947
-44.0578489923607
-44.8123039683652
-41.61657190559174
-36.44667023361023
-23.755424542560345
-28.015528345977998
-24.100816699693148
-17.70472938294176
21.688861632590374
-9.76345761354825
-13.101454248013336
-11.078760040555403
-32.87268851264617
-40.82799055216458
-30.510170816540025
-54.57756998676978
-57.63070506633291
-34.15275772336551
25.134977030102068
-36.75999985230126
-38.579627936776035
-28.133931829191454
-26.644094138661195
-11.728653736636307
-22.038078100505512
12.561804709865195
5.590678090362514
-19.44982722067504
-8.91012383111118
-5.580217652760721
-7.773243521052508
-17.38697904171179
-15.395433844074324
-10.85699632269333
-20.45400282864007
-5.0698852253388385
7.3216435928865815
-5.118896567320873
-8.238977381068382
23.709883497611987
21.980966176165285
20.175462488834125
22.161368633841125
39.7408731010839
15.772697137243465
-30.819147221903215
-31.95951155076347
-15.752785311714964
-29.093460822565934
-16.558808540293125
6.538965600512275
-23.973622298182928
-19.59113213820894
-16.431193273531402
16.07102565270425
-29.361072132881215
-19.758712229629687
5.507257128392654
-21.461802360743974
-13.282472376217255
-27.163325862968446
-16.21376012723345
17.60824928664766
-34.339618307766116
38.054838296932445
21.180528466491555
26.89620634879553
-24.625024081224673
21.062811901376303
3.5781241709548284
19.57998800346685
-18.326303468411677
-18.59646952883702
-24.405472612668966
-31.264542308560653
-31.106784124772997
33.85954207856855
29.876854243372588
6.0260323490596415
28.293602557318053
16.441479729119465
-6.815713093775544
-21.72196706880399
20.85292789202697
-32.823579647160116
24.94346555035656
21.801705984225254
-41.35363744353949
-41.696902475945805
-48.28316546213539
-43.52036829745051
-50.634833505846274
-25.837260206866475
-33.150281104267506
-35.440037409853126
33.84438568854127
-34.361843070408014
-12.801439490223311
-8.545128062737504
-17.03448642753172
-47.38949073031025
-28.24642100466708
-41.69199115374251
-18.558091256510448
-10.212284832761666
-13.117815236918313
-29.805676766963654
-16.52554252234615
-30.322768676099646
-13.647282857053517
-6.087191754537693
-7.3578543462356665
23.23556901699108
-33.71720801199046
-34.505099332838036
-18.511996970634815
14.269845938608452
14.189590870751745
32.520568386708106
18.36865306592378
20.66862285051527
10.083550912785684
5.41098256185215
21.649186176932297
31.56616087786984
26.258229340993697
45.05898699982899
16.20180578737944
9.41391783229473
16.164904103271986
10.259758912353501
13.623246830254166
-5.9413573626238065
13.83507252802534
22.233146068814822
34.56147413618577
22.63541510964905
12.057579352226249
-11.58497503016921
-22.337622840253577
-9.355457728115587
-16.169374900324588
-15.002797764974538
6.439051570875055
-4.021280775008961
-24.095247941236135
-9.066535121475466
1.8390564055869318
6.932930180217904
-1.2008969168661767
-15.483591387894702
-5.8617163280056195
-22.686350525393884
8.499366272009222
14.538827400690904
-18.01724045624905
7.970755544634569
-28.030808049129394
5.9957713403652075
7.060139072913334
7.263509420585696
-21.435405591384587
-19.589574486095117
6.3793880857069105
-4.791297459230024
-13.616383501143115
23.928224320291115
14.344465088660238
5.897130281717663
10.35893291113393
-23.360022261758218
-30.330128837439705
-32.139562457670586
-30.039782559869586
11.477387843733732
-5.136823425961228
-8.48582539632351
14.845974068065843
-3.5456425251588453
-5.6237358324667674
1.8192533639913635
-13.184529703759162
-24.86614616547069
-33.300625554869505
-15.47876705351738
-44.08570927421801
-47.25720941595327
-28.56595413704232
-29.55585448067296
-21.3244184105512
-35.03531952868217
-20.72887375819502
-26.729542276449603
-27.77645038779678
-25.191027518982352
-26.714345448872432
25.16251704967031
-29.724485306782547
-24.483290588204923
-26.683393955070372
-27.02459367609845
-24.268718648367887
-22.213232618575486
-33.486350054467756
-37.44425382108836
-32.69836076936704
-30.096290183102756
-20.385892055113942
-15.049556503531099
-17.469765481998003
-30.15469667836138
-22.596051980180906
-26.441742055746246
15.298077560525398
24.38946761695366
19.732663348615255
17.749090716950157
-14.725492486910362
10.323946437863142
9.760692327355956
-22.39074295418717
15.17567837147998
15.989216599393783
18.50865932673907
10.29796321424107
15.123400073722037
23.933428593503162
19.81944408088087
20.266668011562068
21.93697435041114
17.713466232909965
19.476332610484683
-18.60548729207828
-17.149818738788053
-20.567525528557244
-19.895313212015523
-11.336209962550424
-17.783589126256594
-13.316798886330686
-13.773939522630128
-20.626198977515553
-20.183671475207444
-16.37281286719664
-17.96136166531102
-15.73761037679598
-20.85423090316281
-21.670696959719677
-20.99632703786448
-19.96337251597159
-18.46220799906034
-16.932907998777228
-16.75776245293097
-20.60925623420208
-16.32038015172287
-23.06854289165123
-20.825096354883126
-17.096442365044364
-14.978507542549364
-13.685657359799952
-18.253448573862645
-14.301650448055629
-19.336844651342588
-23.894481616922473
-22.847332547536165
-19.37424772061225
-18.516162492667224
-20.606310461439335
-20.226930196034353
-23.973042520257902
-19.275955024639583
-21.658752731982787
-18.95801306681853
-25.74868998576191
-19.856804307012737
-17.012978857444942
-22.230948518924926
-19.045485045833274
-23.244397740890772
-14.90606553026279
-19.209669925589413
-13.155415400232469
-17.182109785232416
-12.138881633746827
-18.405971882494157
-19.204807797414876
-17.906869948953418
-15.709057326931239
-13.48091240834553
-17.72894152070153
-14.629613214387637
-21.181637156137878
-17.782145975597413
-19.928336500671417
-23.679135424624036
-21.43874564102767
-25.093517962392355
-16.101916473991228
-17.484517221370517
-19.20389473332834
-17.416592529058118
-21.054931281073042
-18.18042947267545
-15.99528300759774
-21.676477047480116
-19.09541263907198
-20.542800571447387
-17.55246703591038
-19.8120835987591
-17.57586405389716
-16.064573457875127
-22.405077334336088
-22.566711640713034
-26.58316376225897
-23.270953185122913
-20.509637438405388
-21.80185132620895
-13.497547991565321
-16.98230293801695
-22.019240457323768
-16.27591464523074
-18.20436867721812
-13.605125583295687
-15.30035740667807
-14.18411074457103
-15.986065182819388
-16.97541197075192
-13.855674035873218
-13.026019007195316
-5.321973463507286
-13.108470158215717
-10.314347410327738
-13.051931207979655
-13.759289976627445
-17.51420033357289
-17.063826276481624
-19.07658484327944
-19.290982908110482
-15.228837879859006
-16.49884497814656
-12.853000321500707
-1.400821066936367
2.6672663870432833
-7.892989656028717
-16.79819649928187
-17.43586208451582
-15.366219150581593
-15.156271645196625
-20.078652917276997
-16.144248477548555
-16.440994490621932
-15.58281561097799
-18.53056471514816
-12.617302259795114
-15.217302443937331
-14.798643084345107
-11.781318798522806
-5.402131732650155
-5.526844958814956
3.3506750197335275
3.313460994368652
-10.113217281501525
-5.699980543109517
-4.869178421173694
5.310054744307523
6.7762509559239
-16.2363854330169
-18.103811927478382
-17.86407085372959
-16.729910757590666
-9.638729108694688
-10.970242925884069
-21.23610368255365
-23.158446456626148
-19.293179178100864
-15.542346215880054
-13.366742978878468
-17.92629273284981
-13.400781342512706
-14.748352697751072
-2.961033846050733
-6.120122826408536
5.289474401878894
-6.807327836499044
-13.236870458780443
-6.129510532859122
-5.884868276029327
-10.367871865241803
-13.33070681526615
-4.828653551184259
-7.007693763910804
-8.899252560195453
-2.2005332019672377
-3.5272773409460294
-5.183120932374611
0.9211472075561407
-5.470370195644534
-8.372884163561443
-4.521205263301283
-4.835363172443023
-12.110493305499405
-5.874017168651081
-6.5437762232663035
-16.789780796750108
-10.226277691399114
-20.392312754122027
-12.88596658433957
-17.76884347838024
-8.588522560333402
-10.565366043201058
-14.202412937818055
-12.77605729818905
-16.99900327830851
-27.285920200617568
-24.444961638321917
-17.23521864308292
-26.584140057226683
-21.78702725780701
-20.760080596941297
-10.449632032786361
-17.64512523589227
-23.27325833091585
-16.1936062546309
-15.721429607524495
-11.910155146179068
-25.03435459819683
-23.217930679540967
-24.245282381495695
-24.34795718411933
-9.73416777145826
-15.186769861237801
-9.740126790343874
-8.201194998315255
-10.564654920646365
-13.400889423384918
-8.579176710123164
1.4727764107181347
-10.633962399065677
-15.284909802723472
-12.070965948100062
-7.485712862916719
-10.349008748908558
-12.039557111696611
-13.85713947981707
-9.556020193314675
-7.467798382509294
-8.222175726841613
-11.325191065449244
-4.530346431116932
-7.9429412545129034
-12.170724097431775
-17.195220324595535
-17.151680476180378
-3.3272062394225896
-9.595230390549217
-10.170888584811768
-9.569317863496314
-3.1390716184803935
-10.168719073128738
-18.173375644415415
-6.156357620249123
-6.404771067454162
-7.484960218249412
-8.469025650258992
-7.918136542059395
7.726846879409924
-7.086501669282001
-8.077918692099344
-6.961850312351513
-9.72457825331489
-17.94977363612365
-7.393131288987208
-10.466810182162208
-11.36364539156539
-9.246685862441453
-8.371634442138683
-10.082882122643952
-11.898605535019174
-7.426718756828284
-6.522181934574569
-14.402772499352608
9.14722516990651
-5.317585948830061
-7.1849991221095015
-10.283347156270679
-19.543800107490743
-11.61897248798826
-7.574538547063093
-12.330744124349602
-9.442211733360493
-10.112724282624672
-12.402139872914287
-17.69554453902253
-15.450417625362368
-11.591893996946647
-5.040050709011904
-13.884359738965792
-19.89260935746087
-22.22288441185998
-20.491301349089646
-21.937645080658537
-12.639797509655551
-15.017642452658666
-13.518537623983343
-7.861506678093036
-9.707579088254493
-10.320405552807012
-5.953569891877232
-2.9351970102444835
8.736238729105356
7.864181557511461
-12.692029848685792
-10.953868561940334
-7.132744466597831
-5.626118196430482
-7.2714620676426405
3.5670784181813797
-1.2802003172672913
-11.128103888335094
-8.186621885134512
-2.278540430546012
-4.71305943848948
-5.45613300682953
-8.974002161369066
-5.406827519656407
-1.5946206543350705
8.398917873421718
-6.658908377126135
3.848196547571125
4.300094900327875
-3.0362269783044566
2.4094264060026616
4.987200872188242
2.7924874374784396
7.828512124127289
2.991542079512082
-3.942304686797915
3.649695377560787
-5.5385405068469735
1.3977489352969508
2.6251288405960818
3.385275371212311
-3.7962370552628584
2.917794335664552
-4.3640686864075855
-6.135428048568097
5.1919374843393244
3.149517237078627
-6.221773185196183
-1.9600675538087946
-1.0665841726349932
-3.7128037853468814
-3.244220968498286
3.3920100022599695
6.88871324538613
-2.088566012144041
5.242460900029581
-1.1589980446117485
3.198741522294482
-4.833817344205966
-3.2983402103057644
4.937814857385524
-3.0288162956027023
-3.175576807198738
-2.737654889517846
1.6491983777399541
-1.3091063853779945
6.399100411654261
2.287215288192175
-5.369666231183582
-4.469822540429362
-5.040678698523983
-7.222534216097476
4.636322295500828
-4.105395234025891
-0.7792882423355766
-3.607559939856955
-5.200173747907961
-2.2138169083203576
-5.061520595100652
3.8400659487899387
-6.675751708923524
-5.191906722585272
-3.281728431489523
-2.204937204628902
-5.3521200225248124
4.358080830292566
-7.362325833697327
-10.585712588004833
6.2991569374264325
-1.8265571771941969
-3.679761595906011
2.9016865448472617
-4.0786696560998115
0.22977834625931698
2.6165033487987355
-3.9641808301309607
-2.560187754901382
2.4449064862228695
3.976404260947042
8.20608676582303
10.557253831578247
13.99920248732369
9.591163834862071
9.10573647832215
9.948439832537067
-5.186506944856223
8.557866488974263
3.469882742099964
-5.350280176701998
3.888617415997188
22.31487111448726
15.71942348960564
18.159040813098084
24.163203869517407
20.34167584168454
18.62109320571375
5.092584868463405
8.679877271653035
-14.8543275118931
-9.483491227512621
-7.77293178672437
-11.092910209976852
-10.821083755629997
-15.820303608362599
-12.016476841442612
-18.578549005674244
-11.935232317834132
-13.592358617247168
-12.839740316778572
-7.287381114898591
-7.121636387487915
-9.396080855792102
-10.73270465071065
-15.733847231181555
-15.507055539395877
-10.873753940575101
-19.471826617832335
-7.660997100246371
-3.095443306535466
3.017260929654912
5.959833212573746
-4.094998859043107
-7.422440392909919
-3.6763764944077177
-7.252170493795878
-10.091593943706252
-17.479573729706225
-15.103355696368606
-9.738714893183841
-11.885908128702331
-10.996899515556892
-14.112867578324176
-12.85766904161907
-16.456387303574495
-11.109253157864675
-18.200475626971297
-21.48263877182883
-24.317113813946044
-21.542810363433926
-12.307924722080735
-24.617163755248043
-21.395698226177313
-13.49799034191957
-19.437959497365036
-21.689220354597506
-23.233336162761173
-24.25344403796223
-26.559831418496607
-18.280100040719578
-23.608328691874064
-26.591934037074697
-32.20599840368926
-24.63445993299484
-34.77049880061098
-27.83023238710955
-24.745866327729473
-30.394778016463817
-29.35074313284176
-33.65149793569878
-36.8435383901106
-27.940413628720396
-39.516204572285595
-29.092384414095655
-32.43140517906628
-30.94786748722378
-26.310225771597036
-22.47825443711693
-24.53160039005672
-23.76842659267338
-24.933288386363145
-22.326271061097863
-28.254932285159395
-28.857153503294896
-24.50919439239035
-26.648868265484964
-27.101427195319797
-33.20304662486123
-30.05371329257572
-32.339211790750234
-31.30466365470879
-28.731676984988066
-29.41589004511863
-32.01224488099294
-28.014120886768342
-33.78031074756346
-29.34501811579595
-37.785251047460854
-33.85563220264766
-29.073541062097537
-40.21090670349204
-24.62126009683667
-21.651096185815152
-26.245624108988412
-24.842039490040392
-27.965390340315388
-29.363845340213448
-30.450716112402176
-27.646429050859947
-29.889550147036474
