54.994087344834846
54.99379719877137
57.28150080927026
60.61304422604171
57.75099274940384
62.66239501622027
65.32349742239886
71.32805181141556
79.72189238076892
71.38498446866528
60.41535760202263
61.96020718167911
62.34000329158858
68.78638570547838
62.21350980526017
61.17198603578533
61.70071506773932
58.10402627523983
56.98653471391042
56.74072281621635
58.442334331056195
58.06902114438811
62.08686299527429
57.622884885951066
55.8335435702303
57.3647297837035
54.42099484155576
48.16719223643693
52.749339121355554
54.67334998413358
56.4659929399319
55.7661589496152
54.765201976615366
57.80422351974157
57.161397070734104
52.72582892910812
52.60902022598165
55.67407459539051
59.516407747253076
65.86034515989587
68.5915641020444
74.48852732829863
70.39159754327957
71.11491905590162
68.25552856369639
65.75303121346339
62.96850864642866
68.4996965506172
68.1799938871506
72.3110744885607
70.64114339152756
75.69214646368168
72.0965464980773
74.20772392726975
64.81975322035169
60.652651607676425
59.57724746451244
66.27894003101096
63.17384486657481
57.022366537496175
59.889607988870374
61.38235148137683
63.70807584456442
65.44743035653578
67.34496605358154
66.71832388647755
71.8506218492545
72.23361566678902
78.56798563080827
74.6057992726421
75.73197238886821
80.5423121065061
76.77268182191696
79.39117643356428
78.92169224823846
78.45687187383388
77.53671096987884
74.90558825118801
77.29012778243148
71.47372923463993
65.25636341313991
66.07646566911045
68.76450371685553
64.22219240909013
65.34756734039692
60.64212449325263
56.10238077915328
59.15135781713009
55.917767848844136
58.6452175071349
54.83851192642837
54.145088390940046
50.76641736908174
51.98821815751397
52.7180749158478
58.028447614894716
58.0779202170674
46.893173595091724
52.27476166046815
56.949205505843786
61.56447843207884
50.93575598131933
50.39003430109789
47.37199170379502
47.72989628504403
50.91462801293428
53.02150182865719
48.77337712737668
56.47701280271153
57.58859361915254
53.18909643701172
57.50704432040084
52.207694843593174
54.12376493170685
53.20443691578787
47.71427169519714
55.39224912641521
54.23053608248277
51.24088223424026
47.418920822823154
52.689547648965686
51.39513824463606
50.74882039552217
52.911815832346804
58.42288472287652
61.88760039884531
54.56321399283573
51.73888991421488
59.95706942212921
61.81592744359693
64.50157345984843
66.43688027268495
58.33523005059223
56.045299937295546
54.325294699051874
61.24542787073569
61.97035481656468
61.55961295686433
55.57620115794649
51.160937956892425
52.61815206617717
47.243206398486464
47.79137396483368
44.57132635313871
42.84755026331698
44.70262671852623
40.412679792538384
40.566328848802506
42.57762266236266
41.278191184180734
46.14104130551833
35.80607818478726
36.44827825869192
36.028529034732806
33.03889759131098
32.70975317397251
35.142651690405074
32.964315338441715
32.57093292528763
30.21053276033881
31.449925136743854
30.033630288080335
26.366028018668498
29.740601406538353
29.097044277347802
29.554900471852083
31.44438724901602
36.807435261463205
28.52822147527401
29.669299533775543
26.380471261293245
29.229521897532017
36.31446919649151
37.07979692788463
33.061252533634864
28.799123493444252
33.93124361383697
33.20666885343526
37.56810666819861
36.77926951484933
38.87513472205169
43.726507932056265
41.87180093169628
41.46947487515636
36.67414384249616
42.814490226403876
44.439319540659646
41.5658968086592
38.11892454278441
42.407433529696235
43.303787478572445
40.62167856877728
43.13786134727071
43.39120826070184
41.25650824687734
44.2195238015277
43.76935217208613
46.589313811968786
44.696754938871905
49.06275991821246
46.002829361462425
45.59143201739026
44.40686166616701
58.294370843733525
58.73238121882289
55.970846372979324
62.704421306962224
64.67160771464945
56.16232664710637
53.36347823069732
69.86364197613065
62.14838528340162
61.677045285510694
53.87240846770868
50.25986431205805
54.1582107706622
53.19698525806583
49.92835435564084
56.48731556121369
52.15739934439672
48.20921286531173
51.81775186947342
52.80798406552679
51.3933678571812
55.443509254762326
63.297538002336765
57.1031249798446
54.72578534996444
59.00998511301165
58.390614763635305
55.88100214832281
53.459853350145316
56.30662579672056
59.39634621038412
60.44926086938146
56.42746253212912
53.89459561425304
50.25324324533147
53.623002284708036
56.77422103399739
51.49978611075793
55.39269714255401
54.77516984877774
54.58072830665261
58.74519515956653
62.60483879669545
60.90678893294198
55.94034871903487
57.16804542187882
58.066561130896716
52.96552756320685
55.13202840798224
51.34455101056187
58.37030189232306
57.691872910251284
62.221972363559004
58.26900350706513
56.04857343000463
53.96026621561461
49.541931390664516
55.64602032281133
59.26496440764493
60.39792310812475
53.43238078205517
56.70279753856739
56.36421294675967
53.76473018825538
57.5982864590547
51.32835384237539
54.750840035391356
53.84501606893318
56.385702363833275
52.3637502863214
48.945942444974484
49.625984849526155
49.967026299098286
59.0616205322327
55.70906236549813
59.62181574634269
64.2358029778191
59.02572365492136
55.84038530495517
42.97066728007269
43.41276290467511
40.144080077795174
42.143210806494814
43.23612193900303
41.02885429375886
47.09721506536851
43.68073200834847
40.61954709901962
51.83088128172815
47.584688351761564
44.69143457905605
41.79069942933138
38.315337103004616
37.9148109195222
38.1308030993183
38.072702824241496
46.889272636299914
45.484017037523834
41.107447688611956
43.776501155152786
46.97171759702162
40.01048676763633
40.53576366468375
44.65488866928266
48.9030726521834
53.73097004608493
52.58861913498588
59.73837201203219
58.218787738124504
63.031282190701
59.69324331887163
59.81024782954524
61.4001655804793
64.18856958480497
65.6777049570771
61.222861023947715
64.83018081738729
64.65095279796334
71.30229688227269
69.03798959426933
63.83472375589248
60.90525880243914
64.277871391951
67.33987738188011
70.19731528974225
69.63476942012176
70.11874838764028
58.55246205624699
53.49638818319081
59.72071387570084
59.79124433314763
57.464286506495725
56.03163289615773
60.091789915358795
59.79166245881146
56.634872441100875
54.30400951252693
56.276504680555696
53.89815016614382
49.74506074206522
49.07723124752129
49.76885186694895
47.04484074161069
48.57237241673745
43.78333943837709
41.548187518391934
42.586576259715066
35.557746525246536
41.47528223768256
41.14810213251618
49.6170969900768
50.85626273112011
49.26616462937041
50.64748978318422
52.61688260952551
47.15681928683751
51.575787924101085
58.44107734505032
54.38589449275459
50.69953905212673
44.00991047393493
48.214414389707656
47.35281693686287
49.94089315412546
46.82378885378345
51.173748903038465
45.97969613564486
49.12231564495882
54.223455224335964
51.98607198402494
51.14913074470385
48.15833849021255
48.2282990581306
49.30593696864572
49.62086996284599
55.38211512483851
50.29144237816531
47.48431630457433
46.95441179167923
44.731653267888376
44.26393672635555
43.50830996025128
40.21708486064196
42.30495239392471
38.69801613913218
39.28992671661253
37.58949972781035
39.86077477194193
41.901789350249594
42.921484799101414
42.58537514306792
42.45395287935353
36.89821035575021
35.796240424626895
38.541823230951366
36.18575564146531
36.84021891551504
34.300151984671096
38.42509884581131
37.97571886393222
42.98668210553276
38.46834126871737
36.04805797858531
32.11668181399961
28.804665355413526
27.64304099879882
27.11767935867494
25.30875560930781
25.004069789565822
24.90982116050476
26.219792819406116
23.984440715140234
24.164517995382102
23.762831708444146
27.19582088805461
26.77312643269647
27.201185543521337
27.036371454068355
27.760672827031495
25.03674404685179
29.899032124391503
32.741060732581715
32.763761416056745
33.5934064852195
29.47711084975881
28.22811164997078
25.97812048340801
28.58580180103889
29.2302847935552
27.22314951526768
27.997065582571445
24.60419968311544
23.911931850969825
25.898368468507147
26.7667842543775
25.479225474030088
23.481185246131837
24.101629727894817
30.250791173335138
26.46791072033662
25.352238163438432
24.864133776760497
25.311586246927522
24.588592628591122
22.954873823094026
19.97347592107617
22.425640207889387
19.273204048646203
14.481541236150562
15.148033349087214
14.206670698218202
14.207305435362093
13.374543824629555
14.53552931258929
13.473344842321957
13.932616150006483
14.358749742644696
14.151875140986304
12.783650107426364
15.420454910197924
14.541503689024081
14.092421959811032
12.732305790786688
13.536585755649284
15.552126150344398
14.378805796418462
14.714798013164822
14.783137339805087
14.603286574235417
12.85763112760681
15.634259222063154
14.875636698249247
14.279906724109006
17.09643283380034
16.61422548565052
17.51426043977446
18.83043514159104
17.606436507052116
17.91720955641756
19.662345643691342
21.73855758264065
19.410998437410704
18.152308564993046
20.979050960257574
18.425720599068
19.756100911127024
19.331219878001143
12.149951992226477
11.525878624019288
9.01885754483715
7.3372231312018545
7.015923335517375
6.101395540189113
6.301385422191303
6.195714436348352
6.9722315419878464
6.643727179307693
6.4236407260517066
7.9954844644659415
6.312053742145154
7.130278238931384
6.3855379148514695
6.013055813795282
6.1671672136191305
7.21982919061788
6.266413393613209
7.26267100543052
6.829719574723627
6.550533154955176
6.8359912488093055
7.790675845397176
9.206769730117424
8.965343530243347
9.212988595398208
9.467169883937983
9.603406960141651
9.03670335503426
9.162598578961777
7.958445551440776
7.809596568358719
7.0187827500019315
9.507226949416998
9.031949014032529
8.750627544255744
8.275688742492644
8.812033390558687
8.43473678968194
9.264840672818101
8.951113815190235
8.593140715860562
8.396614855694807
8.33677824244457
8.740831708459707
9.43097091453034
9.269707894478419
9.082141226666145
9.82895441148272
9.461010158054457
8.757336394431743
9.21828514023423
9.67819459906319
9.358498210984758
9.370390787194117
9.565454299383115
11.339610733008255
10.63404670652359
9.556338377035942
10.133408556585389
11.532821306062443
9.430215830231145
9.45354728562772
9.851859896966765
10.236340671895848
10.098804794319236
9.703345320324196
8.81063098483381
10.776819479527052
10.352375765748503
9.007912012959629
9.011247753935068
9.335384325168494
8.891615183909414
8.87665440637546
9.332084589092034
10.515896335370574
9.162454673722603
9.649965482343587
9.149590796491752
9.278795677177204
9.515137161465958
9.470226773113513
9.57809037131608
9.072230177581737
9.069596398937534
8.965872593333742
9.547469192801492
9.3117879041376
9.592793745176301
9.232434394026976
9.001054146350711
9.355630041473988
9.53336688117296
9.219202786566777
9.133978287313436
8.899711406239009
9.174745312434407
8.64561150278995
8.704206127966065
8.609621076276536
9.330105710069459
8.92033278643305
8.903820031958972
9.070364192582511
8.079007860314672
8.179236707139923
9.38688748887692
8.950812928573672
9.241554523545734
8.876949063395793
9.079991057902225
8.161696721935634
9.52492577645677
8.359266773851619
9.6871221048799
8.991539893736174
8.537587489154818
9.500714978576925
9.109048658312942
9.106792666313375
8.908801702564146
9.155433822589162
8.438682985883675
6.881441877896145
7.369653331691803
6.1516383609211065
6.995188837455899
6.990356302246779
6.784650397497812
7.92427129730606
7.059240584166525
6.673991203327116
7.275355726957829
6.396175043894051
6.479937562418197
6.2703243860354005
6.939868554566527
6.701458279448552
6.948150712277816
6.823987233586996
6.31509941244543
6.730381375722869
6.339015151770469
6.3373989556734855
7.153057786944251
6.196768777335272
7.303678667057416
6.6125028896500995
6.6886210057760405
9.067135040910784
6.315595192135877
6.425421543050738
9.108060435988893
9.15311624605627
9.554818705073089
9.613401226109628
9.796499178573992
9.401413271832302
9.577165693962813
8.401189562403848
9.21900299171556
9.136945938631824
9.020442742365987
9.272538607237937
9.118832766521422
9.954077984967608
8.933186592718974
8.155923247919
9.797166205745475
10.17216130242064
9.377288673335856
9.13403551042014
9.44822856585512
9.238728159376857
9.389572611199998
8.935646918088045
9.582423563329357
9.343057662266201
9.362244153844832
9.587396529906329
8.642083375571856
9.840608931086743
9.231478320543362
9.275906423340414
9.174375580609269
9.253246804330592
9.237536166447207
9.73340853395018
9.122728078748692
9.58228922259578
9.143593741562492
9.532026888256825
8.254668087323859
8.413011040929472
8.4095359675508
9.177199604724754
9.659088979667628
9.531631258691966
8.974765472232093
9.583328234908194
9.483593297890147
8.821889774275867
9.07692489231088
9.255695994166446
8.266952534262039
8.054008986151292
6.692335276579994
5.9801994560950895
6.21283537374776
5.690517689063925
5.8299645193209315
6.085460448981896
5.806148548263478
5.71638911946649
5.5019942267506075
6.771596344655209
6.253937758214229
5.451649289482286
5.869253132783817
6.010130361824324
5.716393214299131
5.413854119748275
5.558392176616387
5.368221071245203
5.841621235013064
5.651243193805348
5.323744289095073
5.698146150253106
5.70076206490601
6.146323477468773
5.612903449115903
5.590296749927814
5.615676803256713
5.917265466700044
5.867004264132098
5.817619199921035
6.168987642623796
6.0290492480284446
5.863685059546003
5.573502418590901
5.656771104973457
5.757551028165521
6.4053099322924645
6.086213373469124
5.562738744340654
5.902821410028265
6.239191824688684
5.54355016529635
5.601088423817606
5.438813680846952
5.45805723469549
6.429654922808304
5.727875650375795
5.69767919221776
5.544264677831298
5.537180102539335
5.658336624045713
5.625889204775619
5.321953203014365
5.622220483089796
5.547760988746804
6.132628252585238
5.537809827584622
5.829651975447392
5.991287828613554
5.867722550262048
5.498606244589869
5.610079716052094
5.7336097047151515
5.816193910278812
5.774710154854589
5.856823295343633
5.996664263057872
5.763605029978891
5.7879532569425765
6.1613060192983395
5.9345520733403285
5.7200030688541785
5.710603615846519
5.774264540460478
5.474485238989509
5.73197951297374
5.9074931855591135
5.526597296838882
5.940773022927612
5.826084144980565
6.031182084668109
5.555956088182869
5.819860300082831
5.676781962806461
5.721291597117928
5.570429539111591
5.417254441177737
5.612895236867621
5.143134207314491
5.296798153771044
5.133388923858115
5.646949186499979
5.418237334549365
5.458519931265061
5.489557645007641
5.378129056606044
5.893795735629252
5.864484944966686
6.3252927334250675
5.714026825788997
5.695368731861614
5.718051974052353
5.412526610833949
5.500176462269617
5.428316028979352
5.788810808637286
5.3490311545687526
5.963366131403597
5.982791666370694
6.443835567142361
5.697217454441665
5.578461125358772
5.466258901017309
6.343391583921801
5.497391128507467
5.619954273073738
5.412583946816175
5.3186821751685525
5.530426986950705
5.733974846022108
5.771745320095288
5.624563113094905
5.3774831529378755
5.581544014375763
5.496913321049295
5.743647197239037
5.453388687288398
5.59044064882341
6.101474385984576
5.890786067873205
5.994632788859959
5.882340339043311
5.806921360988601
5.867913015879887
5.924623886549286
5.614257992088927
5.809200969843515
6.038079662025618
5.553818910709859
5.480987508955628
5.568124272437102
5.907972152405447
5.311735852016377
5.638287379680587
5.3821877663735185
5.520767326421983
5.538004981490345
5.344507137340829
5.836130761605415
6.155555046192085
5.747454748565239
6.01428031775457
6.284001265351997
5.884685322214357
5.696284137268129
5.832578302179037
5.817509283498915
5.453406369096881
6.269856297153271
6.2709267555393495
5.959537282041565
6.115551359115228
5.441389769960674
5.603477637858835
5.864943285877661
6.0311153647023525
6.25146380209322
5.640171756564137
5.998171540133074
6.6205963322888675
6.0393979049726285
5.5664233806766354
5.94289649305738
5.748194596138006
6.018591443034916
5.951675222670439
6.057126201424971
6.362396414202641
5.98142013793995
6.0880220815423085
5.66015318009387
5.365951088727071
5.78476155214545
5.460575051159866
5.793038902255144
5.625782586378492
6.002792980185216
5.637398987019682
6.565895470448043
6.196963722985285
6.235555663017985
5.891581113177162
5.761124799695247
6.334057934186112
5.960378303031844
5.409191407683708
6.080902755561658
6.093254079588921
5.62789067467422
5.803627840779053
5.621440951518843
6.0981177898734105
5.667302068907864
5.824324482494427
5.818549042227982
5.638248504412768
5.493458425987385
5.786975602396822
5.757827001771087
6.266445001594058
5.883465378245077
5.6288515629342255
6.0518146640871855
5.981899314179362
5.658002403535309
5.5220036750690875
5.688783703550383
6.040169234926263
5.7805383827820735
5.584683893224061
5.4319322701356505
6.300441978796125
5.719672392894573
5.9382579287338695
5.665815167223582
5.924472234715565
5.9860160308460495
6.057655134230702
5.814608095628145
6.1494636966052
6.086855124917424
5.659958705042905
5.724049082321443
6.66467441518832
5.764075535919452
6.149724400754634
6.192270982463102
5.637425868903096
5.648981791173399
5.926556535999437
5.832680281441904
6.321232976196906
5.83716784876974
5.847076507945096
6.928140733421029
5.964218333729091
6.119141591112881
6.586161548588221
6.349428309553447
6.137784779788939
6.122643476490834
6.270939029184363
5.8189654228639816
6.611672100692372
6.283471769404033
6.316239715554572
6.120987509827646
6.096593940023077
5.751020013581669
6.024837229679707
5.533797636047668
5.95805234884523
6.410321847326865
5.831406274685144
5.670506594465875
5.849418695158376
5.9303798036652635
5.92402882182387
5.939673392386802
5.5092435233180685
5.8973934633940015
5.744178859470163
5.787527015889331
5.742763916363209
5.865010004545838
6.004290462302117
5.799135209479586
5.563321603683305
6.283064015551493
6.012320692554198
5.967601663466198
6.2687844674073725
5.847010344430693
6.249856973724951
5.76534845134
5.795510237693533
6.3312188503049285
6.266290356730132
6.018957769229318
6.722642625616841
5.919504600630471
5.703562024571556
6.364973985092653
6.176638972309827
5.451542917922243
5.893632354656416
5.499427924910538
5.749102003620313
5.665987089788743
5.8472167255990914
6.075490049342781
5.666324642192309
6.032126570089889
6.0863828866150405
