54.994087344834846
54.99379719877137
56.00023563419933
58.5508014311606
70.2270761912003
67.1138388098813
68.2281606809606
72.01797773114467
64.68011137151647
79.47102425136764
68.77666419255485
73.6401593391129
73.80021139843998
70.89381297860024
70.5361770674962
69.25866447551554
73.9607822317532
68.8144468453707
65.69941544480884
70.49970787982812
67.82883188102771
67.7904573709604
62.932870477836985
72.23680162110757
81.7401817026858
76.75603549262397
72.69284193503341
73.67451719469112
75.22916294259164
70.89704019960065
68.96991555714179
76.7700030628074
79.43320792793195
76.01020630484159
76.99227590765813
74.33868714473725
76.13531675066616
68.07605038876821
80.96943184738996
73.45260216142181
75.25479330472018
73.34235967993115
74.59872271582906
76.88407666188206
78.77297378913495
77.89592170743997
75.9516405903487
72.38521701153742
75.90233585740508
65.61577778848127
65.14752841281914
76.66011457915107
79.71056035419288
75.51659992972868
77.45084642562956
82.61841085672398
77.71613056777257
76.34057114426
72.77862221352453
72.61748216707821
70.53716693325708
62.076548702510486
66.60770159938306
66.95435756148362
65.55142264572471
65.54584348910473
61.47749295967481
61.06199260987133
52.02560444970793
59.56904782160937
60.57973885315477
65.75948299978397
66.38296870865086
63.78782182585423
59.64304464458932
62.7276007576511
63.14203240906901
65.04642117799531
67.18069071283075
74.95575151026097
72.70242862669028
71.86255636338468
79.52042381437457
78.19708196579235
79.99423323960461
71.7619295512923
81.08216734550437
79.87786411659683
87.46293066256433
82.15839140820346
72.38260997435997
64.3070126710528
71.36838912653421
73.46354837713535
72.3671716130565
77.28845399816736
77.05774239790553
74.82111869502765
66.41111224599905
68.62280530583648
67.6835736856798
72.89432771010195
74.47358138101762
75.82389519989646
68.7281592395596
70.35935955685754
64.54883412614078
61.87702820680643
53.56997576252602
55.42039912053106
55.71891480931915
55.85950507015099
56.95105428329668
63.081148956850384
51.8689267898774
53.064479544964236
57.9846698976205
61.8027576154907
59.38933185396241
66.26845519636626
66.34134653710025
63.74856787824049
64.27353839869357
65.78671198972889
66.61304666810722
64.93478510128129
68.90828191043902
62.96469071936466
63.150557492378894
66.12969083418615
59.07206479816462
56.196637374645206
53.48925368650099
47.42846514373121
45.139431133003995
45.380542389471685
48.26620638872701
50.99885203276426
48.5822203991546
46.19548155036066
44.09002747028894
48.792854687928035
52.18318520045015
57.727898902070585
62.83665983428177
62.63813120402225
62.54438064133315
64.23136445887617
72.53583357280564
69.43311958316224
70.22811933395903
69.25202847291457
64.64554105739948
60.914790691743946
61.696766171749886
58.16993982417214
56.96363492673717
64.3339435467559
62.44055007512646
62.50343313432287
68.42357669486685
69.11731891826851
69.1194949550919
79.20654339964787
71.26792753155954
64.01839717320433
63.41135730622425
69.09311597831255
62.31698646509416
58.63577580041033
58.363822163963086
59.529885389682626
56.05663159270141
48.14934199237626
50.38405000586372
47.55707121940171
50.23835704166062
45.74821026354429
47.28079480908387
53.06373352920503
52.182530228855164
53.8353020273479
54.556026434648075
60.40687682856126
60.89598304909574
58.025543413718594
64.47599961536382
69.0767601794811
67.4545747035891
59.54448015305653
62.17138131339234
60.2147885348347
56.74889711835316
58.92168794796671
60.578911740240166
60.935939192954855
61.36696075751908
68.70792866997753
61.949235840722025
57.78201845444834
57.613270811125155
63.27629120756783
60.62592983179349
59.33007735546946
60.369005541034326
59.33027873679465
55.95622594693835
52.670598254030416
54.52016995826353
60.28405654572844
64.42089977437881
64.58573901663598
59.26336135844526
61.15622446770562
60.49702530929124
63.59146038931734
64.03462010255748
59.896609257600836
61.746421570881694
58.75590448920246
52.55552727175731
63.59670767713755
56.45805746888846
61.60863082198748
61.39440556909323
60.797694355986444
57.46180804464271
55.31374026046452
53.890826990895725
50.39909362838184
57.000947044373326
56.9015975058621
54.19458024200387
53.41063511543284
54.673632152757015
56.138913849869994
52.10896611655205
50.74822304858671
50.07345649359429
49.96539214502621
51.58428004584579
47.20859937387286
43.98333041409651
41.1723846082011
44.98227708904456
39.49615808028487
38.2117070048044
38.528662664324024
45.901584873800026
47.97612061842221
50.89276264396048
57.41417229643162
59.7143191334341
55.32374594374006
58.585755396824744
58.21228424916835
57.48057400776177
60.434691617677274
62.29533433901371
59.36055915558204
58.80578789375862
60.58072851265397
57.177181529182164
60.90754142100359
59.85484221402033
60.34161820365527
50.62698192943409
52.18385115090875
54.5179851094242
58.23945579224297
62.86103885115677
59.85867946709136
58.58294191219008
62.06229519299207
56.741958007900905
51.706429939378744
47.616004435054485
57.08198748630182
64.50636799317832
63.7461953331456
64.82290053725959
69.71905789249674
73.64617746459814
63.99577279351647
71.70006056172231
74.18154005533742
75.208899831291
74.82209636914257
79.72482880341914
65.31823372476659
63.591565818718735
59.27734211144804
59.208719956630745
64.45674308541483
69.31309075465096
69.00858374616071
64.63640303143605
69.74713911685348
68.02150586844613
73.10798934311453
75.6037506394013
80.29888438240086
87.20971468517122
84.43944684057861
82.65652928751457
79.2667471972098
78.75452648405589
78.24782053534989
74.57836633063258
77.36412823995548
62.53932924452136
67.965309261413
69.01801027473104
68.55102119581022
64.91084435079291
66.78981741845134
72.317672221787
72.78948652338849
69.26639794243798
64.25221094904477
58.40355732365253
60.665037346637774
56.99684634447457
56.269947465562886
62.24745448935893
57.06870858420957
58.57538524225195
61.09643524733505
54.69036521446354
56.66610724472196
64.22919060393647
60.983619213000864
58.368052244168176
53.60376636075189
52.766936573501674
54.39130893727291
58.16895125882902
55.94082283735936
51.53300022888186
55.057137933994674
54.141444011512135
55.18800751022675
55.49523828116043
57.30431122257688
58.00900578002112
58.230251734394024
62.114236883462254
42.57245912091697
38.385842051670956
45.26949726731905
40.71655413351463
39.35733578205757
45.281394144835936
49.16933235823752
50.53829791385111
44.83729350318356
53.136100417250205
46.40378387500763
42.32942237187147
44.443281552904395
40.98811545027448
39.27840333559337
37.50055119939063
46.99104838256645
39.523544721736
38.54616632161958
39.551314413269836
45.78382795501855
48.0112693232376
50.69768099235985
45.333043356368286
50.45306928051818
57.5478061584332
55.908254383746254
52.245849834729555
55.47778368911387
56.312338308939374
55.01508778276749
55.74703960720577
53.48745501676152
58.19855739303199
52.38658099304109
49.89460905411801
54.4296888653038
56.541975885510084
54.614909217127746
51.74334346828033
47.2200729605671
44.638495175733176
38.50807764106951
33.630837064192875
45.939525856292455
47.28491946108799
45.79019391473351
42.770436254993946
40.36311912732945
38.5371442990651
48.42331398736753
52.970083887838875
46.93268013416491
47.493984591204345
48.88617541454555
51.74296944553088
50.81752451391966
52.419086392166186
51.83416547088769
50.90684347963126
63.33819579555991
62.37698204553258
59.28177208634221
57.177184601905545
47.90439237638102
51.65813399120417
49.55321750930658
51.94888592561106
51.25245788220923
58.895503768862135
53.406280114214454
48.877038975586
47.25119260993245
51.42646565405022
49.81095733212077
50.19776822036156
48.833917995107676
46.928794836102504
52.72218622836452
48.73131248499943
54.54070342385872
53.421531779665166
54.6189155950619
55.28380368390405
51.408847277741934
52.1320940679803
63.699855646577
59.91278344543778
64.34145161533075
61.52952723658545
56.89406428590736
57.2246184428525
61.68522968724146
68.12284535002932
61.375210672579215
63.509615552225256
69.52508259342873
71.30919931060512
64.1820501410083
65.41733013244678
60.51790127634128
57.786927736168956
64.31386273632259
65.15815268106881
59.28316017138399
54.48719876961954
59.769127557134134
55.13066801957147
54.48342925837418
56.96229235921893
57.986000269872385
54.67975924064621
52.72108149471448
48.533224303198615
48.09027921169679
47.03751902206459
44.66170371606387
48.039585979954815
44.6828554468782
42.52972353106536
35.833461364653424
37.508221736450785
35.37878903720489
42.98997305116456
41.35444858604285
34.830935050038306
37.98146067940586
40.32835011861191
41.84694596924568
38.28886562911187
40.20861867609996
36.51945627288179
37.77793342911632
35.323302167161614
42.06587663921833
45.04601138524023
42.22761022451207
51.07089088515366
45.58437771153867
39.092045176540154
37.3124297796277
40.53673382775451
35.6293344247026
41.38971694707885
39.55235263254464
39.52305282157908
34.57384694066713
36.464134386228636
36.8212806848704
31.678288712423488
33.16921392705596
31.85669459185874
36.440736520882844
30.189114601927006
26.524616782268573
29.10914027220921
28.18795801635613
28.705443874927486
32.254346213618334
33.4636166217929
39.73407204832733
41.643015352245484
43.317443666643904
39.064256235182754
42.626302083999015
36.20021564311605
45.83479663960892
46.51590242742338
46.78452202370801
46.16170301774311
49.636152410734745
48.35138515122612
51.84117631484027
49.08100669096815
43.98314174132989
40.840346139665236
42.66704735633038
42.988467422445275
45.917030492432154
46.92977327566299
43.50930556702979
44.3395841010299
50.470040790026765
51.9084623732146
44.030134484281824
44.517970775905695
46.55749989487482
46.87799586090619
47.51214432010381
50.798704196371155
53.82163731589285
51.74678471244162
54.83872330529956
57.202033532712974
58.65083191008404
54.505896902285954
61.46968225584405
59.83707750767587
61.8548725430178
58.02461866622444
56.81100659757358
62.62464606528925
68.70803521658775
64.21997008127815
69.79426612661987
77.36551888509356
76.26179708389684
74.11389050403449
66.7757511926096
70.26818913149154
68.34907392469414
63.63718610188257
57.86020170743224
61.62104736628665
58.67849936930806
58.21322097262725
58.06954907989542
62.59663815362032
61.991350748194165
63.26975365775609
67.88715825347724
65.37250347142107
67.6081497053815
61.46373627997138
56.49593974697637
56.47591706127808
56.190978516839806
58.97850118699745
52.60783226679323
52.581755991741794
55.34182205837858
59.91245987172353
56.578430901329575
57.867497547927215
64.28555944637083
69.20865713532591
73.86415364640563
81.63592485120088
75.83792887087293
75.00131990526631
78.18892840133343
70.12175463619627
71.97026385294339
67.18163383783525
62.80128461684666
63.48331967593662
66.51886075353048
68.43254102306554
66.55244420263129
63.98350306046532
60.64281137159374
58.83980737416856
64.0472650461535
66.2776434463429
67.50471448654744
63.51001750406813
66.01183483193293
64.87971829667977
64.55912414042325
64.34081091272448
57.05649872357078
66.03960708301923
62.156968110330965
55.6570342919451
61.4509300938501
58.88904220231195
59.38185625553846
63.10301590153741
62.99415239052782
62.09987845758555
60.72569919657656
64.20158278855881
59.20232926953228
62.44315252256751
61.89965169730723
63.09892345161266
59.9681407549352
56.94893421059126
55.38223884710312
60.38709998654472
51.970586914624995
59.474827367617344
59.36709285635889
62.839976092867246
65.69192151752871
66.00273311047128
66.5264243035042
58.17689742789648
60.14088780124751
68.36864692569112
66.55016502822738
72.60146516361864
71.45194650223867
70.22979610928999
72.52680902035863
75.55237536799032
71.30041083637326
64.70043148993972
65.15985634023438
66.33413813824859
69.36043957750795
69.95193185329626
71.21654604240271
55.13269901683849
62.95005471741149
73.27815481463344
64.75998708245271
56.54196082666134
58.10503258972767
57.16164079428763
57.87161582325902
60.4110231126337
62.68433345130805
59.3454016152703
62.115486190641676
56.379214276847236
58.281724996559355
61.97783345095811
56.34637471281179
69.98006938485935
63.098193680666306
61.59231029711016
61.91865491987695
65.65146277021728
70.20093669732958
66.97051661877629
63.7796281984287
64.11269418583626
62.47042047542129
66.44933482070819
69.63101115556333
68.62715428796292
68.16892541360171
66.0922899582767
68.84467927394452
73.39549832249392
74.08440920948848
70.5971124259568
77.47695227011597
74.98074768165279
79.20538149706572
79.75912097240105
85.7062143398661
80.51648915525271
84.0493115342906
84.84345793949402
81.04640944227232
80.39522620038868
75.43598087481556
80.23780911345888
76.91654690091292
77.84232829758284
75.1187673761091
77.25745255229619
82.13916241445008
78.40522152393152
78.15132159466226
79.03914428313664
73.83306021261274
74.89580981864688
74.10370669456786
76.07167049774841
70.61999289242449
72.97734108081526
70.21677329179377
65.33206534373167
62.93557370603329
61.61737084696587
63.759498050649434
59.295333076557384
65.43781538293709
73.32639180480687
76.6067390307479
73.89661451188417
72.81725816132781
71.75464049685728
81.74186140098298
74.28862804725425
76.63878415644577
75.93815048488091
85.46257674181216
72.62385610897309
79.74709389311487
73.61839980746481
73.59785668663899
78.08418987708534
74.33774812088399
72.14154829524392
66.33482630743985
63.44317286548498
71.6818641599878
70.83052372037851
66.86426095226561
64.11578081909481
69.95897392492978
72.10029004822579
67.05570898030253
66.09585166282461
67.41787133979952
66.35015926605014
66.697818896139
63.99651630899591
63.17073235143297
57.90373755855553
58.600428430803184
62.059851946502434
64.5360774948771
64.13887289895389
59.50647940937191
58.07852967526181
59.442896343656834
57.495984332001655
59.42840391224311
49.78942155864065
55.737665163303696
50.80550226086441
47.430285025025185
42.23945228747774
45.11617775282405
43.88398685226024
42.09073484492785
39.61098651960838
36.671139249354546
39.368003446449414
34.90265159784827
42.69865682967226
40.6597871025926
47.241603858990814
49.739072690999045
46.339243576850805
41.811747826619644
53.94612547193722
52.577809132698555
68.06424181391223
68.63268478244332
70.57602403449438
66.28735808059827
67.95971025683666
70.57135754327344
70.37851721310726
73.19930177932945
70.77906692983484
70.44229031354695
76.85714533509896
78.81062294805544
78.70836986976474
73.93043641729247
71.95568983694201
69.19201149680329
78.67869719286828
68.31302075299304
67.35622731027237
78.89279219628884
82.53413531836712
76.71085771574211
78.97324016943583
82.3324856771129
76.24189753329739
77.63518111300034
74.32247713359956
80.93801004249984
72.77892858491707
76.40098011991967
65.22329119270626
63.241710481938156
74.6084515173257
69.25487730592903
66.78249112307448
67.86178155619102
54.08810130017319
70.59808333495866
73.74304781777612
60.34200747590397
58.405292106119845
73.31462116904181
65.55940891328015
64.09656067260671
70.38775321709605
69.17141209468024
66.48275082083144
66.62319764642886
62.48167034781908
74.36260152914505
70.63875580706826
54.22546980852407
70.43544905878912
64.23578268625138
60.521690690620225
57.06293888046139
54.15209316240541
49.47395431966974
60.0218641485187
56.31080315980825
55.37472981769396
53.402588927644224
61.42110214508629
61.94134081706424
59.27960066591137
57.68292434657178
60.149307328633064
58.03264241276394
55.60679459227533
53.119194329856604
51.67896901889639
55.913792795891816
51.55588891250716
47.16259434785624
57.82655062445826
57.95892283176465
48.22873894842899
48.74553456932574
46.44543623418759
52.04335481920593
52.09536335726961
53.44913679874371
59.11268743798761
55.98914354264346
54.00806029161597
42.60976792335246
50.901557383613834
52.81694959145346
52.45261520157038
52.75272037543625
52.10907041779425
51.8082417734815
49.321970534243654
48.43324320421063
40.74711942129418
46.488544996962716
44.3370361191066
45.64949920124653
45.80217382089062
49.32943711019789
45.95058721666842
47.0459050083348
43.0870299437572
49.93885848956082
53.10290635928666
58.25719193221201
60.25576187063842
69.5840535218045
66.74897290123765
63.99969752636937
62.29678419957489
64.1954428415787
61.53228437121589
58.286486297262186
57.06704227331014
58.49627263155333
62.70325970423805
54.5885228383898
59.12389891864531
57.875612651252354
61.891169757301014
62.928490345976286
55.70159027670099
61.396867216033115
52.68581570371457
54.391316410810354
50.03867172477486
47.886227238352085
46.33175313742711
45.99296352173381
50.334594177940616
49.89164214968251
55.89249125386782
56.04921821121958
53.668611480535894
53.95382363786451
56.532160254476246
61.32748331619512
67.14240329769517
63.752313730148714
60.53298229227797
61.529395275147465
62.67868810129822
67.36931670871918
61.464155734759835
62.535522530613214
68.45864764236849
69.28216268452519
63.92379449083407
64.66304495959663
55.99843651589688
62.26682457353262
52.91631147115811
55.751034857919166
54.197175945741535
52.027499119480495
53.47884444809723
46.79187154404681
51.10647431733552
47.90097661247266
46.824133427351484
44.71897566234061
47.418567513094125
51.25141080789123
47.08481196810487
43.632461430156454
41.459810139742906
42.85228737232072
49.52882155184465
47.890748350261845
56.65581041253689
57.724495981150454
57.369010734302826
52.03228018542241
44.00410571154133
53.23450781831581
44.818136898202845
56.214097637516055
50.77373040464109
52.20232788048219
58.682801665295784
54.24816413684111
55.690465295004294
52.93365076306011
56.82574875024386
51.5159676305552
48.43489614515382
53.40006406576817
50.95986763176332
53.93238320923731
50.35088362687751
53.64864902164821
54.71967091264146
52.32318377455299
57.16959416065536
54.546980349644095
53.6641070043069
51.58684519947465
51.97914354965056
48.7770228814963
50.50826921033253
53.535038785639394
54.90302123853214
62.741584100254656
58.11227874968169
67.76350550804524
64.0571260872754
73.01854909931701
66.24487837637979
76.08838979885768
72.52117695016128
70.48014174685919
68.48469776108095
70.2582359305883
67.1903222631562
74.78976500732448
83.43440270032669
78.918052160815
79.81224778279926
80.59085203102761
88.85902067972363
77.66854035762528
