54.994087344834846
54.99379719877137
52.6312597527717
59.46859454065801
68.25028825571474
66.4708652213332
65.87824811325501
59.21425880526186
56.014563941622335
53.24543030765518
53.46451462693585
57.16171356593114
55.01187962510197
54.125637514744255
53.83804399240794
47.98567817687335
45.12425501250351
42.490604407416946
41.67346141546947
47.33180980031159
43.75572376755978
38.07504147075048
35.77588321893609
33.41359886642586
33.215961139801315
37.016049749268085
28.074509926702106
32.66073555085382
34.530386115789476
37.179455284309356
43.01197675439512
40.28134059850534
40.981167953622446
42.694887651842116
40.3579671570536
45.50583410507744
51.393647409685045
49.543621981499825
51.4561335004968
55.58450024562562
51.62384300146023
48.7578659684529
51.01502513025739
45.49531435052064
42.075377412922215
42.856253502269595
44.775257793380966
47.55419929349495
44.65838017404247
39.66847152861369
37.13265773026393
37.33380213384921
36.22388088214119
47.027269475910536
43.27362775889733
45.051562621811904
49.409823857365126
50.11267669767931
59.62127017324875
55.254567502534634
56.304733752403315
48.492395133000485
53.77512100224576
55.95621680054275
53.302107322569995
55.46423507662851
56.77973236487519
57.46159935806936
60.000845110151
52.576362328313934
56.278436355556
51.870535023972295
48.29873071132253
44.571915547419394
46.54865517614207
52.488672693794946
63.94703033791734
58.626811775091184
52.99996236968441
52.93671567804053
60.475790187140596
63.01493580094431
53.19329974521401
49.80759800600921
47.51648729785299
50.627535533799886
54.514267870245384
58.15037701518996
64.47497218146968
63.23852466898488
60.10499296269927
64.25565121488225
62.655168801103834
59.15796150364203
60.3106236721753
58.58923278178053
56.24708702903768
54.61133425059518
52.385601288875144
43.962394420691076
50.47969771370877
49.7704446489625
50.6919007696394
46.66145118678752
49.58862266690104
47.80406719729014
44.41617000945874
44.98584905124062
54.237972160806265
57.29006109801953
60.26164975671437
52.07922871434695
50.78366351929835
46.722065179171224
52.85316283040954
49.74743630342519
49.97043975667409
49.52152312582933
52.786043627680336
54.34555045091991
51.03844365745694
47.22892178229466
50.69595747259918
41.96413913414794
37.34483657164179
35.186945321057834
40.276817040690204
40.026144907924554
45.9538324414923
44.131612395049586
43.0733141384464
42.43199554945872
51.579346864815896
45.41114866457817
44.4536824310956
42.37332654330649
42.59986746599522
37.425604734350074
46.98829494905363
45.50824108268816
50.75937382290622
56.94764884899164
47.77702746623391
44.39022016622606
50.750249791384604
55.91849927433528
54.21991991462793
60.43251174201028
60.54194225799912
60.43254634717707
62.25274963337438
65.37939270420983
60.656679879692845
63.34474981398567
57.83764041048127
60.56490464691476
57.05880015575513
57.03340250802299
51.98077000457873
53.59974078143112
53.12475452515106
57.35755620823745
59.73447227596102
56.52569417822354
65.61367734495053
56.280019557782246
64.75500272180872
57.987960719419526
60.71959938913291
61.6416569751177
57.76802492816593
58.48758690262145
58.18264230268884
60.96803459587429
58.05464096302779
60.535821338548836
53.481477081344075
50.15805259518726
48.64110322649894
47.44438923494448
48.96604184512468
46.89924203416622
47.15167187979427
39.991553612936805
50.690552132817935
69.56313324544924
51.88988190420622
53.26154390832677
53.36644001620169
55.88564721078634
56.094473345057324
50.66400542400561
47.91255350749615
53.58906865235543
52.12523871503924
57.434431519735185
52.37829547136573
47.27206475680019
48.073767581055876
46.74908599817598
46.12739999028794
48.81404095137139
48.09817807932339
54.482550751720446
43.41122388673105
45.872934441430495
47.75907491878844
38.5297305590709
41.48823907115045
39.017756468119934
45.4818536958098
44.15444187916391
36.33302968336046
36.06770518046634
27.678473190954367
28.32339215187238
26.36493470739119
30.41876518010603
37.592402991340805
39.891731791354346
34.33654603098653
40.473754628071006
38.506785373577756
32.363985409260536
40.76519723891088
41.80541731216977
42.58512526865765
40.26754150481524
42.5479419340101
49.3181700357904
54.466940097902835
51.17758288881323
45.45067155801589
50.23883559392023
52.96810522691065
49.396892573591735
52.72328543299714
55.11615268378358
63.64807412102194
64.2302563231688
70.44112189221916
69.82674879278635
66.27486305021691
63.050110427223984
61.819284389330974
66.5157424278311
61.65711210291347
72.55461629889415
64.36906398876592
60.37263586426408
58.056115599487484
57.700897523065194
59.40029720801494
58.76730395571132
59.90696263007512
62.91610961240291
57.38263043124011
61.25479648216755
56.407536544358464
53.18584123312209
55.595940770575936
59.64786150429162
60.240711065542534
62.60224126249227
58.64150373713692
57.93729472336786
63.34863692604746
65.32900479245443
64.2400745580964
62.16775974510283
67.16214662190708
74.62023020249299
75.64076548196282
66.91281497139751
65.23659207767598
73.93039439199755
76.93247791364826
78.14662383950484
79.9742204948007
72.06980750586294
72.88904570558987
67.94228867025595
71.37460023555091
65.72604985041293
60.375481922554556
52.73216268832801
49.24715452505202
54.53248718754134
58.29382100838925
55.582621060132475
58.83969267288506
48.318629529743006
51.52961975013027
44.33015715249759
48.794882660819475
49.78612683888116
61.51807444790111
57.706968855175546
61.18321150506882
60.917730750871954
56.95540548699742
56.99883783789528
59.46258679876013
68.88744886402336
71.46273067545785
74.0216549143334
75.32991635791292
59.3837729831837
57.36969870458107
57.60383726800681
60.080828022656085
53.50625476046857
61.60629884131804
66.86973589947793
62.2790944214934
58.97505806395518
59.03162088873366
64.86680549945696
62.540125566858755
57.305754202749064
63.865266884972456
66.46326332082677
63.967972609488484
65.21838806914673
69.23339635628275
65.68507173840983
70.43470516391548
63.60554571314265
76.80088820617472
77.23504878354817
75.14561070345476
81.19374451439933
82.17998526872071
74.74740566250071
76.84682473588141
74.36626459489844
75.5814634869818
78.23326761294604
80.33279430619345
76.74805761212879
73.25300381259723
84.14535726664482
85.11135293473083
79.68238532745491
79.31547317476324
71.95724684446532
73.97866136792649
77.8170665114072
82.73449344057127
84.42522187349383
81.76441113177174
78.28769974001612
86.88403326970825
79.28562725648027
85.01412559739582
77.3561018101068
79.52987077175118
74.10994486117106
73.9794177874077
64.86795486398796
70.37786319585108
66.32532117561969
63.68186933028089
57.55065380738245
60.45977785075301
57.397322445763976
56.81887101487881
60.1879775868608
70.57415673526857
62.81628018108363
63.399706488254154
61.671487197065
56.752535978802065
50.16460589787339
55.206824549166306
64.09557355306445
63.19151550735749
66.42621160937576
71.3937860048193
67.08165788477898
63.379287813311834
67.7990502138104
67.56133421473665
64.79812544527897
66.78123048602488
76.76637330180202
69.73158776938683
68.88964461838333
71.68093807540855
70.92153151433962
72.90002041125022
75.35340299867569
69.76805005958525
67.40505170208037
59.07839106524289
67.86885539095046
66.95895307569798
71.5490485458908
70.4488061024975
77.04880622329375
67.2008186165626
65.04408915994281
64.95568045127972
72.47232629070605
80.061790654139
77.60205491983028
66.69102216756208
69.20558860463693
73.34749437865993
66.14350270003128
68.03036866213824
72.70704148060433
69.3875227950885
66.125381377282
64.02957578194258
62.60951883056517
62.505382158770225
58.06686337327947
57.17376083043346
56.52156294440668
55.463636133088585
60.45931243262172
62.328671274093196
64.02779100221257
61.08836252823267
59.18278341806204
59.1951262095685
66.56741456372606
62.030526949822196
59.772843392606234
67.37293976287232
63.15911887408359
60.977409082278086
54.676763014567044
59.50743837831453
55.59695664824979
59.20863286003071
60.66088875715002
60.32600186496337
58.36436795426075
59.79703575541021
56.311581748797
48.02583134403576
59.83538484737797
53.21629638942558
56.60754149751614
52.590625137661696
56.191687856618685
55.94207318460944
68.18928818956051
58.0771382219032
64.15109279722517
68.2735658817121
63.173232787907644
65.94273093797504
68.00595210947526
68.07820863397163
65.46472200240025
75.74475469024279
71.00699880487277
75.68629750519409
72.89052813107507
70.03833584888648
69.21850354828223
66.6574139437623
61.64909863878639
65.76851700909091
72.09411830445657
64.46985119870146
57.980786347920294
46.24770192496979
43.90645776074077
46.524787775736854
50.49055491995758
59.50978340033882
57.411900304595136
55.10556150798155
60.07340604770289
65.12113413162706
58.41758491704552
61.85380982802239
69.97299541557993
57.726360883187716
66.33668756301125
69.38752320902854
68.49783451721368
69.73439076207043
68.82581706737801
72.85221777203499
71.64626355086568
72.38216549491355
69.68990978122083
74.13027455652166
67.57325051288225
69.77088276739028
72.12651711329612
79.82053391197587
74.73656435980847
83.09356607737541
78.05404005464929
81.21860715763779
74.42172197548771
71.38223949160958
74.14567317809646
64.56800751667949
62.25571450522215
63.4484402266914
66.38442994480052
70.01607850914094
64.58218467808257
56.114314793368884
61.56981942893649
60.79811446038374
61.84012384223213
63.04783882367466
59.741976203436245
57.35647261313145
52.64355975950665
63.756103180079805
70.51097992738337
62.60574615770689
66.60389124808852
71.69317033133815
64.42374567787532
61.36829017047461
58.06395376815173
54.33088595761074
53.76044374714534
49.11171715639383
49.43447287905546
45.409027665363325
48.701869823989135
51.88701887964149
53.34915880503008
50.62074440763656
52.49945359505412
53.13343699045365
55.868360411482605
47.317435505586566
43.3635853626947
42.92640428894894
47.3465371828321
48.79315653281673
52.21421686998756
54.245329440141845
53.82886464171481
53.19375533446208
56.0288400578645
60.43010479838982
54.345762616794794
52.07773322481677
52.03984317368456
62.221426089007046
65.44466569937912
64.63235592770019
59.728993968328986
63.98924668668479
58.25440372542373
48.24565920350659
48.25068557687936
46.44258498666017
54.23542005677098
59.289338949419886
51.96526132829674
43.12494064895941
37.73803863469654
41.237229456747144
40.23918668879968
41.609521532341844
43.50489209400602
46.20239734185414
42.769376300847455
47.46749227262802
45.89235254060833
39.4128054955175
38.81258144327159
35.41713325317934
34.327017232239854
41.008126253594384
35.83711307530455
39.76236860041779
37.913109438320994
40.89651195506543
36.4467370127666
34.02239503481491
28.671542855341215
27.894700015675767
33.87269476839096
32.953263639487474
37.539602067789325
36.30431604989692
38.815045288659384
37.728541804835004
33.523841280682035
31.81553319581891
39.09754287673123
40.14336912115899
34.270803985298855
36.7721173765843
38.98313865836398
32.51082334698628
30.7209472402748
29.169825809773176
26.174486942404414
28.81570298084786
31.562722843468965
29.00398062776808
35.770986243911864
35.44723816215524
38.440441907091135
40.13889195085814
37.82337573599552
41.93286305248456
45.72456280726617
44.094648744451305
47.40579146550605
49.9756608545472
46.269941474835186
45.150765270119884
46.67520420532475
50.61115651674078
53.51029141905822
46.087952999223845
50.47929605364233
50.094480600991076
54.91055086593441
49.11321989644629
47.86825833908532
48.745799041473916
45.5469917103581
44.94579294582866
49.02137722537534
57.391661372636754
56.12465393318982
64.51191764501519
56.14421442444198
57.5992827898446
60.62472944914148
56.516972062215196
57.887993638211526
62.54892104016298
67.80621924416882
66.31672327398586
58.37389152457202
50.114497018777264
53.98505694171266
51.32632580314699
54.99601963977173
52.585394760932886
53.779919165625806
40.415241296215584
40.49466693792289
39.29506486521412
44.13209264906199
44.05756258314016
40.53434742359991
42.463273397439664
36.67966369288093
41.027453232571986
39.79474396373393
48.00448069901862
51.72210968398564
54.56659875123007
57.82768194903099
51.83731335848298
53.39575377263793
61.226076363456855
56.30888385063862
60.67540168156987
66.01621423220438
57.07574049297481
59.683213179546314
53.36018890003055
47.264100949312315
43.79314617763183
44.12560026485211
42.8005051025526
45.63356282375736
44.49130710656931
46.01506510670855
48.11271456463823
57.89182429672878
58.735576889346866
60.47010068217648
57.53982476601365
58.55775211392382
57.5398961847223
59.52856410875979
54.71600505849055
53.57084771575707
58.12271903756698
54.06432457491336
54.01944962699946
56.22727261158963
56.360522977796435
52.7589811649389
50.11307593864816
57.222269352154115
50.997472946590776
50.09436827692935
53.50156760131801
50.507897940427775
51.05059937678039
57.03406375617268
53.02727900392277
52.69992801106173
52.97908755633283
46.20463601822866
42.8876638078547
50.22804321764073
45.800084756442
47.63470511744964
42.31250385910773
41.481712918074216
43.120710055670735
43.28930406230393
49.09359224886871
50.498426034306675
48.46364079404161
45.82450348933176
39.243864836107626
42.45753792494563
47.13045376078321
47.145028396139836
50.58999493545823
53.641799545398115
54.89732278974318
53.15063119676649
50.193547466930184
47.909123599933366
50.260080440343366
47.29162451159824
46.51701092896484
47.99571828555591
46.09733196441666
46.36519728418731
43.298814428281354
45.57164401401919
39.94867368859742
43.93684463863922
43.994820734784724
33.146449383106074
38.85044838181256
39.58835027719757
35.17826472419448
40.51040961807829
44.2710134463471
48.56660566875335
46.602070907044116
51.20251661917107
46.83491823552236
48.866767359425474
47.136731544822375
47.38398151937512
47.46026094064758
50.446822556488755
53.14468482586735
53.78765946927703
54.25609027666358
60.91965649809178
65.53479099558669
61.389498765279306
65.47274242318345
52.65235780626132
45.631708500176345
49.93308123634415
53.83023097057939
54.98471443036764
48.15296572729619
53.28438946452242
52.68919861643429
53.24285959243166
59.746628666624304
57.40253688783227
57.82742459873418
57.65809700384892
56.4555021988316
52.595425668812915
56.65995580316095
57.51548399198004
57.92675413786165
50.51159002296037
47.50874126145495
47.2657402536341
47.40558627432231
40.83321410160763
45.75711448460855
42.42274023032752
36.77030004030117
43.55537200003581
38.381052009215544
35.43194157642053
26.404562432653687
25.48752423106494
25.75919166159818
31.670689133898573
32.27457167006741
29.694943591916243
27.88391410625786
29.195872857125735
30.055655873558415
26.071403175201198
28.103627187090755
33.065054068399206
30.87630734199352
29.11140323890288
32.044232088520474
30.14915535715838
31.435196586069647
35.34974994478182
42.591724265890846
38.4921999240778
37.649363632715655
36.687841298387895
37.67306852554869
36.94905192935218
38.30912778847743
42.17274462878311
44.20613928038747
43.88599298913446
43.4536784574442
42.45979669148619
43.48794554744009
40.962906778005106
46.747714310026055
45.90878799222531
52.08533418042617
52.21198325393971
50.565838893245626
46.65510944635766
51.70383630953732
50.272212170224705
51.6227573394372
62.4141878671427
57.94845108243604
58.10559622907003
61.887399999340076
58.05820092922104
58.374989594580356
58.75316175508374
54.57884864431135
58.92715254650972
60.82679224892648
60.5426307213742
60.602136193860765
64.21690752204208
58.8870399187165
54.862224576391704
56.03785323184084
60.69782355539552
57.74928376061256
56.027182615838484
55.94143345169077
52.931316078446905
51.75142837097723
49.35867785605508
47.31892365662789
52.22788070133371
51.38796947772202
51.23434855491172
53.943106389838206
52.970641645911186
54.314062905054406
62.32202825997747
61.44582065845396
56.60423269877959
57.306916668099326
55.94262043282269
53.923893533245646
49.470103922822894
48.09667305733814
45.8199735399743
48.29231669933267
49.426741456212376
49.137949354465825
52.4663549995404
53.816752111459444
52.17762107348216
52.5668823688878
51.33672859588122
56.814233762120395
56.47667035020251
54.040416622284056
56.897344961710985
54.52280220360498
54.364242958514644
56.57124270711349
59.38615122675305
55.76913369791838
57.319916312306894
47.778781462686545
56.51291899567793
53.15636892966132
59.030932066024846
52.726741701240385
56.073147760031205
62.3650651883841
63.10547030966607
60.32909995872792
59.09716787909175
70.88934849301921
66.46589883742622
62.432006643353766
63.04743060097246
69.68327752335027
66.10332329815151
58.074706632049114
59.31252738809503
53.560381920760406
58.51683545450288
55.56679183707348
49.6630264032612
47.39389850469589
57.2626003801829
54.292063662417455
57.167531758720195
60.747358086828896
62.861680897873704
60.056394321086074
55.898291658635344
55.856543068771984
56.22455348798771
62.346119560430495
52.43712674205801
65.37000928596277
64.82679888199469
65.98938612921198
59.63431945119659
60.90723619318777
62.62029402314362
60.05227677415146
61.40202359459661
60.78992077702847
62.33062790965488
61.07898083819376
61.232054347839835
59.081949459689405
59.83587461465294
67.96795514068494
62.164983670961234
65.1047322663813
68.69054352288829
63.734634150782945
65.43700170415538
67.23103247276869
69.11506324924211
73.00670404288886
67.02386517787818
73.04857135467685
70.03531503173971
73.82182514465106
80.62424177431734
79.14497205364576
81.20590990548035
79.0657228577629
74.73135188497095
70.39743157669537
64.06033959799836
60.90426781918135
68.52503854433267
66.05716859952095
69.59293282033907
68.61240437677823
71.06875006410787
66.74554433641337
59.06603749222685
52.24581697027839
57.24543679878153
61.54497462668874
57.06024450709859
57.985975605098325
49.26160601975229
52.20732203301692
57.97002065818178
61.03927994444287
47.34496425490418
49.571293323629284
45.70020481307195
47.92079694870672
36.98591951922035
41.67348219289327
40.44531244453495
47.1162412169681
41.768271408028625
38.511989457468964
42.19519108981796
47.464426989656374
44.917346638173754
47.32277178797463
45.271678409917094
46.58053054020665
46.65497591975474
44.394797915400446
37.799847383461625
48.28562614316491
53.05377369285688
46.42021593890176
50.664787932700364
43.02864805843839
44.44556698110706
39.72140203874162
42.6321847105315
