27.57730342310493
27.57732465768584
13.962179262930038
25.846058213926348
24.728599090853805
22.16210456689649
13.552273340089384
16.29246256261667
14.07068468295439
22.85370860523871
13.069159811166928
-14.24054749568479
-13.811625829807166
-22.33947914069414
-14.683144089980583
-28.8668246621581
-27.52465964586462
-40.509398770792686
-32.242077595340945
-23.39173251362417
-25.95630609901668
-21.115626182158763
-15.165391545242505
-18.549308172186645
-43.31196452747759
-36.07738965622454
28.455685815783376
32.44575899297233
-26.316478571698628
47.96388711699423
42.16326346068323
23.739003928104776
19.536733234767688
12.097500981463556
26.28427969130826
41.67745593877522
40.73643870734306
28.67567663592077
37.63117906566319
-40.198722542195945
39.422397924107955
-9.394139816583072
-14.387726933805844
-21.25759838896057
-31.65384118384485
-48.431396278539246
-26.699797109514524
39.57745456224295
34.701492131337616
35.3568157663359
-29.70091569732136
-20.521097569467035
-2.159494297460042
19.34783043160088
-6.100163472035684
18.56628426515591
12.939378157889221
16.87161291801234
27.447383969362637
19.738235460017915
11.326727422049053
29.468038782304067
26.958947695042937
29.626241558589417
39.332137123271984
51.719109732954195
40.75574760429619
35.47887876897501
38.03266959014851
35.909749547745115
47.42872007733671
40.17550136233635
11.709230086707654
-4.652149391512375
-22.693528021518578
-33.94684900776371
-23.474677880217943
-36.849782539177525
-30.118256313734026
6.089091714240627
-13.843744295124528
-7.245771915099888
-13.592651935940822
-4.439361350321221
-21.56169757559192
7.117774142421519
11.388611901999283
-9.835067196944799
3.7304499358155194
25.678353144918248
6.481255003035988
21.480474843172598
8.4171634982287
11.448949457923952
29.499131746960465
44.22490987853858
35.93407965680404
31.55651921035003
28.295998485710264
41.09319694846951
42.72118373914226
23.078358319360746
31.135280690980345
36.21593462773767
41.75841587577677
-42.75714497870346
-53.53847163568848
-51.23980200848474
-48.088217226965256
-33.77172499912157
-39.611051934151234
-19.35339118629162
-51.38653204622034
47.05211583537419
42.513703222510536
21.041472307448302
36.32545905729846
39.402089286051975
38.60043132408166
-33.83710475695035
-48.24088355916744
-33.23582444310951
-31.5264927760188
-29.03582395999718
-42.445361823183696
-25.325081897220503
-24.288938155235435
-30.37426004711819
-18.747748487136253
-23.313831793129985
-39.46965696586175
-24.839154122250307
-19.562415261711976
-20.556249994455285
-16.37960901949266
-10.80097507834459
13.368036978956503
20.762131145145432
-21.571947700820637
-10.78921377108755
-6.706270858106008
36.866728557595366
16.564522944964217
17.952363247847043
47.32976180102089
55.61177396034846
46.34619201990943
16.296532628609214
23.474273947718753
27.962256124344766
15.265205740600557
-19.557275989500464
-25.904286841006083
-40.988916622050134
-35.05016734214923
-40.82487407531031
-25.582352474746333
18.970426129065366
-40.73102897351687
36.52510657513835
23.151706482179314
20.95198534192227
19.74753492873402
14.21267372008923
25.247267725059814
-13.192625541607187
24.27247151807877
19.677476002626552
34.581982139543804
40.93885481836117
24.628571003344803
19.536760982375764
24.51040383749922
37.9516384016082
28.595661333300523
26.01863973506153
16.017690431674875
30.960849383623252
13.612067080814326
11.422015423019339
17.189496024437567
15.987168428047168
11.60205915777131
26.06143892077284
-27.31312731211267
17.372889851020155
8.26501504235232
-2.527223121140759
10.872899290925027
-12.816000958818883
-19.297764197571958
-19.543822727664207
-9.298316406482625
-6.586057103945559
9.815032390283664
9.398246899852666
24.715477494555664
22.463270519251886
3.25497249911778
-12.31142387063178
-30.520346853180005
24.406458977192035
-31.15099886333786
45.09234820943769
-35.408170350473235
-27.92475760971581
-9.88733292941212
-25.22330685145269
-34.81309659766581
-23.233054721554872
-22.636076724373382
-11.793450934424353
14.156378719316058
30.721661300939065
35.421097763133396
35.2373061935411
25.048701668605716
44.312552576918556
28.24557088823559
38.09114304422913
17.841954604288937
22.082964963183855
39.1571609268709
45.01755160334187
29.768936628646387
26.93085348995966
24.11696901913582
-13.598328904315789
-33.807009479183165
42.86296603121216
31.783961628660833
41.39200135856086
-48.38456234794112
52.823707196445284
-55.692654798231
50.135611270207015
-58.33210029752168
-35.75241190436677
-21.6385999459366
-20.37441052689588
-28.079185002384055
-31.3463277202029
-29.33314957044125
-25.587839488140673
-22.191126455022165
-24.69851936121573
8.76775671926836
1.742586778543281
15.82538973336165
-3.4146709074685218
-8.351535041614099
-18.489912332706208
8.686820219687963
10.865172824784793
-30.150010063792024
27.349118303181555
29.11022883930524
11.782885722162979
26.747968036093397
32.93284250789561
29.704094312020025
-14.087531024239988
-13.570723816834914
-13.455081527874619
13.537565857350783
27.453193183360757
34.89267056922697
32.5720232106347
36.75830258717626
-36.019252120940514
-15.36747404998438
-21.95711690952658
-36.09937106662454
-33.63536723256522
-20.118070960873812
-15.811779792497985
-18.68002939887636
-22.603848198027112
-11.525004467040425
-7.687942397324011
26.071796157817893
-18.818341379112315
21.23651460422448
14.071749493511197
34.12426986643488
40.99825463140452
43.432349506194406
-36.68525602782246
-42.61952892219235
-27.665487997220115
-40.97105448649664
-10.133685332214755
-23.240354199839608
-19.659910367503556
-23.234782180429544
11.022723906499515
-1.6228528050008009
20.227038758735564
18.042048278287393
4.882247896645682
12.15705425576792
14.06613059382554
18.43694494031551
58.54550027201439
46.09945510411741
42.561323420135054
48.39432442613337
71.90211701971192
-54.02468032720003
60.663145970833945
-47.993837259845826
43.91710877003274
50.937637928655306
42.47672141291477
48.73082358484158
54.24817023204559
48.11976732581009
55.660759953173844
40.88965068992006
18.733240644076766
7.870557229706689
20.205561626422853
27.83223617226973
33.89833242615043
22.305319381662517
38.081520660487186
25.007683911135967
33.37608717683794
32.37112718642941
16.171645477641114
9.933416837040856
36.0217744896185
23.870815931043573
22.13634678904305
21.120255509446128
26.600816244379068
41.82394049983949
31.273138168347113
39.37030583484942
35.704337976521366
21.22936200674733
39.01240526572532
16.29596158623672
-20.16847630070718
13.962144268178262
13.503226338720813
-8.44582049873917
-11.290260710561325
-34.95150059367713
16.84116576046086
26.740923455481404
36.156503072947174
30.508039861367486
29.074131552321138
18.722216117902423
10.195747899386559
15.382935528402463
-14.801748752255294
17.113581483490865
-16.48841522419389
-36.77368389067573
-16.38751033275396
5.625739279140983
2.8364776243350027
9.334397007431278
20.865714439204552
26.623359424100766
23.31556322995044
28.8914059696757
28.12764183634194
34.49185715870054
24.60116631446872
37.91435031785054
37.525684216726184
30.296968219090395
36.22276844252969
39.53201137667955
37.62510990114475
35.075794026185456
44.94749845471335
38.704866545035856
40.17136195801508
31.900525511266107
21.48976070223857
16.41902047993681
11.511031746073671
22.225189966170166
8.0288821729833
-13.168873253850883
7.569681027331287
18.651086191025907
-7.307309788205226
-5.328463727227397
10.517967837458528
25.686570463990183
32.48190743700677
13.06698738413439
-7.454637698677196
15.306179095348536
18.172966677027745
13.5073635674227
5.04362972557016
-12.457618669582706
3.8649811500624818
14.082944912268811
25.987691403688782
23.66238282581896
34.8979561639459
42.625032499549796
51.19498923454262
47.22194666809214
48.202835171503054
68.23242386539009
41.645557996666675
40.83286691080983
32.067274907953895
34.8489367467729
31.948984205254284
26.966947308805565
33.39374579828567
20.879459783120634
16.552103972042083
12.998265046366557
20.186700200019278
29.07317801633834
19.993455672646643
26.92259049398481
28.79393092127495
23.861445378702527
25.926888726461897
32.10519055409214
32.814754487170106
34.56806137488531
32.40867014763417
25.732716417976544
21.474819929464612
26.922539220883262
21.097893862571585
24.566288277664444
11.078228944401475
12.083685424771058
20.2812130051998
24.10267892579236
20.54258665285764
20.036168223126477
25.173291065787883
13.717853655258574
12.634811195498026
12.432147135643634
-8.112327361181269
-19.067376367480907
-14.935450849019231
11.802194568318
9.324322791646953
-18.003688980320984
-13.13573438305224
-16.238347517952665
-14.589733265781533
-13.255175350801956
-11.763851099201288
-16.084446715159913
-13.629569269270124
-6.86588518889404
-15.689351684048438
-15.653817367382697
-13.398525165825056
-6.996740018767416
-17.390749280566656
-12.498688998512506
-15.304255205696869
-14.44558389678737
-18.71155836359752
-14.41662417004472
-22.387248819777955
-19.052815536908657
-19.83153181492256
-16.95886134012121
-14.011637577964377
-17.517894981288233
-19.47958787300718
-18.00823034667725
-16.26143500938746
-25.649882457010616
-27.842319830661932
-22.288384294507917
-22.030658615653085
-23.928671251542898
-19.302986570972976
-24.091740884558373
-24.15026897740435
-22.689706988128364
-21.372388824915753
-23.3088255520705
-22.688255433555952
-15.353873643881832
-17.899961136701016
-21.334340072864155
-24.522685938873643
-25.858379217185423
-25.58449660472965
-20.332034157382395
-24.3282632634206
-19.900325576587893
-19.496034966018826
-20.755471967946615
-30.900800449408003
-32.1028055265437
-29.13037051531194
-28.747056398946096
-33.17313371797061
-25.468904784931883
-22.86916286378508
-14.50675009583725
-23.975196772735373
-22.75680637238411
-24.738042905716085
-20.46440439778048
-23.14592702159591
-20.38305958869559
-20.5640946867685
-29.059129058308596
-27.798857791687183
-32.574826326011696
-24.00399864270028
-27.167307019765992
-22.54997706120438
-23.805114303390237
-26.334862034448008
-24.305596683262923
-23.59819999216007
-15.368855371193186
-21.41047779980418
-20.297344096597282
-24.986809933750344
-16.509926405331715
-27.95666731429353
-25.134212897512686
-21.43111402785362
-24.24997121500818
-25.887293001621543
-17.84522452289471
-29.00993634991833
-23.86157865404609
-25.635214622964575
-23.2078680889783
-23.071482809377063
-32.85028213858961
-31.950934257020815
-29.92307847061975
-21.63754128521046
-26.382160482532207
-19.95225204834797
-20.5613820720904
-25.109392281218575
-27.533612036594292
-27.106095853244295
-31.461770091939524
-26.98050777733563
-32.430270114034
-27.8576149162344
-31.08455839748264
-33.39617490467212
-30.905368644155192
-30.01377828283838
-34.20589356437938
-25.761382095183325
-28.547162796516552
-31.64303824063201
-22.82450983563615
-28.755147723018542
-32.96999270198979
-30.015013500451698
-27.267229387907243
-24.09289521123779
-24.369044033003426
-19.32317380489452
-23.133112006826714
-16.38523715246169
-24.076963918287497
-17.53983345617709
-18.789215493498457
-17.59040819007046
-18.92510751304635
-16.20926237834649
-18.739603354669924
-17.23253946400897
-24.359253680232282
-17.201841025018187
-20.072911955419926
-19.066185117682863
-19.714316665547262
-22.251136140954085
-21.320842657157446
-15.311843817159032
-17.955382924618217
-25.370356986752633
-15.930256619698012
-16.682814670346975
-17.574167501638364
-28.132056258674464
-21.278987936801062
-21.23735102188984
-23.973791346756574
-23.03285931291257
-21.51554518145631
-21.209107720929254
-25.77146679195793
-28.138951715478218
-26.897392660244588
-25.99028806529694
-23.031590959788772
-21.673450456890716
-23.418882242819542
-23.727138688511506
-17.981940485261575
-26.252032669994495
-28.37182577357176
-27.293368526757977
-31.415498146101537
-32.51541247186457
-31.564066375689887
-33.77176221128051
-33.86061397828688
-34.25505508635852
-26.079508613829702
-26.24664792856536
-23.794894850207914
-28.361928981354737
-25.976082777741166
-29.73434443982263
-26.533559793597036
-35.650587090535474
-33.486413378818625
-36.15550998119873
-35.330083275105906
-25.33991850277728
-25.92744110825712
-27.536444185318423
-39.198758695720514
-32.55150724346254
-34.66890998498335
-31.393869017454417
-29.548028789506574
-30.70570224210138
-35.87420656158314
-31.223041523912254
-32.18172037423079
-26.803453422518807
-26.128407769592613
-23.841827539788646
-28.283597883255453
-27.655861106078035
-29.65139799385346
-25.002381000898648
-31.830083845344316
-31.922440072055448
-34.529219357726205
-30.426503501888888
-34.583650031180554
-32.8869198972159
-30.44579578584936
-31.831501529690623
-24.680804864767683
-32.72091102210085
-33.74094723788847
-37.637411419264176
-27.20608653663838
-30.118460413774713
-24.915197232276608
-26.486070087676786
-19.874243201771
-28.432313622097862
-22.43817684683346
-16.743231566241445
-22.647964713965855
-26.899585502506817
-30.322571477969817
-23.017417671869836
-33.09851426934685
-26.762584904460283
-28.23278017406543
-25.90598626040677
-22.617945880365077
-15.210464849624541
-19.626196126009305
-21.658220845302687
-29.215612531425553
-22.45452241366023
-26.777672101296048
-24.460904891100277
-34.17126425030898
-35.680372379423694
-34.63613968445435
-35.430189243819626
-36.18760933978831
-36.046830484312984
-32.67706720566967
-25.40532452789733
-21.88937266533712
-28.562087188082064
-22.278952603967365
-24.050720002060245
-26.454719689734613
-21.97941269807836
-23.318022343518905
-20.46467696470805
-26.018647191918244
-24.508038113631436
-21.45995217790679
-27.790769110345792
-15.690346280834081
-26.34019966937323
-23.091896494806942
-24.270075603644298
-30.808465639236452
-27.335287814481863
-21.9259493663211
-28.643907589998296
-29.87879475269257
-30.985822768006628
-29.85239952022758
-24.317005019618595
-19.45109866494798
-23.648733257690196
-22.123011890826334
-16.132685071492556
-29.53677861626872
-20.423949641919265
-25.674545672324463
-21.944746512022398
-20.94895647078491
-25.400257757810106
-16.443988296530183
-16.12927404199747
-15.976372185981106
-13.692221687570266
-15.174833905493106
-17.07114006828441
-15.713136262233903
-13.111582410178109
-21.166267752502776
-13.212447605645794
-21.387660575624196
-18.75804593877891
-18.36841486154515
-18.67136529886166
-21.533105173657805
-21.05734205121989
-23.541204597459586
-21.826324593668257
-24.6293000193458
-18.334449098780343
-19.945271745026613
-17.51647172315789
-20.759536993130677
-17.911791660852078
-21.583413108822636
-17.70774106377165
-21.717948307266976
-15.486751497098304
-21.74698904997365
-19.084262410245856
-20.101041110263402
-18.325141555953707
-26.949722637583758
-24.02685607161681
-21.963177490047748
-24.650758996723717
-19.948474765804917
-21.6352413829014
-22.470730217860737
-25.076207194931662
-24.658202097702784
-21.509632935132572
-29.69961002011798
-23.6631889493962
-28.060380172987394
-28.870238479096702
-21.093000995337036
-22.808705770615777
-28.969581353255073
-21.976136809727052
-20.792462327904577
-23.342681183987
-20.022535040241326
-21.979047649516747
-19.13211317720811
-20.998506480105206
-25.622726878500853
-23.411093728078082
-22.701345838533168
-22.250745303757533
-22.634100360981428
-17.2835380861975
-21.21124886125844
-18.75068232199938
-21.81761866811147
-24.622269630257883
-19.288758492703117
-23.14208447478121
-22.647322299991643
-23.381844169693952
-23.006745170359345
-15.719652951152636
-20.500351414045316
-18.25041096729819
-22.743475712128422
-22.97345136541792
-24.189951603136432
-14.954194916140558
-20.143519047903467
-21.889148745295575
-23.501776320601294
-19.858523769854486
-22.910895345468976
-20.341303629258835
-21.09324423448849
-22.50262205654462
-22.568823118848947
-21.213850843852676
-21.083282557408292
-23.98808872325243
-23.651805792383552
-24.000805209379486
-23.08916810634061
-20.340605059563345
-21.251340448315762
-22.729172332667396
-18.11248111700256
-24.782443169844708
-22.75478052083353
-22.845471675724472
-21.520906030278706
-23.33545889935271
-23.625532442635958
-26.3403023190511
-24.242901315931654
-23.296774943972686
-21.671374996198164
-23.850103699734113
-23.365543952413528
-24.83060091525404
-26.6464679017037
-22.98709922582614
-21.659524560913336
-16.919779231619415
-20.146082807381717
-22.457798722054882
-24.06786609439575
-23.636064566266512
-20.13788992500478
-24.86717631121909
-19.193682249189354
-20.82105759635521
-21.557560906799054
-20.994907434256408
-21.199598771920282
-23.856684967250605
-24.48012231530565
-25.431548239413175
-21.003196636110797
-24.020298063944463
-27.774888768350042
-26.740666274719885
-22.84526006569507
-29.46526861403012
-26.061293059941228
-27.577504049537257
-25.132267653632663
-26.151345710793994
-26.237844688506417
-24.733412245925738
-25.466060148806427
-26.325152896563722
-26.883056573091537
-31.784246847443715
-28.93174033025392
-33.09987968187664
-32.392104859548986
-25.342255807022845
-26.967972595168337
-26.594252514271396
-27.06714471372831
-22.710884162531
-29.90262327016962
-26.713453382604616
-34.27785546746022
-28.37491109457826
-20.953787389102644
-22.335093774425722
-26.025976708411314
-22.171512528994754
-26.63647829407823
-26.320489648104775
-24.15986527524333
-22.448670402785144
-32.50273324255388
-28.730520971534386
-26.45574554360824
-25.60499940020884
-22.18485365573188
-21.477933701238726
-21.415385759669004
-22.647447695009625
-25.637453430707254
-23.69238038330896
-29.060665030107543
-24.56566880944569
-21.56992875756575
-21.17535700871559
-24.938589224592562
-22.29263250334518
-27.455684312931755
-23.589910445376102
-25.6433837476298
-28.82272706763672
-22.93388259055112
-19.6336208435326
-25.702714160963126
-20.60750938642469
-21.701645254546786
-22.236244118252564
-24.01092119854859
-22.84682815097668
-17.206181857283262
-24.18989016933112
-21.93697693445565
-22.37738871891379
-21.145941332826958
-22.98681733935303
-24.710943050348565
-22.468570743723994
-19.582628887905038
-22.307128071901683
-21.261241180895215
-19.154095707650942
-25.581506837644756
-21.008145841206
-18.752297282609426
-21.384445804039608
-20.155435223251835
-24.690756240657333
-21.428809246083766
-29.14105243293521
-25.41842193604489
-25.059144652866284
-29.67348069349371
-24.135602448032426
-26.74026009262916
-26.07789305187821
-20.93228111975626
-22.842771336223382
-27.745572104279077
-25.938611314704808
-23.386480425309454
-23.12993290461758
-23.390640471363373
-22.07585304242726
-25.290306491477814
-19.978092495867354
-23.267464820069808
-27.993085690590352
-23.41575161977004
-19.616789609958758
-23.302038914123905
-21.138300897234057
-23.222863627743344
-21.176942748694405
-19.75776321846114
-25.91689129452747
-24.217233323347763
-22.937760371800454
-27.420096606181147
-26.132569500861262
-25.06805045295342
-20.24006709907232
-24.35298530554
-26.696891588037413
-22.150253518255532
-26.196609597321764
-23.930729529042328
-25.30950012210294
-22.977493151502028
-21.771560217511475
-23.333378104792715
-26.036376915788065
-26.226696549249
-20.669247606859855
-23.118627887844344
-26.726967660472994
-25.594171019827087
-20.048808884557136
-20.14649406914014
-21.80191263451192
-22.141880590656438
-23.548920156298887
-20.17985342418986
-27.492824231550085
-15.965919512497521
-19.450332444339104
-23.106302104802904
-19.429143105560293
