54.994087344834846
54.99379719877137
57.266384294770795
66.5084959496693
68.9009265264639
64.94985464009868
59.921589992672196
58.43246919855636
72.17656056130186
73.53670276115852
80.4100067765083
78.58778755803954
77.71596768732586
70.33075741941096
66.34058560652976
60.58544761737868
57.73664550522644
54.75960418521682
51.70191642129414
57.942314705033255
58.632886226179366
68.91153153739967
64.38889330188037
64.57603166231473
70.08765785420864
71.7886893045255
67.6371727775548
66.69160747334246
66.25865570000806
67.23473118730524
68.00093079523545
70.98094383261852
70.74343446570902
63.395101795897425
64.44767937409875
69.4208644253478
73.51158729439918
65.10449711312307
65.95375137355114
65.30693119120528
65.26489628539309
67.41940285771693
64.82591701104796
68.13165012834347
67.62205816338665
66.36398168383835
70.52951998603501
71.60211728292421
64.22839737676134
62.21347218493756
59.100680198409684
65.15341167425987
61.589592176566356
65.53171156089934
57.67732200849809
67.62903247323251
63.364782962133255
67.32579483972486
74.55840444697222
72.87026501070828
73.45661488818882
79.23959152135359
72.14313331720098
70.40386545497995
71.22998612755842
71.11189129662155
67.86658893284854
64.64115097565343
68.30813419150681
70.67047581082556
69.27430824856026
71.6086050816744
72.08278407709659
74.40086271556457
69.44428868009132
73.50473131051245
77.09475358365086
80.37383290782596
81.84213250636486
77.18085859787027
77.72403440895502
77.50995247340504
80.65767505328343
80.67785150877634
80.38354172945823
74.69220168537015
77.69725226554537
77.85763228500043
78.62157475057603
74.22439101334494
74.97042479650351
73.49254601545971
68.65803661929067
76.17690722493163
79.71832809249707
85.02708987677289
85.64769395560097
80.19643482660848
81.17268354339936
82.05926158065127
81.44042816052746
82.85748248435128
83.61531907088583
81.77339085459029
87.5948301282011
82.22682165868086
74.70447177131892
78.47460436880448
82.26808010517207
77.76576525286582
71.24434127891448
71.41328904199838
65.91956041484818
73.32707501031561
70.41884494751648
69.68183086128163
69.55494918465263
71.5881928946946
66.49037067533958
70.22640707139897
77.21901383415211
78.03129144413728
75.22124940439912
68.69791612847892
68.8822935843958
69.20538811626997
68.24854932146967
67.25105146819293
59.432690307907585
66.06965262598189
63.634951862520325
60.11775926402854
64.92440701772543
66.8180048772872
70.07602895160989
69.5510995013572
65.51577245652389
61.01982800304181
60.46613132122164
66.38044484946771
61.91626980377516
64.48118374717754
66.10520806771682
63.009187111422165
65.71421307661032
67.57043954288557
74.91121866762307
69.0828100382677
70.52638024978016
67.78527293187796
72.35794876440475
75.37852092510037
73.6728890980998
69.23668983915606
69.34524747608029
70.92582262759463
61.71116144313545
59.7565985404425
54.57547206280452
57.67257634291805
51.923288083988474
57.334529832733715
58.9081450356187
69.52684435241515
63.27988762595419
62.73407966331608
68.09944493914715
64.6184384199181
67.65493847211786
68.86269214856279
69.04387371591858
60.93958353603036
64.43496515714043
62.25029125175666
57.765166482834196
59.43083976156479
59.44167656883295
58.7719921914965
65.37517992185887
70.79603422595838
65.55768543630813
60.10731932821339
56.183865511083965
62.74809670121511
63.19887944240242
62.77667304335833
54.21119797630663
59.83436007522111
62.59036914723802
65.30255660776557
62.540432852292255
55.06240533148081
57.692028064330124
60.123762688410345
57.53262368975038
52.92145411960122
46.649322671709115
44.494013824549874
42.882017707626304
39.80399934207096
45.57150415450934
43.59185377553711
44.00788064907772
45.20340440709955
45.0413205345811
41.94890224861738
50.832490687160494
44.81986233141298
42.87256529436024
45.11326828019255
42.1799029649769
45.78633133116381
41.771895191847534
40.51895533794953
38.58767097687783
38.05688180910975
40.94393988535604
42.56561749266386
40.92945037190777
42.85896856866747
43.785383411742544
40.45429683547584
47.6198590239111
49.131942054586915
45.41221410148202
42.378213678931644
42.147858045280984
34.97035774963337
37.58911665960113
35.09711164796446
30.568957449639584
34.78909519862716
41.88521297504071
43.14654260647285
48.43723922681726
42.451233288718726
45.22873671925707
47.147509172849894
49.45927190992649
50.99385413650995
53.36132293710725
58.27060273250103
51.73817984957632
50.211424011837934
51.06481555864476
46.63685265229834
51.58937904846535
50.27281491440797
54.47222467680481
60.91115697052836
57.310892192333384
54.24146002362321
52.09342751336904
54.83828535140593
46.232358004780934
48.39698986599494
47.04222228019833
45.60133150939676
43.983942239114214
53.434256657430886
48.259918437350265
48.547132598576425
47.49828871653624
48.909314264868186
49.10483693079118
50.73741869447437
53.730672184810324
59.08839404340649
57.659085959155504
56.5115704667279
59.986988076935596
58.133797523545496
63.2872753968809
50.56050778209444
55.33169526184274
57.87234082680033
54.789626890954864
62.22789743068495
63.37407206913623
66.78576111162347
62.56347310029613
62.39237353306957
62.488605908035254
61.20729130773655
62.5537981769318
65.7952412838657
68.1706145064235
53.62997119803881
54.368087570396106
49.05861445113126
52.694029480337655
47.74539126152799
49.73053126294234
49.92240092796954
51.51508347829568
54.339078097068686
61.11308359229727
54.93066747718142
52.91106182986015
55.161018986126344
62.98577870421124
55.51500511878192
49.89437288454089
49.66016719103209
51.04803792170048
50.37572871435859
57.24256789918951
53.84548938130616
51.54235621014722
53.6138589408651
55.01196125674895
51.82250699119558
48.98263974037583
44.0844856120681
48.74471975876127
54.44366298036293
46.479003587231865
43.20068039482889
44.00257608916092
41.35855848241935
39.21414696647852
39.19038171442217
37.30869447354409
35.369856504225176
36.27783664751861
38.99819014516353
38.24264259727028
40.33516449955588
43.87182208332966
39.08509846456072
37.12774457485989
40.42898707246009
45.092171449352385
45.73450779014608
46.73008266921912
44.73183024225826
46.1214072867529
42.74861221882299
47.954802599633595
39.31247499912559
42.87604476246111
42.694959236434386
41.11735608447296
44.56339438090973
49.89890260769299
46.715112395536686
45.33265884838375
48.162101222210026
48.42947835540095
50.8193758570851
57.096073110768444
59.70369189224165
60.00979553272304
59.94915158465765
58.981159119332894
51.8556469767635
45.91434860280487
49.9573056820699
46.87689800744127
59.49726135609515
52.74404304289586
49.01719458938728
45.57215350145581
45.17941090348444
36.029280848616075
35.39888119164568
36.92176031515773
33.815853878204614
44.71486939057722
50.47332620196886
49.21024978231247
52.463598855234544
56.581788030434424
51.19210867736552
58.906152010344876
58.58758458917967
67.16027841466573
68.22716672070925
62.896237984072854
63.77682429947079
64.78036073327272
62.535943409056664
63.30425945767083
58.46062465611398
64.81027735005527
56.89226545097146
52.285831642950136
54.690660693528336
53.18787385735967
46.32411488458197
44.31021471461142
44.87700589592482
43.256300138177636
49.921462510275134
49.02286687537272
53.93308586111135
49.33684859609173
58.49937366570913
56.82643571580651
60.05574730760767
58.35483869828613
60.18891252283084
67.8056857381834
65.52278827165217
69.48122125971136
70.91785339430771
69.22265582595908
59.340206155017455
60.59053709815306
65.11774851290207
65.48975469446428
65.90412428639253
64.83897284496933
65.72661465090718
68.24294959609568
68.78942990848482
65.88496524402599
67.58709539219143
64.43291311498385
60.926352124226334
70.79880302677726
68.23613281065512
70.18631786327188
71.1359721312862
73.66520090022503
63.97299027921541
64.86316049866198
61.1177787193902
62.35450660714281
64.6514723027506
63.113710984424024
60.58183893686865
63.70115056340716
64.0534790717622
65.08385294154056
68.55187519760943
69.8939435452694
63.97898194569174
62.94796820493039
60.55020018096383
53.95171606064952
50.34843231778144
55.00811729239414
52.704285755906625
50.338019348688285
51.30371011640662
48.83596481216364
51.410844694014415
46.677826741399365
49.69355782440374
50.87358116954946
41.318680009763625
52.19218574299409
48.78347738172254
59.91906443932368
57.47222865682128
58.96597997525513
57.47577898190937
57.35674754091806
59.65037302668505
61.690812837458594
71.26133441064752
69.88369541868167
65.3972303916254
73.2583360263005
65.98088000899718
70.65534620953967
67.31661712543315
58.38500102954925
54.613418554333144
57.30996743994657
54.1786602419861
51.86753743737372
64.33927824580512
63.34766663698027
66.22409163457154
69.5540043088939
51.4352901316874
64.02185671782031
65.58453442652781
56.68661305431384
60.561447383133775
56.84531458503159
58.610439423595956
64.21050526613182
60.105117659322346
58.73065864439384
54.81817330011886
51.24258448513798
59.00090094113878
60.49907244764036
57.27681490652643
60.11673626352408
70.30782142832969
70.87968290648504
75.50574699752751
73.27423870433157
67.66758036989864
63.97565395853323
56.3143877275628
57.1415281552075
55.33280133067929
49.502036610792196
48.52908216204355
53.93398045065658
57.164364033836854
53.48234000366827
58.66326361078839
55.68287223385833
54.35009309534107
52.64558544161231
54.20032847943784
55.83639483735249
48.16762017181208
48.71657288426684
47.55444886980088
48.4525687392456
51.412693902468845
47.95590067739877
53.3322454222258
54.42082889149526
54.84801497174321
52.88097363793176
49.976149306525656
50.032625712995234
50.20384725569666
53.80101050284952
52.56538710519277
56.27864379255376
55.55078575831452
58.31418401239403
69.55920949789756
67.71820836709657
60.90359683962691
70.94158297814775
70.47968697402787
71.35065335171491
68.78277041282155
68.35091538097504
65.64528922166912
72.6839751492081
72.91147636850697
66.02636863992805
68.67352125611747
73.75193670128458
65.46956583406808
64.3045290589348
71.19040753271321
70.65981843759855
66.95085612250598
68.98838211277524
71.83575275400517
80.24232927268528
67.6611997690637
63.955851886900135
58.26141808947422
55.90307968791287
55.520433060672595
54.02708159592234
49.5504754367642
50.69940859980219
46.115663364119335
48.35466990552796
45.38598322167593
46.302048736926686
47.79316421553585
45.943528783843234
47.30021797387819
50.23924045900715
44.2099297079095
50.18690388619484
46.9159283404247
43.28740083562161
47.313673164501175
48.735477646586624
55.43196448323725
52.13888548227331
47.42012470413004
47.79715209040178
57.07656505345683
50.793402702906135
49.18359253327364
48.88269207329586
48.684721307608065
52.224898140661125
51.354088178082876
54.9708543498201
51.53548130838298
50.609609559634876
48.737911373110194
58.441956427523564
51.629246945768514
43.300902242687506
40.65845877622476
47.34805554290357
49.14645320363268
38.326421919856536
45.486618372138395
44.7124114605184
45.45728100176541
50.45135497624895
44.265534543960904
44.910480255713054
40.06571351084547
44.22239525243423
45.270732893134415
48.06033356254841
50.36604302090857
51.2968924749523
49.1343468437405
41.963451941240294
40.470278683983175
45.14504453943882
40.07290224537727
37.71100586310906
33.02984211414176
32.4645134776969
29.490043569334528
33.19016532939551
30.145366956211802
29.50590813342542
37.37034039997216
32.95213745034072
29.413295113583086
34.04692376372295
28.6106384453601
27.197367230673976
26.18138754790926
22.68398471230163
24.35507308180259
24.64369189966899
26.249654343125403
23.947024029118325
29.976488277625972
28.74600986071586
32.197012521313376
36.25019081563467
35.27696328297888
33.06682200875062
39.698215716995634
41.76797668562439
43.12138176314597
49.193100916653655
44.38264311388698
47.88172398481534
44.0516352872303
42.00445321929894
49.597354487476245
50.9433656349773
51.62797393110123
52.15743068372762
56.510024420515904
49.50859674795395
48.90433903730934
46.013760111292946
42.521105040050756
43.60563780843538
44.33233249122706
54.945876433194
54.03925685640276
54.15091225973057
55.66294646547502
62.781826394807055
60.546513919252845
53.541351680438794
56.48081772744331
52.867679424809985
51.93562254468419
62.37855328701727
65.14733475674818
61.53876070988916
57.341630950073984
60.53560033716637
57.533011120938546
56.81070189452711
51.110531683985876
52.50117586148013
53.020369983743855
58.349224183005255
61.05323556675934
54.379469167197
59.26925371416954
62.391687801296534
61.56175826065433
61.25304959898805
63.223545380079386
67.87115114220782
63.294781565264515
56.5507212419858
55.36902743366345
57.232679333909914
55.48522297171423
54.38103446170216
56.96525596128603
51.297382136269626
50.04647578511581
47.926935519297075
46.633266547794825
50.11510523053619
46.91673767673745
41.977612394701765
50.304364595092444
47.12378223234742
37.84520199529363
36.88607527050686
39.921808718818525
40.55100590285776
33.18482194908738
43.4780078844529
43.63100137056162
41.06746762980439
44.83185795328528
43.49904519527756
43.49857719908128
43.688194381371375
49.602350155763716
49.98880693995067
43.01498289316925
48.2674724497237
47.410186897726255
48.97093210100483
45.41906745266541
42.5503262695716
39.42965114110642
43.0022910246943
42.80902841705873
48.5471243965694
49.98592673923404
47.43207199765757
39.575919288951745
42.61672948953882
48.5703647321439
48.23300896589409
56.35904456575388
55.05269260885806
50.55191929712999
51.95171857891906
47.30323049512282
55.23528849507371
58.4839041790388
53.43715240647742
52.053963823095486
53.32960045543985
52.71210747219377
46.854280381810234
54.910399700042746
49.3927308852568
47.12758272683376
49.03722193663481
47.88710608819594
50.45275466694072
49.803817936867105
45.32579498599578
48.76102125617768
49.54734641371656
50.139351100656256
50.223590696070424
49.01566600953873
55.1425814863175
55.85857622293562
62.568083382229275
60.23614230290441
65.11455166407222
57.459556660431474
54.087961512949754
57.64979911052506
59.904657779779605
59.486673134514575
56.53158129158293
61.56011725395077
58.311217032477806
59.92113099618078
58.85842526027157
62.33212754728509
58.58670495895256
57.44290801368733
55.99151025097533
54.7601601313924
50.82587881018176
51.90757959095151
60.08903183642177
58.74871165474254
58.165303668325706
55.27999431113707
56.81605932265401
50.75063788563936
42.58403581884174
45.90179328817873
45.97803696188044
47.361313083936174
50.858934931897764
48.96393506467003
43.6409624393612
50.14214739200945
53.14419412858452
51.936925171465035
51.84364823453771
50.94270211664955
49.98833120836238
49.67081694530318
41.913792181150505
41.1569130394783
46.9007377308831
49.59567028050744
53.8669153434955
50.39535825237877
55.48659827586679
52.01050079003787
51.81168524895705
48.61561018673567
47.64596936672429
44.35376837333308
43.782133332277816
42.88044009069546
37.46217619522917
45.460845639237625
51.58511178796552
48.77197156969688
48.046300840680416
47.1268318644214
52.05882213730682
52.25920085938711
62.4149847879287
61.77210290384377
64.61934650323852
57.92731517769848
56.584974339372955
65.00537278040571
49.03821347189937
66.07191585627803
64.61055977037715
63.528212132883276
64.17332212006355
50.52304709308233
62.66149139694689
44.50593690227143
55.35835416411539
63.04181592577761
50.97366588555677
54.55339489565564
55.86003025061448
63.24994563937979
63.43814748985728
60.03148363640469
63.96667260468047
65.53719691586599
59.60162287265746
55.624355659405936
52.77783175797074
54.590258207977016
52.467892015334264
55.84561075306925
59.70994186682864
53.023543912603394
60.127641842313544
59.69550767683223
57.84274243074473
56.36716723952799
60.79086917842729
59.0760964990561
58.66278676808253
60.56030401373448
62.96549365901342
55.17467098902758
48.25533737977138
56.37913255204746
54.29861032019869
52.249236184191
51.47560606190823
52.13261982065228
54.6896005593147
56.95562866650035
59.46123180189209
55.83456682460392
57.66063490043435
56.002353163254845
57.59687708524666
53.75735773698465
48.000350568837575
54.70563898157441
54.597028095982914
49.252536993475005
49.607679554011106
55.59814050443564
59.541955103022524
56.40120314935998
49.92651434070534
49.405314782491935
56.508377377330824
56.11224234635871
59.626095338691194
55.9377996386388
59.37696263798423
56.99826670051343
49.13110129220104
53.854249746554565
52.95215133682267
49.54808350224341
54.761331167288354
55.158405791429836
55.716677092068636
48.15858511942751
55.44138478644116
59.8878686570509
58.32745051278283
54.72301360625103
56.429375993356885
53.753484320899496
56.72472188898999
61.13754478176447
59.36411693613351
53.47012922667884
54.134450951977136
56.905281545176585
59.70608891150568
63.15647183572955
59.493929230021735
57.45623055942355
54.65314618594425
53.75823412744222
49.18394781792684
54.950888272105004
50.2818647225761
44.51151428532451
50.15451247658435
49.13035792824466
48.93265473012557
50.09990241981245
49.5838795944328
48.532324526318355
49.79932662119344
44.10360785813914
43.365864650638215
46.307098396530904
47.746227922711654
49.34859227267681
45.98532801733733
45.02483545048666
39.938823419587735
42.610385630293734
37.1120464877262
34.04448300097261
36.0539840310836
31.47959965705435
34.79930738027914
33.77039819168974
36.729847141043436
34.133810346242505
32.93872279594502
38.91815578856185
37.508265006255044
32.84534210287914
28.942669337423208
32.89458978876639
34.48489629432129
33.47358729975857
33.79858498622289
32.29164293030233
33.509852296903844
32.3931300288553
39.92451340126964
37.09376973239318
35.68967758811335
38.34938700407047
36.47447806619998
35.25511639114487
39.64934681446188
36.015176559529095
38.54399623481567
36.40671644479613
37.51596855922855
36.591467282356746
35.42448429013117
32.28409662200036
35.74584469676179
31.6256844538151
28.45549093050481
35.580684132287956
33.211990605494016
36.49720258444432
35.24873988289777
31.637226817229095
31.195667098119166
31.32534597902138
34.05728543225895
34.18840993244144
35.76439221073419
34.972372407191735
38.6547169517991
35.91570727004154
35.89427636769961
31.860338142266134
32.12105833659191
37.99204629163747
40.20736641385013
40.774845896912126
41.241032498322404
42.02039535126408
39.094782880846346
42.71001466019694
41.890873950656854
39.516183639291235
