27.57730342310493
27.57732465768584
29.561523853751357
25.390578275496356
17.14118303227207
16.91408804181353
23.67678944960083
-38.038473642783245
-32.366383844218994
48.49165284139373
9.131850150586208
4.87790762739318
14.090420147897834
2.9124824266578724
4.7259610936502305
14.05215494955066
-4.683800090884523
-19.184033508178747
13.044337658696652
-19.422117677451222
-0.4385539337475817
-7.450694602718449
-33.75134354784042
-23.309219762526816
-18.556486690451372
-29.226765628461276
-15.197129080213426
-21.055801875540862
11.537683153482288
-12.176051383807309
-10.963207398735868
-15.592311535614737
12.404605684512532
17.427917980435012
28.191775455570696
-18.952816200930343
21.125456463808288
7.801065907513833
-20.9744474737324
-7.7508521377732436
-16.74259711349711
-9.254882329317027
-22.734194404699096
-21.961889326309485
-36.51033304216315
-39.26657070474429
-30.47099544370215
-24.290586959578544
-7.949104388163482
15.279676415214395
-23.8001849199604
-27.660673454432633
-33.65679751244403
-27.84715412209387
5.313532442651088
23.69471765752383
-5.1907467133044465
-22.467052382998517
8.895979667519846
13.949352011825143
12.211093073376746
27.759671721324384
24.155151787287462
41.073921074004836
29.626816192451436
21.679836739647357
28.762147931657978
28.727772442529336
5.031861169575541
-7.185152495647623
-13.917710980020852
5.131249040322335
-2.8172577607323794
-1.3303057193082588
19.67887419354626
13.146551513270067
8.898821477466429
-7.928779145896656
4.598417304204981
-24.53175800171074
18.75388501990119
20.87712282788715
32.785338394051685
-43.24874070784846
-45.915524690520634
-43.96601037789758
-40.43812136686661
-47.09690752973727
-47.50839864831761
-49.48995436150402
-34.834458919765694
-55.586311297083576
-32.52427659439193
-29.915958865793506
-9.778704419250193
-11.741604950500763
-15.082217292643364
-13.67314379446826
-11.68946755499953
-14.933600458227945
-15.509967308574758
20.015451277106227
-18.738778494618558
28.893239914624974
30.66325658531076
-14.231450059714364
8.465119878018049
8.263234112297264
3.3793598911744014
-15.26872835127189
18.034903669755384
-40.254005699140166
-25.592552809718782
25.91306933988599
24.989168913363955
-20.2427021328423
37.72629207188119
29.497619236933435
38.802905692947455
32.01375419350357
21.50068022406746
14.675351127339658
11.226076712056042
6.577426294315033
7.467410002140016
3.285704052518263
18.14562258434213
9.870053916438744
-16.1353785199924
2.883899810467774
-14.827293070858643
-23.448898685488324
-8.906994114892587
-11.132999579158914
-7.687804267220947
-22.0704010434641
-32.427763818290686
-24.293908485494022
-7.061010964918861
1.0855656395525914
-16.31760402002606
17.22179560714795
11.957694365399583
7.387480269924009
-10.675210506040706
21.95556679827641
17.17139826026847
-11.341621244530549
-23.192063635674856
-24.795233436697217
-22.03654225623381
-28.221898579470682
-28.98040336995268
18.230915749623406
24.76473775254154
22.42570092040776
14.539690695841479
-31.668929477395004
18.79244291485576
-22.8797460916786
-36.60234869129836
-34.39636558860024
-48.20285746249431
-51.537113212321806
-20.428400073671344
-21.657689286573298
-29.75188087508245
-27.038751887582247
-40.514185476980956
-29.104967456096855
-29.07163311851359
-26.967935125341455
7.752655400287274
-33.2420657127581
-35.0481925142579
18.736813191602458
-3.070845591005861
23.492960882015982
33.13346405160618
-24.88770449268006
-30.571664513843285
-9.44253147833572
14.207679146364125
-30.89634335645555
-4.792293093693062
-9.424936520258305
33.67687948269458
27.777270133466246
29.34336198727512
-24.25988437562694
50.06176224089895
47.8831665322292
29.541897630078992
50.37330701876413
58.53125843515598
37.475006120010164
14.245767446210287
10.447103810573026
13.507399219067592
-14.927889065696162
-9.259491971081067
-15.46016970573781
-13.12156190699706
-11.55742781756001
-27.644009772266635
-21.769357851657563
-18.667660699222676
-5.912642691839852
9.025069530656495
21.338304067166334
10.411549841054274
-7.094315061414344
-12.48739735298577
-4.670285546108947
-21.41794170856253
-26.763207238695973
-30.188380066872067
-27.086088526202648
-55.633167504913445
-45.87890788881081
-38.617604870605426
-29.23673857597182
-7.127561911185249
-24.069483339166965
-14.661812782818833
-18.187897436699412
-34.1316843949837
-17.28050820599647
-6.1014196739175235
-25.988846129815315
-16.72041563600845
-20.565053077818057
0.3002240848623633
-11.772554108842382
-6.750333593138232
-11.379276797978399
-31.321021247847057
-24.399012842262405
-15.904506284517696
-30.975151597539043
-32.049488262088005
-22.10340363356565
-17.74749736090523
14.57884056055063
11.10382250206422
-4.095083347760398
-26.406122684524153
-25.189726440695136
-16.804905471698714
-15.08527203946555
-24.078073955149478
-33.13987502375289
-29.965157841218677
-29.881085556465916
-15.172121484452646
-23.42758482807005
-5.2970478934340335
5.086295663036674
23.230709310962414
30.610690321854936
25.006351414305023
53.30546044179221
42.98428804102065
36.10392281743285
43.53371473985768
35.17245246835474
52.916319064048665
45.79031462174207
34.16307036348404
29.489369108400844
9.105449557237844
-8.425549048727921
-20.39949140898622
-33.20926903432047
-29.034286666870486
-30.451769919978137
-15.543086326907224
-32.575015223437326
-29.308865698710637
-13.201528545964297
-15.426054549318472
-19.806352181987553
-24.559566082963798
22.484339306989483
32.84478339502836
-16.95089575095416
-33.40107137494236
-30.730256338739938
-31.780133196909937
-17.32620615466757
-11.642537273978158
10.203957469724617
10.469067360905596
16.71321305850344
15.851869538846628
19.557731396356964
16.6773193934456
8.922094067357095
16.24091597345418
23.098096179632627
23.5515473888711
19.116253304260546
16.12723767319621
24.07829100631065
21.812761150956344
24.17017222891262
26.954734613361563
19.738672664311515
20.921847722412814
22.989255215943526
21.25181832076777
20.918059006325752
23.673748406090482
30.091522413287617
22.476014281509777
15.688810676766796
20.76210411176307
10.014730383355019
20.37046446978457
19.985650538175115
21.752016277943977
21.287227242303977
23.92671616995699
22.605305122084076
24.859190683835553
24.245131349628245
17.568292195963835
22.11286607190872
15.649033187009488
26.038321291979173
17.032248656163176
16.730454355375226
31.37684851002879
21.780032282266344
21.542511779053385
27.309202504453456
24.420483735607384
26.209647631037935
27.219828747308018
28.461778934314665
28.312828657463484
22.719448904289948
24.01159577956845
23.92910039583419
15.430559558691137
8.06058239058535
17.56681390240276
11.222469435513542
14.231929116199431
17.675598186680507
14.36385387632855
7.9580737405592235
14.106781043222796
13.566866900538859
22.93105484674332
11.807157044183626
19.86730407289522
22.50882317924107
32.17804811366331
24.093421798026203
24.94467421535487
30.106303965553543
24.380732372857395
18.30119781367887
25.6632975794568
14.272104838651083
5.009186451050565
14.453960444573806
18.043744721211286
11.02485770995643
19.309496388618893
16.669602786644898
9.84082657277132
13.796461209583482
12.902828159816902
11.468841931362393
10.732361724157801
7.519193946938271
-7.854387375922889
9.348329682946105
13.13404724386153
19.182039961435393
9.093276115706098
-13.434045783689948
-11.258508381643031
8.432245924883498
-9.538049018437121
-12.612552403217148
-8.994777307686908
-6.91034603730509
-13.290090641283554
-7.534762785039239
-13.757871477738973
-10.773072627357333
7.666339718750289
4.408480252537843
17.32276900170592
28.8834173979522
11.170598566279832
20.48461752802833
17.487171400174184
15.273985849817473
28.662345293804936
20.197665183843338
17.661994813855323
22.74517154744967
15.511715698789239
11.52398576863325
17.114151154523167
9.067982199835388
26.816735422028238
16.093758364214914
15.09829729045221
17.458500481996232
15.139558645464735
7.706357649412338
10.609607694442559
17.74412568519249
6.80306304998718
11.089293911984477
29.018338631241733
29.17883374361466
27.614510485957304
25.606696320502625
28.423641866864543
26.884489463482193
32.14208885429818
30.616493766174266
29.787882764537475
35.96354946585166
20.729162888814937
19.362420319899666
27.080171299322636
17.988813065056146
18.697749912453624
11.108681316402594
12.248001953768549
14.15948670706052
9.769050565256785
16.772177583499776
19.945197471978446
9.562937294893937
17.00367110553904
18.60084638302702
26.970629639587617
31.706216017506208
25.683809697506042
29.109093100601044
33.746637675694934
30.763289733896528
29.656084259655607
23.986967352682232
19.884134811330487
27.455620946066315
27.68294590658386
24.119935046616636
17.40524373331202
13.721134970721225
8.836674162427236
19.71251475046046
18.550423110096663
15.820056325432432
24.407674597988144
18.637844985073833
26.524259496787842
30.15465990059442
20.909707813062525
16.311363141387737
20.97429994090497
15.971900511554045
14.147357985349473
21.300379729651205
21.38643712836598
18.3796639254246
14.45753411443845
21.24840786017686
15.490423779806473
20.11117298145887
21.99245699536614
18.9728493251781
23.66884194321833
29.914637123640777
39.35685223343887
28.298952642359772
31.670315413524772
25.265151699199805
21.145948175124754
24.899200767210584
28.719528062743155
23.188353373693754
20.7135743339377
23.03976217110036
23.529454659463298
20.375494723473
19.310095908725764
23.03262044521429
15.576037818345723
19.310646917970384
22.70985023980283
20.649696241821644
20.363810431773715
27.41150291413832
26.90907198236178
27.96370197602272
25.534285150079846
22.064196219128338
26.410643326937564
26.06340805237213
21.020789255549232
25.8046235886357
26.385315579094122
29.874444025752005
24.73728502348175
23.56793076947455
19.42322945029749
22.40076634594782
29.600691042916633
27.088690433438444
27.9461541091453
25.15254313896601
28.61074732074016
24.174218893271075
26.652985672215646
25.620645447644396
25.870017896504038
26.095288608456126
29.68186963596645
27.93806454167312
37.8219178510787
30.161891093100998
27.07561666513256
23.80729833140791
31.443441808119022
40.09390802313423
35.134490633566244
23.01435291586861
19.258508658351452
16.584064836669473
18.25929891576466
4.989871063859939
11.363795006162803
17.90838331959527
12.921714099204818
9.405603600611856
13.810146538230816
12.994671883003178
30.08793889080711
15.398539086013699
13.68787976603688
21.26085997918147
20.280355198923484
25.520319061156076
24.497731669786408
23.235120833904485
23.411254767505557
21.875458350719967
24.233359251001072
26.781374373666708
24.671627789356073
28.97865830611952
32.18925721729416
29.245129350830354
16.94802700753111
19.259972979296716
8.04986226166347
25.603867596246182
25.45340692449864
27.06117291462324
25.369739915200533
22.018270168096933
22.561990177820682
18.47072085980628
22.791419649316442
37.751694314129495
31.00682108794171
27.041576344580065
28.93474443366848
24.013613644298765
23.55757220683768
29.450330230068012
23.818656514236167
23.704450186999562
19.32988795355949
12.938531502795234
29.438502775101945
18.97929947341504
19.623355419692132
17.61253995738089
20.310440672951227
20.401733921765015
24.447684055882053
29.079339645292706
26.01199133018049
25.75832612554495
22.045116963914058
23.456913103183712
20.495349099699386
20.894740091343575
29.16766846003018
32.1265031353856
22.116839175271096
27.8166236379158
27.316455962949608
31.910624843612272
16.656605857154855
19.440403354503538
28.646364310800447
16.375300273733668
22.93042864025542
27.646490785040683
15.736601642560505
22.006098344350825
21.0253008092391
22.36832839222755
8.366927201504623
20.04799593735908
18.844527123838528
14.896838264997927
29.566019327216246
20.428576373920524
22.763866386290346
23.343886137575627
25.223900435429154
21.028191288582793
13.812350554349644
19.34645072748092
22.437697537013403
21.131414595544406
31.716404067798635
28.358242866942824
27.867064020984927
33.53730928804338
24.796777974305094
30.358109567337753
27.372342463988563
21.64356034023976
30.530954586250118
25.577483949539626
24.59718284917312
32.043586557843135
30.56729193473214
27.466719128867098
32.24250921958444
27.203483711411412
16.165426164355445
23.40562186484712
26.253545631886364
22.669856341731535
20.131333861234875
18.315209538425922
20.890161213070503
17.098368456784623
16.661312338732017
14.05056955466042
4.316460496237891
-7.617253088570428
-15.467330244934363
-12.22393365013196
-12.170477461778301
-19.16042974245131
-15.593111954588693
-16.01733225793041
-17.64934947329693
-17.560510234984466
-24.600010057928465
-25.95889340436024
-25.930790074291963
-26.871241051830484
-29.471517019112113
-27.50117133634139
-22.80086548808379
-25.11304063262435
-25.247809133402672
-22.30932656548119
-21.326435974073117
-20.4510779792057
-27.133445179107675
-14.525678741996604
-23.10534266690676
-25.883781472214668
-27.577670182990865
-25.310959989675926
-24.374160344764846
-28.692880457985666
-32.02588922377465
-33.931388858051335
-35.438141368772655
-32.550455216421746
-30.66813173327657
-30.0673207654142
-26.456154357714276
-23.694067876128
-25.698586532750543
-26.87105914975099
-23.84862048868632
-22.018252408095634
-20.587367937288416
-21.21848447639701
-18.220115775835023
-18.802739135929183
-9.216665746121329
-19.396254521635903
-5.787689980254641
-11.606856832527724
-13.108715748731095
-15.905611295182934
-14.24819219677483
-15.249174488229837
-12.312548111855385
-11.675021660744916
-8.418975137885255
-11.465002286180539
-9.618731762983625
-8.114609727269984
-5.895177598095133
-17.046330873261493
-21.108098143899092
-22.122930871026323
-14.87469720391111
-12.779990817845725
-14.216631061417434
-9.946242439125113
-13.990698112154929
-12.82851551718449
-11.919568944513529
-11.154537924530013
-8.822302370825968
-10.515278466660543
-8.164268135089973
-14.812738406950263
-15.561712464931952
-14.403084458453582
-12.88738097720756
-17.63008177416593
-15.845187978016321
-9.377249903146092
-15.82651523298231
-11.413413128703443
-12.303450902395099
-13.10892415789399
-12.72374206269956
-14.922507653451177
-21.74803070815704
-15.831189337320883
-6.857046635347953
-14.592814202876164
-12.46613052950017
-12.616051636897746
-13.511101741721047
-13.409745150372203
-19.256508288872137
-16.731040063074623
-12.752115020452331
-15.14747836342932
-16.703360115676052
-21.101468071011713
-15.23899193650007
-8.543589452203282
-14.00184741152653
-15.017919863597035
-10.475693426455363
-11.172575023161574
-13.414038612640635
-11.451288599888892
-21.181050283681827
-21.965542630001465
-19.939702470909946
-16.95543145109782
-19.418215991959222
-22.812988095338774
-27.160944378874028
-25.053941766109308
-22.706898726783283
-26.34348810335705
-20.18165790850223
-18.913658650748424
-18.514887190620122
-19.459695403510683
-24.21357196879447
-15.736353600940653
-6.714444452480227
-10.701556562054506
-12.66639017560251
-14.127651013632821
-16.164650659134832
-19.14026362004153
-17.532377078162895
-15.591112412742664
-8.645703643983193
-13.055691899977466
-7.1427303329087
-9.156310996484242
-12.86155937505038
-11.007748501909267
-7.754932673543182
-12.430195474212958
-15.330250513126987
-19.158436071303836
-21.00873412342612
-20.076937073659245
-19.321300047904028
-24.979598468656565
-21.688888178043555
-21.899547864613783
-25.244686548942216
-23.621960919187302
-27.12935162571057
-22.278831390041223
-24.74574410434889
-25.07671956595972
-34.098739338367864
-34.90609948131273
-31.70547795299998
-28.162444402402258
-24.988379875352063
-19.459005186305884
-24.659697549663786
-21.973279528921037
-19.66380402977001
-21.17304645719107
-27.60937068120992
-30.91278926694019
-24.754797505595317
-25.820293753453235
-20.812986764965665
-24.592216122371187
-21.652118806047024
-25.161821736160878
-22.8552671111901
-21.867771763115048
-25.18282869606836
-23.880810164050157
-24.346823046539548
-23.36096864651524
-22.43752633917199
-20.553595963308975
-22.09928009611482
-20.12207575290872
-21.931262718464122
-27.485129605491636
-23.17459807779224
-30.417084907715896
-24.626828213391626
-24.869772198258822
-20.097093947970006
-21.02576291392783
-27.45015022573609
-20.734048056626307
-22.36771670825387
-19.46237539940681
-16.884643283152986
-20.290764889576685
-24.765747573087758
-17.668308622220735
-18.444334932312664
-27.748234768305757
-26.936393912492253
-22.965479093208277
-23.316240748947365
-21.70941711627371
-19.490172024427192
-26.511740258423778
-25.06099167959418
-22.914659684569763
-23.608609509858468
-27.552418786436405
-27.13764180697724
-22.258279310575602
-19.683504003797932
-22.57606433694093
-24.36810954655996
-23.611567444266573
-31.274691114671818
-21.5544988234572
-24.95748644632093
-24.262489765812525
-19.48885071709206
-20.128802636490853
-22.216254190635336
-15.804478797210917
-22.29234947018227
-18.5235528076267
-20.144568785375373
-16.605756407606016
-20.401684352428692
-21.200678347990248
-20.15371226943327
-20.502108827796047
-21.615296969992762
-17.751054512113992
-15.599460837672762
-21.991536090579473
-16.008383378388395
-17.229665478029744
-21.621847406328943
-21.076451603656373
-16.041161007949597
-20.207084080140373
-12.035054240213661
-20.952640609376324
-14.112974397304134
-14.420979337868193
-9.15565239915704
-8.678516719000969
-10.148863736567156
-12.451884943708537
-19.769621907878626
-20.983869790757527
-17.25354142153053
-19.402858285751577
-12.259603617715213
-21.735634776742813
-11.751508999827307
-13.900535375076291
-17.32304565476683
-13.633260909570277
-17.819814941527973
-16.870247927661048
-18.718250921929528
-18.23051334233178
-12.708353243420838
-15.433302924660111
-19.07870924677698
-11.770060905980108
-14.007186972447418
-11.911934258697901
-17.02336697970454
-15.8276643529449
-18.033134204763726
-19.188620392054546
-18.079719649535438
-17.540326405784565
-20.252225964836338
-21.294452570513894
-16.78356429505228
-18.020918209605217
-22.271773380369623
-13.05423527592553
-12.769124384284638
-12.366367665376908
-15.87104815752503
-9.357184693659164
-12.959124167814219
-12.304978631265554
-8.904558449800081
-8.536257080060064
-8.543971286196467
-17.80303620997837
-18.946685274311935
-13.07169128284265
-18.752628785235437
-14.25569429304293
-22.003752729378075
-16.18789088628615
-19.782873397157836
-25.834446625147713
-23.92914830407504
-24.072355566967783
-25.55633983060223
-23.963980055610623
-23.380432767284134
-26.197981489058197
-25.667469315992303
-24.926197113851703
-20.915225053131117
-19.532563273705893
-28.91531814842545
-22.584495402835408
-22.839092655783272
-21.672716989418433
-22.231355292018407
-19.538399524741216
-25.37332572548945
-25.007882883749172
-12.732674761204523
-15.686693926193131
-13.031802797876937
-19.432447212800156
-12.300269240547545
-20.793949225972224
-20.39939422689281
-17.509349103807182
-22.344063115509652
-24.106398305709703
-24.25138624046177
-23.20082897683571
-22.096369866645876
-26.85020679408118
-21.766796881565217
-27.065532047785272
-19.89149934323685
-22.11576657917402
-25.497225619733552
-18.164289656710643
-21.078643872219157
-22.91280810427133
-24.647687257005487
-18.994799306076754
-18.787694849392004
-23.595243564393062
-24.41232691181522
-18.495858418013892
