54.994087344834846
54.99379719877137
59.08055658758544
58.18930030001021
52.86596389304593
54.43904921425056
51.418656618981736
49.057837854854476
47.92531176450682
49.745168613214126
52.928508183822785
48.552071107952806
48.51930565093008
52.228591228047826
52.31760665129502
54.08300420848813
50.84328167957812
46.90932241859916
46.78001195068784
47.46408481671811
48.80261042670067
51.44412244782952
58.03195795892303
54.143715315357255
57.41706063540217
55.00102411873254
57.98678369930028
58.99399135050821
49.863471961235724
52.21725043336971
55.64680605614834
48.348012679663164
46.245916372558554
44.92601661437311
42.3376321019737
47.81431859019488
48.928602556558715
55.86047569968218
52.34369633235761
49.15746287741586
47.24085767405442
42.46023257843206
49.72616129719471
47.20697640868114
44.2428173269102
39.880553028673724
38.70000914187157
39.76935922983133
38.974883863543155
37.593410894241956
36.35486819867891
35.222524738166975
41.91619254968686
39.37418498652457
39.070005064042604
33.41241800327681
27.864989870805466
27.87712332685929
28.54217959563493
26.723586985265122
25.71858380140674
24.048155747959296
21.73659708832274
27.16924645819119
29.477422230848074
25.700049329518787
27.532043639749148
30.699575588036176
31.514281120886334
35.782569367834846
34.462527693344306
33.19906303165284
39.68526251781894
38.6289113064949
34.79702564089378
41.264484614266024
41.2404690694869
46.326875577472514
47.48139058588787
51.12198830617877
50.48367375034177
50.816409989599556
50.71848752167347
48.412114935002286
50.69350796896257
54.853214002879106
49.716228680042214
49.763330923573065
55.22930434945043
55.160824790751164
52.50226475896193
56.33443453361417
61.3041246221999
59.45164489982994
66.65074761979692
59.014709728331
60.02364250304332
60.32669827136312
59.01606261189983
60.81752482600246
58.757543231690555
58.54223858412419
58.3785258842908
60.03011767804248
57.21420686866735
52.182826966224916
53.9428581205159
56.45736067517815
58.17516138492678
52.70905460342813
54.619193998047
49.001674003988064
42.625940585360404
39.44658527589966
39.3103481720563
40.61310896041881
35.967381035978725
43.20122971525239
37.37568585472298
47.62929407034367
51.93096261780278
56.950270694682985
56.73447745195293
54.3706991828167
55.56159190489622
56.04051778985513
60.278321992601256
62.717997343919784
61.94250697909213
65.79132121957615
58.60395101492849
57.9085613725706
59.713669906667356
55.826207160737454
54.19065786433187
59.106631383812164
63.027392110214834
55.87933172058345
59.58471462763582
63.79818229845995
71.19744199393385
67.2276379155867
60.80708885028771
64.27982681595127
65.8146320709227
63.158646044608595
62.184186440797134
63.07395314170315
65.11040306230566
60.175916485292205
58.15429327443103
55.26908134768265
59.66365088713982
54.01633679163392
50.268564694101045
42.17126752272149
45.657579686317334
57.24190740594522
56.207160556613985
57.990751142657444
56.386138890879536
55.72262455364134
50.660449489733104
50.373345482120214
50.9873613563886
56.53292722711044
57.15410738913831
55.97594331527298
56.89372262612457
59.33466740087488
58.253442829695125
56.73418905618351
47.5113544593194
52.03278312081628
52.53279711754499
53.46727946900963
55.76098369118683
59.40256327544573
58.33177358902501
60.062212661898855
58.08734413449315
56.69648570451469
64.39694273955735
60.55409081804684
58.261579566212184
62.34042407316752
63.4143583308773
61.09479009525062
61.633894811973825
61.8077509390316
59.739023213005446
51.92824236420187
51.54018769085815
49.97097233417801
46.57178012876337
53.07132794047883
55.28993016736367
51.015280199080024
51.016666663676986
51.57845046035356
50.897531356736664
56.24714333598399
53.56226711084499
60.99483530707823
57.12171265326424
55.82306946419414
52.193246722697985
52.29750756503669
49.387706638987765
49.540057216620845
56.991523271045594
62.537836669438526
59.74519898950598
57.760566940717226
46.34073462586044
47.661288838864046
47.59782843850928
51.552419756120784
65.98715786541564
65.23415660360608
49.64116683060519
48.15762611504086
51.331235215345394
49.27403628312907
62.35558507423683
57.47270755214983
51.074130692280434
49.545884196365975
43.65937731370588
50.23583746269507
48.77096323603118
43.64608646141468
47.814360723980805
51.49188578381312
54.16666885157306
52.590302432281085
53.963760992944614
59.17873153621848
57.73097151571199
51.59680044661733
49.32648870516422
49.90867869930602
52.35042300598735
41.95323678311434
43.826510664106245
39.18015876384686
42.147688659449834
43.73180639247173
47.764644465013625
41.82504527438493
36.28981299766021
41.70429101681574
40.37780850509893
37.584907563232015
32.264488756987426
36.27942674652202
38.141187259614405
42.63517990531738
39.11743368046408
35.604361387295945
35.96246669419387
37.96719491775958
42.31680755099984
49.60704631783214
56.09094366300058
44.91685884880925
42.47423248916874
34.48169651180741
36.748792899110136
36.29477118204355
33.809482809030136
39.38190671992172
32.237362690743645
30.50817116852819
41.040723155880954
34.88418071749246
31.07216183700819
33.41459084370935
33.25202408254913
29.711740127568767
30.259330038188168
31.869885495879938
34.585506377233294
38.48878968083403
34.30080667721872
37.64465072270571
37.84836193431429
40.52742358979977
38.6640664014847
41.448659224459924
39.45444243955753
36.8717517393097
33.487003738655126
37.68026755378026
36.523690189371
39.1229549909714
33.2971687728858
39.57348763202866
41.282116774829724
45.63006046642591
45.79032950242909
37.96216018488863
45.2222309434916
48.09106220651299
50.442647172778344
55.95333274648627
53.028667713652226
48.56031494492718
48.614946646520174
48.17293885922321
56.85773100199547
57.03425754738782
48.72143259121383
49.64360530598305
46.410099408410964
42.22314725715364
50.93298975039935
44.4133371601049
41.200745668354465
35.22107782819
37.68702947173632
36.181057632961384
32.35928945527435
33.014636915429755
32.03829884405274
29.944831226828924
33.92734887325338
33.3831887803508
32.12571226399065
38.435576936087784
37.716247294759064
34.63657063703178
37.47490863312971
30.989618345209184
29.921505444242005
33.50439649025897
36.815590196298054
38.37620909826302
33.549510711209024
32.612311097870766
35.8410004566871
34.27103096777691
35.55789219435516
35.05053768447946
35.32107072281579
32.27536460739057
32.65510793979283
33.77414917713492
35.446055141433895
33.306016608178794
35.73504068814316
34.44614631195059
35.09313545239739
33.09885419811429
37.919651068238494
39.34299485391539
38.875759703592834
46.98925562757263
40.25219486264686
38.036553820107954
43.510017116895156
47.479593323511274
48.92839641804
41.12028100273809
49.667206003222944
41.87831629443339
37.11953260512352
38.37479591825182
42.74382979181783
44.386369229800785
53.72863602937904
59.90883665797631
59.97965474752955
61.576210993557936
54.92878605255043
64.01442957032114
59.466378178737834
58.586016497411705
58.63998857514883
61.59204979011434
58.400526917077045
57.48754540775683
57.265456551406935
56.04619552436891
56.86870743049194
56.69494035742906
56.21308664097658
49.35794781183854
53.4305703237528
56.82326622854277
55.31021648548754
55.505045942248834
50.85318455865753
49.746428808539704
49.15724384342795
45.867425227277856
47.95223463202278
56.0174707218947
52.997809620139094
53.23924343477962
43.22470200305814
51.91567898502076
51.68866020275807
47.54167912793705
49.74886126337654
41.49790296234997
43.07566493192133
41.868306221841046
43.897021001760365
44.312250400835886
54.27183395329567
54.715202251333196
52.362723784994536
54.95027598886268
48.356839685339075
45.99868688865982
50.2617840198799
56.645022568216014
54.96787774863708
63.26740605360278
53.092125928358925
50.93225739610521
50.206110605019106
46.68971354393923
48.61653377604359
54.85199988336543
54.93761184710764
58.92556905892671
55.359353002601836
52.64717608438324
53.805873269637445
62.65284015416938
62.16284740618878
53.780943381159226
48.2853625342786
40.75239450369451
47.47607877678363
48.506742522885105
50.571935457086624
53.19065953766362
49.896919330811244
52.221655726045064
52.93629021283449
48.143133642652344
51.249437715603904
53.54972703499283
53.92055743825055
54.273925929466365
51.056340484349775
48.63155319796925
44.10023101792421
43.16012508182385
46.36551702260772
42.580206993990494
44.23980977033124
42.81921191172843
38.897816509182874
37.624084097833496
43.41164343933183
46.13843883650939
38.374843919848026
41.44098046234467
36.31107405162164
30.59950903894041
36.38016560014827
41.674183217565854
38.8248566453058
33.42984913674212
37.24851616245098
30.527078115013662
32.744089119215815
30.476340448897243
29.35021409647232
30.727707582221413
32.47859159682909
30.03509164042411
33.35230731351325
27.536419083002905
23.99795438858975
26.198648597266136
33.37542541732854
29.195594074746516
34.017204901412086
42.4744945567134
37.987460004009044
37.59767800262928
42.61078230889704
45.460846548293674
45.1662990978354
48.69553961773299
46.16968432749936
43.89744407897041
36.878726032266144
44.922711412496554
46.572610363799676
50.625792811291795
47.65236764321861
44.64560967646246
44.07821463104337
51.21568693912582
52.27080361751214
49.95120834912982
52.751564112689266
52.60715296532252
49.41501672916225
51.22147307928372
51.862472986626464
51.64642806293725
50.256120540208734
54.7267051330838
54.23287804956852
45.79745937019741
48.88342973083734
46.16319183398282
42.52552910055683
34.50182959719902
41.64475539424032
29.162027071679777
32.0359292429866
35.00844277086577
36.99373462645194
32.053813940141254
34.553088279869044
32.336087326727466
35.2867184700068
30.16537456405778
30.60620685038574
31.5922102310617
26.61086640676012
31.327542872471177
30.478942540617506
28.21754144241966
36.26038661131584
27.86372547353953
27.492354475029526
31.635341423295422
30.75635722228467
28.70384349488168
26.932027654838468
29.340031106828654
31.16311054293266
28.999346969749723
29.674010391381024
31.53071135245934
32.400812912387096
36.67672634834363
36.09937195203407
49.18157793776989
47.57736903794905
50.27868240807729
52.69600463084897
50.384319667487794
55.95571731057693
52.16400044903941
57.696997561216385
56.58772187217923
61.46255408358022
59.19700745723807
60.74388697368739
62.96958982252092
62.89274874161962
58.63061484601807
57.06278406723657
67.43740416478396
70.80458577114673
54.47929656216901
52.98950746013652
48.56001011501967
56.47963153877823
54.605804071836985
52.81207303206603
54.69100658604507
57.362840532039385
56.49615561876601
62.32707886110935
53.18476312411843
54.67602429367671
52.016762194796115
49.95439974920053
51.5222306416732
54.45880431897346
49.193853972156106
53.511380657501796
59.05016748732197
55.56653277760763
55.676598612291876
51.13399603695291
52.92643464074433
52.175657139435764
51.25297904135357
54.61850322751754
52.08252739349092
55.40520454460804
49.578452927530364
46.98327994310793
48.67434986631844
52.19384179865218
54.067036497934936
57.989856760667045
57.38913636505691
60.333368651888065
62.89347461439217
67.53557162665173
65.1567659531695
66.56787607835591
68.4955402560349
73.48715779654694
72.51241826833265
70.3568254101318
71.79852811687832
72.90986378411561
63.83017538051862
75.76188323005908
78.78940922131646
83.65212911172979
68.45937403578638
64.40496556024387
60.509079619226604
54.23866738064497
57.37597174165449
58.17417037801818
59.513127246263714
54.37864447100077
53.510626279385065
59.60243056850189
61.139497417261566
57.72102910893959
62.81865616992815
60.86304657276402
60.30532870775742
63.78879038322433
62.75344161601672
59.7604099120695
57.151496244745594
61.821040759541255
62.88429584713456
62.631175462851054
66.81611074069916
63.160798332595284
68.04780799206512
64.53812357214856
64.05533200854249
61.67879789827376
69.23046692048067
64.88794961399046
64.85447022676496
58.865657451036704
59.9042758443704
62.19615916003952
55.362846645012816
53.52694007732659
57.41057505102832
50.32489286830159
53.642900485539826
52.58508707657981
58.3469046398555
61.07309434250585
59.458089718573824
67.55205571505415
64.15283012491338
68.85700991591095
67.41653426559807
66.97388899642225
67.46946211617627
63.08374074181943
66.49220360613954
68.9074473877816
61.57464283575387
52.75474964966098
56.39481510127235
52.76679586709895
55.75977521638183
58.02119007863484
54.82405537248273
60.30809035443064
64.00507735807923
57.75749110529238
55.52967035677945
51.857498042229714
46.21039854814367
51.60065853202598
41.66304947205118
44.74028623383235
49.1392230922009
43.8383892021977
47.998709206217384
48.30952728110897
49.50885634222627
45.36432044936834
48.776566405706
50.82799016847879
50.96882513524075
48.73634067712465
50.97303171692834
52.15571143384604
53.244639363721696
54.07820958159013
53.03581812596528
47.346086349972985
50.97424090847229
58.6284091818387
60.75587624063818
53.5711048301779
50.023440053460114
67.11404364515737
52.23581944373667
55.54948063184478
51.80843289112282
55.073094423816755
52.23291682289492
55.214108467743465
47.08902103294566
43.530382608232436
46.63072125778071
49.46976756128416
49.97350301367002
55.63683081001064
67.96715484640738
58.216884380905796
56.33604012141865
61.309582643157434
55.74756501129882
55.74829467437385
58.57189279872705
54.52882251820024
58.68886640229516
56.07819094696424
56.39955246587802
47.7127577377865
51.90303913451274
47.19940294434285
47.50080583587628
40.535710004301755
43.580037403223834
40.71460384801873
31.758399495509654
29.188230045887586
25.42590753794922
25.48291365712324
28.026776319318497
24.893787041267316
24.991511254688717
28.022687925683787
30.630828615169207
29.885709372511503
31.815892199731508
31.967465108649673
32.122748403199054
28.08649489005434
19.441799764885573
18.81714669543606
15.937204590821496
16.51494507601383
18.72731482899405
14.149041433510883
15.573566545131627
13.788058207136718
13.834887907772796
13.517808193566466
14.29010762190253
13.642037673846486
11.402977471471218
11.544195736827469
9.258605367289729
9.821968656487815
9.013969945104064
9.256615335612222
9.047232298909192
9.122895479296304
9.743347809092695
9.298865711626647
8.952342098172807
8.861419028074083
9.114165117303779
8.697420048316205
9.190045229567088
8.754426080313282
8.692703979841896
9.203370635749293
9.323936784522507
8.909223153581362
9.312116676309873
9.254307017290644
9.122841037251902
9.158828344457145
9.022804487910113
9.455047218829202
8.923821914628267
8.922942837689433
10.21138664438703
11.000354108583247
9.701396547715548
9.267432144645841
8.773653718620773
9.403622213996435
9.456637013677012
8.566077819605775
8.898890487933848
8.959794159937282
9.42173550039844
8.860575445949353
9.221099786969857
9.53750324747003
9.026454165623129
9.162774047994706
9.141277737283467
9.657173600364823
9.97412866279294
8.624445846026054
8.906416912364213
9.524577274943331
8.64339207912559
8.894220248065386
9.063948694924267
9.371649144929004
9.04712444180091
8.867250863938681
8.76631503323228
8.941999992818953
9.235928551019803
9.259896375615424
9.48262064139352
8.853948454061342
9.081808506697827
8.73156237353602
8.607212627123689
8.997062303546054
9.274110488748143
9.675594469971223
9.257726484880237
8.876654706128383
9.069179768858113
8.855919141400502
9.098078530280901
9.151364400045843
8.886680173617417
9.158184239188767
8.834480783931571
9.360016953886058
9.113032101189436
9.02998568026147
9.070339224292391
9.116537352663055
9.154730909099031
9.001448571090135
9.935626066694658
9.274440153025996
9.426385378636697
9.259182215469409
9.76949294058856
9.666541676021605
8.868543917119794
9.378112611735343
9.065735415213188
9.070771791860473
8.756013124607442
8.955884660898217
9.529623837852993
8.602155023087576
9.271231158834714
8.882705307694557
9.299349788422361
8.821136157613973
9.147444851299756
9.146318289838048
9.222949058728034
8.814082691460595
9.826325441490111
9.192369532156203
8.732010821634859
9.393900645641898
8.855324898166515
10.014054736983784
9.186095080815674
10.356442056152456
9.252822412140118
8.762602126032785
9.179994907321337
9.398380971461362
9.890168791070122
8.895187328351971
9.516462847162835
9.585892665010075
9.309000396912223
9.05829792924065
9.37417445369751
9.391456954587134
9.603097126586718
9.723558080051967
8.610680869375695
9.228458817815843
8.352404261033183
10.162543336987058
10.673322483035744
10.679337643752378
10.429957613406962
10.19312126996701
9.821299008004376
9.20478207703137
9.515306491886173
9.732865033588062
9.186304861482574
10.1571945441772
10.233815342916557
9.98333808361869
9.79407622826022
10.32556982117133
11.12676354749048
9.80513015869474
11.554641131444049
8.901572555933521
9.566247945741823
9.648557191985002
10.498266045980673
10.360068984787409
11.206224493383413
9.343308123491422
10.181064999791284
9.554936342618875
9.021980082595512
8.380048807594042
8.878868097419717
8.943153597498386
8.783593817945246
8.664274688128193
8.823534729343637
9.623185768704813
9.080624070072815
8.994375779723216
8.866022811731673
9.137586956948377
11.131153865604313
9.84595815276967
9.43561358664362
11.367756141164923
12.10581337211964
9.102188680893299
9.3238628995108
9.347832761665186
11.430862441870039
10.661715353628818
11.459352563956912
11.232190736881638
11.125434935555585
11.413850322410571
9.75088361216675
9.317462412972981
11.134994468631097
9.917441816108726
9.730880345863682
10.084645611181198
10.003260238478859
9.580104424548098
9.236121840737017
9.440715647197734
8.9289157169744
9.323493806290173
10.597977811658248
8.76142658603006
9.472010882566268
9.080429233491602
9.700678756268736
9.879934279534021
10.435306865439872
10.032022512097134
11.752604225377478
11.9821284683217
11.623403186376681
9.67962107546627
11.101228809547235
9.517509507126915
10.734379696308284
10.38570106620919
10.89261104786355
9.895297087922005
10.20825228290776
8.998397438579499
9.741840372545031
10.89031842887395
11.329909147362907
13.60138609754954
13.222910317116153
12.951037915950103
13.224624549136326
13.904707458654311
12.955241110561976
10.825825952974613
9.359029134393852
11.16648389843271
9.902318712012303
10.182732486619852
9.496346994150953
10.241801294284429
11.655804092359912
11.18416160907088
9.191939723869758
10.434784002763193
9.708093435398295
10.396641837307458
9.714837862096761
9.81279231048248
9.847060481944725
