54.994087344834846
54.99379719877137
52.01247955654696
55.48242279715851
59.15015998717225
58.30523703425568
61.46359250389111
54.584482240598355
46.60027663072702
45.645112171017594
47.69876480633667
47.088597742919404
39.37289459593786
48.4149770585571
55.95586163151954
55.67476868330927
54.28552598466536
58.796755845354106
52.3159202803314
59.712785662038755
62.103580807263945
59.38598250679402
55.52908992338526
52.1293354135815
45.39943508592256
51.302294485169085
53.04053953779143
55.75565076100379
57.634175732186
55.62177316028311
60.07455362773355
64.78080542709665
63.575420109491446
68.25298571071237
70.75067047787942
67.47501456051445
66.36453421235608
66.24750036443831
68.52087502220657
64.29594175958161
65.43104926760459
64.57478735521487
71.37806137086454
73.62826630837915
71.57421399207745
63.85816426191951
62.21500538464975
58.95780041473761
56.5216965335809
64.62854377314193
57.89241886259455
58.165319195438094
64.7133835155992
56.86049853739742
56.14350777984759
58.88241433075687
61.39931742588429
57.755687602945656
55.14078023549965
58.373073081487775
48.63671686805817
48.317282908850224
48.15201100911839
47.639578100124005
61.40401745319277
59.839783416917506
64.37635121783907
56.97295671313362
52.01602129316746
55.4515905193334
56.79418468074914
62.751228972043805
70.45108144388092
74.65598648804168
66.91268695180187
60.0279734894172
52.02774129010829
58.55736645257507
51.721535239740795
63.480909895705175
59.97821592572177
65.53485318880755
64.01060543787621
62.00599241413692
58.76124261909946
62.65108725520617
63.72998708730033
66.04318413436863
62.3883636609382
63.78499198883304
59.06504164640675
55.402792015474866
57.94935211391597
53.83276666450822
64.11786197647146
64.11444204470739
63.797440791474145
60.663589434456455
57.57960705367373
59.66245294355482
49.179320395017676
52.37205461615643
45.07140440064264
44.84309053545278
45.74234125979129
45.71870684865955
45.1165491912735
44.40755932935354
42.451005001801555
46.600301509910494
45.21323732705033
43.84816555855526
40.69814206470058
41.42134853555771
39.28040717977593
44.82541052984127
42.11716573413447
44.60843091979805
50.06338698345277
51.64958240675413
38.612771758349666
35.27020469776491
42.21655233296269
44.76499417327179
40.22718026350478
41.9820699678566
36.237313349928435
39.38957007252547
36.7198668337855
43.75886305664862
43.876367512440694
36.52281004624357
39.53299549839278
40.51879558746866
45.07435243873229
39.88022198479952
42.56242054977534
49.135339776913504
44.88626984221537
45.79189145056209
44.391187175841154
45.79816967259227
48.10776443377538
49.04239353696419
45.4492802909232
44.21340379334819
39.16381809509158
39.55957455322719
43.929102149944114
43.00399968406893
42.198014463942236
44.68216706720556
47.57856679504437
42.96039667965828
42.91301841582055
45.75470505396445
47.84734647639784
51.75947768355768
45.49310410072426
46.310518791187725
49.50557394079912
53.43326299793132
51.00266205155186
50.650566440916535
50.837855448795146
44.49500534860863
45.345005799889314
52.12456700265267
47.272201533497544
48.579468068408175
39.83779962915881
43.93464129236823
47.23037434940006
47.390946478321446
42.62081645040658
41.98988480045804
39.219770157260605
43.243355071161865
43.279988392027455
42.05057390276343
39.916955749891905
44.049686932902844
42.66571149626558
40.45132326298472
47.38188877573631
51.410389083438346
53.614662060564825
55.348835462134
48.428077034454255
53.48771909302279
50.15636328512911
49.95434567921591
51.3397837696037
52.74807281450061
52.759353265994825
47.128393904962564
43.63646291346064
40.24753146990938
44.079088377217744
50.00500562677687
47.1697574368298
47.92810272750727
44.01399866945454
41.390201407965954
49.777269425713335
45.269938804958635
39.83006339435694
40.01307222276848
44.44477991843794
37.817188900607185
39.543006137062925
42.425261120745894
35.80512440916009
32.46767477140946
33.830401726186615
36.78500305403638
41.4894884908263
40.00694700124723
38.319856383991315
36.15015244895074
34.77854828783952
31.730296999549466
29.46727972819888
32.684764656077895
29.61054170732439
30.174887522072357
27.54143786770131
20.96704999065314
18.802701982141965
17.165818210346966
15.549052582669212
14.897792876466756
14.169682906267512
12.430013603463
11.052508469449835
12.214695615483675
11.969175214032417
10.96682467360046
11.475819921507423
11.871520292247585
10.705090320465233
11.31748654195219
11.049193105653838
10.819363154224853
11.19071251694645
11.920088283745118
11.086796209353626
11.035972152805053
11.524049656468408
11.556672142054397
10.99460048760701
10.939661047961714
11.844884868833063
11.154399878387606
11.450033894210135
13.378807545336652
13.399314171252568
9.917840032949758
11.647424904181394
11.691057299750929
10.054151823811488
9.909670912051592
9.582256129250558
10.522032305032264
10.466033203216373
9.587628786908498
10.869937477072035
9.575932200002331
10.092469316493995
10.100473175347897
11.437315409756547
9.828041849110699
11.324501445247199
11.452225610499926
10.55485345280417
10.186705707839428
11.51985399900494
11.087218322404114
11.783040826972494
11.094779876495613
10.61920811791578
9.75414717844538
10.049742985652808
10.365863861053684
10.195792040296174
10.342980973836289
10.624353468165449
11.349994134293668
12.531967108797119
10.697711974409042
9.975493357646018
10.644918032617
10.529963126607527
9.711653146953687
10.135674973642763
10.088971343187144
10.517590231217305
10.405330670942012
9.983333772257808
11.024370869313449
11.128314334979741
9.615432575887187
10.10364117669513
10.194698035761144
10.037005289644227
10.76355767945628
11.51741398282398
10.196923778684395
10.530076157327212
10.730810854216736
11.680946771614291
9.887227905126178
10.128483739956708
11.572950175642461
10.431906339037191
11.267554262741054
10.928813031703893
10.922509895275713
11.359914123414644
10.216461172798912
10.057219839258105
9.906567445016803
9.591546521623853
11.03612087317449
10.119218451038913
9.614833247578515
10.735574765979198
10.248383769887589
10.723040011837607
11.571432953604493
11.272418977652872
10.386636223016346
12.080389620878188
10.698471979651552
11.764669305994326
10.279033027568838
9.66694218935507
10.035460606811418
10.804281621702943
11.607290468575556
11.542261276233132
10.226880033813664
11.671903140225513
9.834294150390615
11.586151635023688
10.872499643586007
10.964382206823528
11.414477128379954
10.161964900216434
12.440861452239147
10.779055040868359
11.530904820777685
9.855481073770864
10.629229256638382
11.004543216387725
10.932505499207036
13.156066723456414
11.968466386612647
11.484721352328766
10.399231707368065
10.536795850297711
10.237453933347389
10.506065830089641
10.57145490419161
10.27280507294205
10.748228297104749
9.858065017679603
11.344487820726648
11.734424039128555
12.196557372072217
12.28327116360894
12.233187139462435
12.192632236253113
11.341252515987462
11.076718570427321
12.460824812432165
11.659946799699657
11.59588430190741
12.440291745797659
10.405936559621434
10.84815083283904
10.740943828585005
11.976339017424882
9.795924649082835
10.037380137095349
11.525364610465475
10.025199678992275
9.916332858283354
10.914001106239215
10.74768704556899
11.152745719806173
11.90979275568813
11.225924435232033
10.780892511008929
10.253914213085205
10.851528458545582
9.531399736662774
9.93940550051559
12.598192970104739
11.029360586559338
11.317698494414934
10.571884781947256
10.457303116948191
10.025097376112289
11.359594238928373
10.642086822081234
12.658713915264816
10.245776438911545
11.3799526091108
11.431366244714152
10.725428634578734
12.471919908796085
11.640738737020639
11.867308395198382
13.64252592507382
10.895763678497827
11.38056556062001
12.872811347714116
11.46242513108134
12.125827200237309
11.549156121517774
12.417696554640637
12.290278838629435
12.013399656512982
11.01064411925113
11.122985092826362
12.886694719852501
10.19345603665625
10.886760934101106
12.534974315416095
12.107672496614303
11.693821079552379
11.385166453239654
9.887583614106987
11.06800015083775
10.101562167391787
10.714086891206671
10.97304850939288
10.85203695384661
10.478083828805707
11.487497665847453
11.68553370286731
12.425449382320823
12.300730091650168
10.186139554924658
11.303681307225625
10.430205850449644
11.497117236057056
11.769556663807156
11.574049543197397
11.698680183911911
11.741855021000786
11.815185513944343
12.000008955044596
12.552562524240422
12.154844935132605
11.767714593218939
12.631432317073452
12.785539732163672
12.245375801524563
13.018585917552805
11.931680088834407
12.524612380442367
11.623552798719453
12.816101753660417
11.8025503860467
12.346209820595057
11.527909058215348
12.9871556727715
12.91177281314922
12.140441923445236
12.44034681730231
11.795123246328549
12.041749545447797
12.124195380037417
12.537190271423539
11.846658504916611
12.223516296409956
10.401969280332168
11.05786416597714
9.94061229928885
12.120199425079347
10.868790614598499
12.050980171838843
11.34101871732886
13.190911230863497
10.579587063836126
11.77955878333384
12.214646004473856
12.007281154238148
12.568068015337113
13.024378026947007
12.611939169446789
11.784786347787099
9.712799840239219
11.510094496393574
11.936337318710914
10.388193320800427
12.527951697357068
10.465772027811315
10.763683406294321
9.893898776589106
10.146173976429923
10.692143710823535
10.146767033900879
10.719529169096486
11.360958864521336
13.306325675472374
10.918150087396846
10.074321444453123
11.15806199507419
9.448507320955828
10.18227397564537
10.201438473091281
10.004240400681178
11.29864720076668
11.22163306188243
10.289644944385735
10.28968012153265
10.50631041851183
10.279615997535997
10.7360733041126
10.875941611667905
10.033261567220253
10.49854959694353
10.039816801841093
11.090535015229658
11.969007982225843
10.156393911902848
11.30926192322853
10.182885464615666
10.054587198285063
11.259227777393834
10.19764005029745
13.246071162732163
12.746788914869414
11.697508895285566
10.469836931024094
11.280807337184095
11.083832635201242
12.167852635570698
11.735171136038522
11.346512492275764
10.90304817614241
12.124264251151727
12.77839144273477
10.493863489475403
11.598637954529888
11.120396323677145
10.65251724060078
11.804565368122805
11.996552218556978
12.835012384070309
11.22891324008262
12.457811132460458
11.441453672653896
11.73770213732756
12.510193008763679
12.131375836840496
10.27986949459366
10.635197501588967
12.52366194080033
11.080763094959135
13.291435546375096
12.659494438434354
10.936976304109592
10.933052001800784
10.498994226183335
11.368928049990814
12.041994941323335
9.553553182428617
10.831631699643196
10.883853274105602
10.216311322536619
10.485357684145596
10.324851641172335
10.14678176743384
11.902842282751795
11.437441673228538
11.223889235411658
10.115407693436081
10.277401697299261
11.96261817003807
12.2748494810339
9.804342462476331
9.777526051652298
9.961924616980601
11.748747197089884
11.326547978946218
12.754981259272395
10.606727377927953
11.51923910147665
11.734757527655965
11.101692653729666
10.087454154202833
10.824428107188181
13.233677477216483
11.790399435809464
9.848747523795913
9.66133257198942
11.526216860254944
11.880465067598253
10.171507817937012
11.341013010334496
11.688508083311174
11.624620805672203
11.973220374861759
11.519536344001757
13.099409608708127
9.976820489233527
11.41378525083308
11.67402112858014
10.496546593490823
10.196293230163834
10.122150961392718
9.941091685115746
9.713166579598866
10.228710332824399
11.721270532569141
10.170596190694901
10.006137448480827
10.409349504082225
10.452126797485185
10.111304767388459
9.771902014165594
11.217260145591794
10.095082823921196
9.875430810892855
10.022606702087423
9.809585315072558
9.597688166232833
9.745156284195797
12.0243363392376
10.331578320597586
9.810742943169416
10.522765258207547
9.787756807708057
10.675762854604933
10.146500077153865
10.079134617240063
10.39437107719642
10.004221099173066
11.527107348077674
10.803776802737657
11.885870171673586
12.401227725461567
12.150284372746286
12.071077040702201
11.727541600122558
12.5422120315419
11.16603839837295
9.640769735139013
9.92496530696632
10.425615000872938
9.873069225341341
11.247299318773043
10.425296081437471
9.827182271925368
10.380987987127842
9.823304310747508
9.771465040497116
9.888099090600601
9.932823033957533
12.388438199493997
10.816790146965312
11.319918701742825
11.126729027475813
10.156648084327111
10.24024874777378
11.331546435006643
12.134499946667262
9.511012152517953
10.029154524172645
10.520997549249708
11.053837630626221
11.99014967009798
10.035422085196513
12.115940626292872
12.685404346757693
11.555115769954027
12.795816431922923
10.203236369355263
10.224904859821752
11.829578016573679
11.678279313083113
11.127668548847632
11.822311112117022
11.827883641095776
12.18463359615321
12.964758980807792
13.066141947320167
9.940946682538385
12.313202045770655
13.553917772990175
12.223356915263073
12.3891303562691
11.593586554503032
12.146343884851936
11.820646008207921
11.978991542382765
12.543387773876965
12.378683464407212
