27.57730342310493
27.57732465768584
18.871283770629823
11.354981750042976
-15.966429737727308
-8.262750071359006
-37.95783950006119
-40.48503779101051
-47.147125936876705
-39.206578168282846
-39.92619470184279
-26.88762557099266
-29.80540722085994
-27.362507716791985
-27.26786144610342
27.745734019696528
9.280005509223857
19.570055070317483
9.399013692805415
-5.836648513760881
-23.16994581128008
1.9783182536259918
-4.378121375301545
10.221686698234969
19.076093383127343
-13.855940780612187
-24.313595779192887
-28.90879181566644
-26.55295389256458
-27.367919950909094
-15.469801168909845
-35.38283715139094
-38.90337480030383
-44.631695710395554
-11.456600413186923
-12.040373991429568
24.82821771910159
-24.0612474585541
16.877837148715976
-28.2686464939409
-18.702763162555826
21.26500167044711
17.77185969550057
-35.2444031688557
-32.12580895215057
13.035184330924665
-17.71283639984885
-16.00889965679966
18.264128145483877
3.4883632199423897
21.664210955334138
-9.242014226533897
8.197709432362872
-12.836386110367567
6.837777906635128
-8.223149957936052
6.771368256535426
-10.091211928297017
13.58055519834182
19.508045333358247
-8.923750358285824
21.624348098345106
-15.870888632510168
-13.870952262353748
-16.28901789392933
10.781432224879994
16.043747728175706
3.518441788324827
11.510901318751744
32.76948064255458
20.273395530148335
-34.79843775711921
45.387796239651685
-13.281594112193067
32.30946208900333
-40.04095741002097
-27.1288208704473
-25.508020428232665
30.423785493984266
37.687623917398064
34.81770898928836
39.81181753557898
37.401708678142576
26.95167413089069
-8.904450565903348
-27.515590727384645
-41.47772825471533
-52.95245416003967
41.50156950262291
-32.61331791981916
-13.242529110188558
-27.79958646621781
-8.753784298189462
-19.40398281675165
-17.354179921902045
-17.887516946079746
-15.463707690379582
-18.81933601979856
-6.211779863140578
-12.048780279538239
10.77939198989387
21.438334172558488
20.624113641002847
26.574037829829702
27.939461792649574
13.911975454905248
25.56182514996213
22.918335312223295
20.747176025503627
25.95674870263057
33.508496831481196
38.18897610567606
25.916355215045453
26.274684880040727
25.122857486173483
15.264774483980048
19.63575364391785
22.361461665894215
-23.760235468491853
27.87636176583335
41.375844410600095
28.99006440381278
43.80896468013617
64.20966783715134
54.15472190275546
31.604353918982653
18.985804664276053
21.441711020850295
-35.60549022193434
21.450947982285026
38.88688261589032
35.842119971718745
33.24378994500606
45.25150647941577
26.639653044411048
-34.13803450416001
13.338336084425087
13.97987294371488
6.330012364946624
23.000508676531755
16.02813674241388
31.230771113319776
17.040334469843714
21.91425241147033
23.716867536584125
18.90050966967928
11.699027318852783
-7.355415201386352
12.504779097363334
24.55249977358993
20.709871426182996
11.329023540057888
1.044328526098768
4.650831837693131
15.72774974694453
-14.822195588186478
-14.326754318539011
-13.91146313880481
-12.544305774703817
11.01327752137969
6.270245883085877
-17.658363839267803
-14.612660082481865
-17.048681665921407
10.050172108067166
20.374799692075825
19.577837672656795
-11.549560257556054
-35.12144319309894
-38.920049857884536
-31.476028938064402
-21.86501037686809
-25.357445624255117
-39.260465258513264
21.644413942745725
-36.002352061773294
-22.969214473971807
-23.135289280043704
-6.5086614268070555
-22.028171850085943
-21.363875660556186
-20.42574960242505
-24.114296134133458
-31.6962822605076
-43.9154558729785
-20.302443292433207
-36.62489942107615
-43.898801650677925
-34.996370187437265
-20.353642123190397
-2.0677163652835655
-24.24615862981686
-45.56849863286892
30.103584959133507
26.784818706556766
30.642110415357937
43.04043588970573
43.52689231684205
29.42619804207419
11.014227838721206
19.657183600286636
30.17938750113439
-13.642946047215572
-1.549865983149666
-9.58544632834207
-17.679504398091105
34.658176429799695
40.32947908639008
26.303030717601498
14.701649146250237
21.382288827056602
33.221651589309296
24.918802990767364
17.563066186998277
12.392769603006855
12.014814920421465
-12.749258466159796
11.253668897302484
28.91942228368228
31.935726757475475
25.24914751005481
25.559362493980483
34.72031653936982
29.45845224863239
34.31986133746981
16.202460018657188
10.234635978514264
-11.388508603707592
11.411327886170188
28.0127513284057
38.39156753658547
22.399342373152567
10.491974748472916
10.640945403332223
25.821484650835224
17.35177687536905
9.047477913285705
-14.476700087520209
-18.887013251793757
26.56977013452619
36.737691806508344
14.428140763547944
13.917737754415862
16.944683010467976
29.873928284521547
32.04844542693606
48.56060897507539
31.745744575725222
55.765019957221114
36.72827380138999
29.753735858516958
24.207033583536784
17.970996778668546
6.6405608510483605
4.793510358728617
-16.198425017003494
6.551519048020488
24.36574722818596
-24.042959617269087
-33.698671208600274
-38.423420912235514
-23.77670191047028
-22.981720938172348
-1.4639400025022016
8.511419803578384
10.966922762464838
24.335715774634924
50.39272520146026
22.261508104672835
25.75686124074714
23.500609604987194
28.520720364459905
20.804850580343352
24.676752310933622
31.936943330779908
24.54825536034643
7.403806768766894
28.833112992478245
5.713286894045454
-24.46144355513238
-7.042612265457847
15.297597153508807
23.454305966966224
29.965834490731417
32.57397958136157
60.234776888455485
43.01197551538095
47.826175768884575
53.960013915566584
38.1695328279626
28.52238143458383
34.03757341849235
32.00324209200226
12.139735846158768
13.519040312252427
25.568805535314475
15.548340050438537
16.93603645615805
30.56698438403373
34.07508120069891
43.04734631444867
25.904002038218774
32.159678680745166
-6.731033937607242
6.792570197369805
19.135355678030102
7.995235750234089
15.11086149553833
9.643153659215823
7.375257132435162
25.388670824194357
49.115543692402404
41.18136174850984
25.881600851838204
46.69369252484552
44.238638157287994
56.009349653296326
52.40259951678967
40.17404785948367
28.081950392826798
31.730747884366732
36.026450593878444
28.58224304421937
27.15810654180856
33.559738706060784
23.3903347013032
18.096521278142056
13.285683836683898
7.167775992198419
17.011651477611462
29.81200298415795
41.35705387405787
43.680778286163125
55.73109847015686
49.03669536149831
56.52046477855972
37.38566670817851
-22.61658120673103
-24.93427531075406
-19.49030685630347
-17.690330172927318
-13.549503434875119
11.937606988671229
15.193355052323145
24.952324536209737
46.25456530493266
49.4661748276669
34.63222795561916
35.96815455703867
21.50179216280138
36.55742475834898
35.87054658387875
33.44954083957782
20.746888796423313
31.687507424230677
25.6716591376659
24.06898445634623
61.93367487385472
36.914481578676
23.64828545369229
8.61372104166187
-8.19349411940647
13.187203694683161
-3.12846146125136
13.913044148577812
-5.976542895870234
-8.65896530831715
-10.141397216738907
-17.377499334505366
16.22971465703751
15.02851947382864
19.554154534041466
17.655835904329972
27.344283148787383
25.31398743854525
19.974985529104767
21.773094545480756
-12.74392931907642
-11.65222219680698
-20.036953183658426
9.706393958182952
-23.033803838011526
22.269979370229205
13.646797742948776
27.407404499810973
-16.203913943599698
18.769776505214423
29.808847141171146
20.216945409784273
21.561944773296048
5.8775177091992035
12.840516292492644
9.821105002185632
21.971901994254576
26.53780030766516
20.045487795906194
36.7183269121822
22.304431536756695
23.61848031098249
33.833554047637584
18.17126763042551
23.116311111865336
-8.434766686491155
17.418522243544096
27.946304806797034
17.612527629076926
-4.707580107830288
10.50198563300932
-4.892674717628508
-16.27902927909699
-13.741391844760876
-11.179792663247527
28.089473913527105
-36.915616012601554
-30.605938339550068
-34.88057405645903
-47.001323114255804
-42.19168315003005
-51.5392752957075
-52.751528772827676
-23.771176559080526
-45.096147953715565
-46.12555928256085
-48.13638938565353
-51.02839912467817
-43.361993722640676
-54.1827459443912
-49.183657754023955
-57.73890083381746
-55.79813243209379
-43.93817835117717
-57.302731889286484
-39.21295232140107
-45.95790461741281
-36.10134039304989
-45.19688897909365
-27.48795834041943
-43.63985856821358
-29.76554875254392
-18.6666732390181
-20.8158593369702
-20.63625521570574
-16.489579688096036
-22.642659322915524
-6.322017610588285
10.274336629074227
40.76583518128893
29.76624178248227
3.044749638646489
18.0817780444381
25.895663483994333
-15.36342973035209
-25.40303379815533
-21.18043656088673
-30.602223409112685
-24.78563364935728
-18.644081335847662
-16.498180396061507
-12.977854585012288
11.447120427982565
-19.490644739061626
-25.84698255442308
-19.46457842042855
-13.348294286564855
-19.722828552480568
-24.955168711220956
-20.304866805401563
-5.676557174929003
12.53168792104215
9.85123108965023
4.365693240271268
3.8562593263411498
-13.33142092240398
-30.42845083686833
-18.449353812010255
-14.369382189103481
22.152004316691475
35.019786703536376
42.10107589491162
50.1111890137669
50.89882667862218
31.84713814507072
31.891521077872472
32.07109213534026
-9.615035145373302
36.23477593803409
-36.38496863130528
-41.22286516772713
-36.86581028338985
65.89744130915217
32.614329308663336
39.88794221196972
38.17351337951298
51.4491297938047
-46.22918854335729
-28.59818670452403
30.69770242828193
43.16918688711709
62.63408152280417
-48.41236181844381
58.049722302613894
52.566563721716264
41.663309366916586
57.44863293358854
34.29510495606972
26.01280829763353
38.65797924416169
37.811140840343896
49.818426957692544
58.59195026821578
35.78579790522274
37.92071115547433
67.27516179679947
51.35330695919152
52.987686692341654
41.718278584548976
30.63500422637086
39.32040459399732
37.254766446412475
17.889484103205227
34.06914425951382
10.025417051464764
18.89205082209776
-3.080343808551138
-7.675610766686727
-16.696698882570214
-17.720955172139753
-43.03816919746395
-23.731941929361888
-10.580284633785219
-28.297711880762563
-14.703620256566229
-23.428652185308163
-26.786153691234386
-26.150704538979273
-33.53751920585528
-57.61485890355222
-50.182586715121914
-37.95474679176845
-44.34405666672391
-22.01499136442365
-40.40782523067288
-32.86524674641109
-49.09668980846617
-51.53740757117469
-55.927290008987036
-49.311120392879296
-66.87951820877443
-63.71724379800048
-55.90270036119535
-53.512008092899144
-64.00403621056947
-28.872750346033932
-21.310977222680286
-28.314635781496015
-38.921566974707325
15.652147631410758
-6.612648212445405
-13.958959255263789
-27.81995408360821
-14.136198252014022
-11.423586349263372
-26.2320013124746
-43.78793218411786
-50.88599808170043
-45.65741551442837
-40.9715958152824
-52.71318508215722
-53.52427202527267
-58.011913995236064
-52.05844737384849
-34.0842005517097
-36.21411835483928
-37.84012166771043
-32.313034537816804
-42.73730114935878
-12.979176726877485
-5.468028798789781
11.946523706947826
17.146128097725963
19.94674993286474
24.378756626996598
57.0385280847836
38.42581544500276
46.053759773634646
50.51993267388312
52.151004260530165
36.31043509056084
48.24624308606704
44.56199190989963
56.25782444665081
38.45992625523143
42.32829384553625
45.64476216343618
31.228549644307368
30.699098354516984
18.08198987225334
15.151235221319945
-16.7303156268347
12.361517128017388
13.73279417157305
12.534980338275153
-6.995649166110286
-31.067270717683733
-3.5324638164226396
15.996693223587384
-23.740968259701447
-13.721364995648553
11.355344552507296
13.581446030736565
-3.8261303622709706
22.19601226514278
33.909018395052406
30.570266642544567
21.459427116498137
14.496048636575068
39.13392643482959
32.2203761765289
18.500484270096155
7.559013982357683
16.251865325819285
23.382367209130113
-20.95811987714117
-38.05748157078387
-14.501213507258164
-38.22555593445341
-42.08468542948574
-40.46600861948493
26.09269359231226
38.58179356582438
35.338370215404815
25.355392054653166
31.790043661523203
32.55368070525945
32.0021689446971
51.652096725891454
56.80506098076596
33.478057531212954
-5.571987125876392
30.59522436611833
28.729144929972332
50.279852528363705
54.682709620172076
44.57286003738915
34.93648129840982
35.12204987544865
29.9825872537413
41.34632164943917
29.924917154249492
31.019134944914356
31.817988000544034
34.27053843471358
20.7633166025029
35.47261230758052
40.38088643677614
39.46884673010767
14.93039876343534
22.413963659603297
16.312207730457423
14.441560207321713
17.776224921580592
22.020034397236003
28.970498574447888
-6.002107359701482
-10.681427008587042
-17.12054219388819
-20.783351374343162
32.650210186260765
-24.68559722039465
-8.98473207382661
13.820482252559732
40.081329308413785
36.62970572640088
52.27689779481931
-29.84072701162846
-35.448661168141264
44.381076670577244
40.617796125823524
49.17376790975344
52.51976174077541
45.58071236924959
39.49049725900089
29.053640281600327
22.47225670963939
52.77785398870443
56.946483232216934
-31.180597452722765
-33.382611446626484
-30.79432305370375
59.178464190200934
45.458358761592194
-35.71827981877372
-24.114126193089596
-26.69687217296037
-30.699763233177602
-14.615051531984724
-26.322623191350573
12.82433011616209
-21.094950366744378
14.965052665160792
-17.673838455453236
-19.929673577367065
14.5716341136447
17.9796661761474
7.391286935298191
19.67908322209498
19.672059697156854
27.67600153201589
26.83255739885194
47.775488971879795
42.27363339877446
25.450252438947437
17.66793584255804
14.137744343092814
-13.282854650418917
-4.704529810074298
-8.575653942717047
-11.689576074876063
-17.53926623614979
17.248693981061397
-29.60801774413649
-19.1130981342485
-18.788168633184764
-23.478826838318724
-10.282677621947721
-13.36185047416832
3.1751301703707457
-10.664557781335594
7.983879128427896
12.947493287776185
17.948613044451264
21.89881410853423
-22.611334737894925
6.379499700265996
20.537060771805038
-42.160453990327845
22.84495335789241
24.431611707078233
28.68875872441235
26.423533648543795
24.029364837208917
28.956081627516035
17.419831978468554
30.53782564565125
35.10686539541081
36.46271418738766
33.762808933751835
28.723720629071707
24.802141174768675
14.663238176600467
-9.863391159212993
6.090516710792906
-27.501064365364776
-19.250501741766787
-25.4392035628773
-31.377070272831396
-34.82351019040052
-26.661420462890472
-37.33910892281731
-48.0126703846332
-14.270815575663407
-22.8475118046982
-29.114746378005965
-13.15118446572503
-34.571251101407675
-48.131275044965754
-12.325396746223086
-29.08419985820341
-24.906919788014807
-20.682680800980275
-17.324052602559235
9.504921963201655
-13.788105046503196
-13.927544365748957
-24.41035647491705
-31.422339230356155
-36.14048428057488
-31.453113194978748
-16.994752327920196
-14.260443911910627
-18.435056094839744
-33.76794768122534
-31.024631206997448
-33.129146915059955
-44.309728601156166
-36.843898642472745
-27.387195796350976
-34.032631880890456
-52.976362221690984
-54.162922781210135
-56.28403694871179
-38.405780158775784
-43.299308363749546
-40.185163415372415
-29.193217001284392
-31.378177485508534
-28.42949513754352
-28.493238532984687
-22.13922876103987
-36.579784009462784
-17.457886876040018
-51.87387115923488
-42.79621784029081
-47.55898182123489
-43.95426880994807
-57.669938249032775
-43.26171741074624
-36.48763373832496
-45.96043824076908
-27.3182111470229
-34.8228993934622
-20.132659784318026
30.273357259359646
11.127222666783993
48.3654515369447
40.13410338510686
32.77769624920673
42.100440021455526
26.27349279574866
33.576074509894724
14.84156436420398
16.83680747194807
13.757977862674865
-12.121711178510674
-24.258131680959764
16.646782393563427
-9.240630707007504
8.875199075667783
-19.99294098805737
-5.538661470994214
-21.867726742938277
33.192438180782965
29.64313337008146
26.44584946279395
18.309524142222617
19.05894147053468
29.460465928994775
25.81276777959072
29.40047504266151
25.39271787685082
31.881402945628174
19.546615791876366
21.800819024012736
13.405181832235035
23.31831034361206
17.031914789597977
15.184884797085484
19.39636627758638
23.299071764867637
28.74698013799225
21.590962341585012
25.274604691306987
28.40563768582517
15.82467877380934
21.774890953966118
23.946603407668423
20.963846968578938
20.88741899360046
19.598032784624174
18.358149526080606
25.570848741039725
18.26523835969737
16.40401035669164
22.992683211454104
26.06278304371001
29.2535231282065
20.187233525939774
22.23592680043272
15.841166689650096
8.209785874670633
17.214016991141698
9.271614291195245
9.804764124697018
17.63746292987005
19.314790041869713
20.758986427264645
18.086501863058732
12.357803629533237
12.694337608439723
9.877547121569648
6.273923797763644
14.243622647163434
15.118241204914531
14.967399847053667
15.998056178877134
18.68227742917115
9.52785400125015
8.880509253699103
9.398912076285518
18.340189849928784
14.794088869628078
12.206556970820428
12.02630211793274
11.792510013431375
10.601443509130819
11.121239069471002
5.180632593455283
11.368815612983404
1.892292218999243
14.414808354156712
11.89060878968601
15.532473727264298
8.645047512205172
3.7915595394116286
9.794983388433037
12.217005169265859
5.552854898987087
14.415546057291493
5.947460085933515
4.361521033296226
7.379099248505428
10.361705059093842
5.627556489182647
12.997870046966169
18.03580398864708
6.414131360845987
8.314061114349858
10.041077984710837
11.853444529022697
9.22758763162248
19.1344685879685
24.513115024971718
29.45245382187599
27.477271316149828
23.728945149802534
28.82647028799084
24.966204082370595
32.529717374377775
26.45617356559869
28.95737310796031
24.41379349278781
17.326047347898694
23.800503245190992
27.67769212605061
33.34024320011845
30.60981058653451
30.794179444309567
32.8949486469272
28.25597398368381
20.725415139185884
25.914136630787745
35.015459605271275
30.734603653870245
27.680564529963814
26.656068403635835
30.58644094921464
23.181586552017663
15.35789054718549
19.317003294985938
12.496947320722272
17.688512770712023
15.120739199096402
15.73351749457859
19.04683165172531
18.263230907051785
18.961867189265085
12.93197903081305
9.7309807976263
8.290192773423653
8.044433278028615
28.8448310339373
33.567292793193666
32.99452540834783
31.66599970353947
30.57826881077793
30.63306076954253
33.85688112131865
30.268501330442568
28.40799489002367
18.397730360016183
11.717078111916322
0.8904802648617235
12.269499140296396
12.949759439348291
18.072627298267182
15.936633198721113
14.090339253570379
19.66488195634051
14.777482327127077
14.306545927688655
18.634376655412005
19.565952298045087
20.60612726603758
16.394610363397096
22.488538831476248
10.744811973089869
7.362622985256356
14.83900880022299
-3.2366079128232745
-7.584921174989364
-5.367076498291214
8.263937524117557
6.966683951361669
-10.262153200956671
-11.929258240827554
-16.092943519475348
-12.24167168595138
-7.154188830674504
-6.011105241390193
-8.881689912275279
-8.35338258698275
-11.876729336992508
