27.57730342310493
27.57732465768584
4.540782674963759
23.39238979965047
3.187552036747614
-8.374758232503261
-9.733269201038812
20.96256539469617
23.84294461356479
23.59992414736098
20.124757175016665
-11.80835272337277
-9.327869699535606
-20.66539956757307
-29.494397933918183
-29.820454128427397
-40.75286729488412
-28.19895348424368
-39.817486385874076
-35.16397920047255
-22.969604033891283
-36.536340897724294
-5.847506182979608
-23.18238842030761
-26.375231029983738
-34.12504000435122
-37.931056329513716
-24.42287435232654
-41.898539955608115
-39.296565141069955
-45.040005312650656
-34.908005050245194
-41.97811051596223
-27.086139976897595
-43.820514584283075
-18.894225652650068
-25.630038135897482
-29.237252178018746
-22.31834525474086
-20.216600066214934
-25.90875205994257
-11.58778316683804
-13.430750395689284
3.4866398630504456
7.907191116146836
-10.991198864695551
11.442758690784634
5.658022075604303
23.6557768725597
19.062359811564228
-8.818232977029636
9.737468232611016
17.88158703720101
19.094666482116363
9.928280761815925
11.035477751150767
7.67097616543159
23.88066006408221
20.53527252535783
20.018624824871225
27.601594574214495
33.292674613195004
17.419262343968995
29.48678305877074
20.972586689863768
36.20223295092738
44.203456948985796
46.440475588716915
51.06606188017091
50.162741981449884
43.547800045926465
44.06891109570666
41.223727951653615
22.305818847252336
40.36341681200419
22.05786401140412
20.361715359063147
24.510332978856134
20.01160409024474
19.81483107850961
22.59695998913096
38.54378086151322
28.33218037723403
34.75088472619849
-33.612694488453066
36.57237715608814
18.066566879022446
-12.906502822244638
3.390737843889644
-8.698128671679287
-17.71836703922121
11.127464919180564
-15.227789826701065
16.721243708244735
5.517313807211335
-14.192395546124914
12.909818413149626
10.215642514848826
15.21984104854644
17.81101533367268
5.993615221440951
-12.310199135907782
-17.16606486318923
-15.870202768941121
-14.415968845825043
-7.158762734749491
13.741128542426916
-31.636773572011222
-26.372183088382876
29.606472390829158
44.94071449331053
29.63301515884862
33.31902768949117
37.14878808269143
-31.722569122395026
34.51056936138998
30.10193903658441
12.943365435122647
31.68308417025045
26.73686501160381
25.272971956034876
24.206815703955648
45.14487541649419
-30.70771757497163
34.81736698004782
17.244642046439896
9.311386241920147
10.155057567107088
40.72974345761649
32.15226244718249
42.78661290168706
26.023020612802583
10.327851931550557
30.089549113696396
52.67377221475988
25.365373881751786
23.404168596729214
38.84390190028986
42.56274383173804
36.28871747015358
39.50816649163101
22.31533434159109
-40.37950906870146
-28.295320134312185
36.60343755070159
35.34866363257309
50.57677125834597
43.1122909008126
69.71675057830943
46.67636802959066
35.4128697717969
33.97212481784458
50.341335369125076
49.916566848384946
-31.109183247768073
-24.081194028142136
-22.132558760866857
-12.519548887868787
-7.844454227861601
-15.203983582648931
-21.82909353504874
-30.756505864339506
-27.886327012361214
-32.472893027482066
-25.854217144815546
-19.608916436818898
-20.44688041646553
-25.875083137400942
-30.17294647698048
-19.296106143741596
-15.552493995656713
-9.637989020706616
-29.98959139075319
-9.197981927567923
7.119351581317072
25.30751526910277
8.716132826091927
16.943132822400624
29.541155625736753
22.037049523769127
-42.75158650716589
-33.11120325961689
-22.672373628865145
22.894014373076043
34.897330702520975
31.225636880360582
50.79293431133696
48.30638215554016
37.87568610115719
40.92122859294817
37.71938463404391
22.376892836885336
37.58332894508929
-21.711512879418436
-12.018621302097115
-20.890777686460613
-7.396880055955367
21.786489834359813
-27.894185376716198
-17.760631064209992
26.995473290789036
14.817355397759764
20.132709333339786
32.1664446986637
22.499501215816707
38.41730175951125
41.09633063929497
43.159167783051664
42.79557153480358
45.970163890564486
21.36103237360234
35.8400706582989
50.61093970170272
39.31268963249098
6.749892714368623
23.940600629476265
10.858880118392618
33.50839298593702
24.40162876335511
21.934917572558366
15.804531968818536
22.539710722861212
31.300936155749707
35.462698902483716
40.56312080717953
43.188721608283814
26.15941477165499
37.33305407083734
27.866069195988164
61.73940565246805
36.38818890152745
33.80787087938152
16.929513703188274
18.608586002957527
26.53778751107696
24.07381906634406
-29.749100409827385
-36.405646156941
-32.513512947846344
-16.38518547737245
21.23625578100478
17.259199148278505
15.572043347626186
-25.710183442902576
30.68487174503677
5.40645430406897
12.583806094791772
31.25190139834564
33.05375783225538
38.530990086284994
34.79966643409268
32.106635776304444
52.93132268612926
43.502155431086194
25.055518931011726
27.039037068276222
36.09759046344384
17.137315653913912
-14.814756186588074
-20.64134689945429
5.020590263377301
-7.996709390594256
13.459891989347316
-19.85891212406628
-19.446846628815322
15.384265582070412
-11.944554729113444
18.25366031569123
12.313519118344878
1.5470713766825688
-15.638846240511274
-26.233968311526258
-21.53084202268768
-30.535833530554257
-18.254956234408606
-17.32539796938726
3.1591570032952068
-3.2623913290339437
7.270823989152278
-13.556496674783082
-2.7040633606416007
-5.507853778696535
-15.38878679924295
-12.925332556639123
-4.540681329627014
4.690972018833624
-14.476160816467102
-38.72521407400887
-15.157118609076711
-15.224609954241407
-20.850536466281902
10.715984354604497
-35.30556106274651
-30.425999194569286
-35.041853527350135
-50.50767619157284
-21.531275745571886
-10.73698992959659
-18.29537366215106
-23.987856909117472
41.36706517867292
35.64624953241863
-25.03525981225637
-22.420207314784783
-16.06807641322587
-31.810701966317776
-21.76660595251899
-21.584053895787804
-29.146318688842616
-29.683461350718304
24.394948486778198
-33.59377425554862
-33.08154273578795
-43.341628533556786
-54.73054301531348
-43.18166197064804
-17.456549376873653
-10.253679202855622
10.62100346780588
27.2128115142528
13.853502360354142
16.508440036479293
21.87798226403745
11.382879170051615
27.740955016158857
-13.75698784240755
19.10317682027431
12.742206154456104
16.034254587638344
24.81608614460894
19.21524980350183
17.81868809058919
29.16416371901843
12.665227665980552
34.57214042891076
22.42944453093219
19.039710071943084
36.66348739501567
40.121202966686596
28.036175228469624
34.1964735317558
43.44646692979254
38.13634085835413
23.597234340518224
25.4433539790928
17.622068347145113
18.69000844658627
22.59633875331397
5.689970107764577
9.965024886217265
11.720203992829358
14.492225404559298
-23.674171120644154
-21.98881609638727
14.934714763443125
22.349899734713578
27.197920468351267
15.405062002445806
17.286268664947936
35.96970189835737
30.221369001769123
-7.783671748169009
32.416856626375164
-26.20586847346276
-17.39728434071353
-29.217674533244004
-12.816331298596724
8.666455056790628
13.816913886009859
-2.9905164981292502
-20.979117967002175
22.116106811711315
-16.774121254078715
9.358669949726139
-19.535027217740538
34.42704215057826
31.11239550491752
-29.56064886260864
44.79392296499824
33.34045718201983
32.179091818728736
35.84802872782037
27.402567245911357
14.48546725354401
9.691927471302067
31.973905498704543
34.402874519246225
38.50819842576863
59.78093760628048
59.71752143432789
54.20978984620341
45.214751009672426
-63.22879983634949
-44.87853296597135
-56.30542372330169
-28.56386051563439
-47.18382502642576
-40.95529437737812
-51.43376630785569
-38.71149157992882
-44.5669950783881
-41.77136707946487
-34.237302463811346
-17.45468172963849
-45.74613943390075
-48.33349255389154
-36.78511269456265
-18.94313858772474
-35.39767789936972
-29.258899112855296
-29.708832830896558
-41.084996915094685
-39.86478275556401
-47.777007690208656
-41.046082162072835
-25.060783658190235
-43.790814232371844
-49.89854263470976
-39.605787056639066
-37.1666960362045
-35.861716015780424
-29.483546179037432
-20.819726297355405
-19.62276178932554
-9.947029829278467
10.911755573322752
-39.57902103200123
6.405616820259143
16.492737937879156
-14.509314391941523
-24.907374193848053
-32.51128270856364
-30.558550959975783
26.772709335205743
-36.073247642283555
28.921238304676816
18.129953294810818
18.947639112437304
25.707602176510814
25.27699429637507
19.894652815043088
-12.853906872118962
32.89291895138879
-17.86061350765286
5.379587658132401
25.817291983610158
32.56930931771084
6.64459474794437
23.674848172564595
33.913503127320894
35.83107381117764
23.629351480314885
22.621652404688614
25.942363564963706
-10.25746372870509
15.340984263345941
-22.925949447293753
-25.204936016850045
15.242922857606489
-8.142549882436482
0.7581331517396
9.745795810115707
3.966140882630718
16.583405406094172
3.874261509231176
-36.355780132796575
-19.29623359486808
-25.380412356319038
36.540319297486924
12.72681788424485
6.0902395016798225
11.780916292521175
15.756832869440357
-13.357866307236339
-31.605216269112155
-29.914602875279886
-34.29636493500835
-35.91364886714468
21.04929384770015
-16.23775430640556
-13.820411134477542
-22.62365840235562
-18.936382794999453
-25.531209352195358
-5.845720399245715
-20.148956704073036
-16.314046625673395
-13.94472701886522
-29.363950863464407
41.028028947457244
20.459281503576495
-21.807260811422505
16.258383450329475
-16.644887318837657
-16.182158900328904
-23.861187699124876
-10.205459104567392
-31.9474449572146
-27.568477792309963
-15.63611032677512
-18.913727140377006
-21.093766070358008
-30.345514685250023
-23.73059954755566
-20.35903818667802
2.6022908687283204
10.251233719106839
-27.02657824396775
-15.006112440681179
-10.342434314022693
2.016959189947995
-14.40877994983977
-4.043284342691077
-14.823148771300584
19.325800577228264
-15.872190153190115
10.377573854196894
9.96014477920321
6.55114349697484
6.631246970725759
23.40154622172303
-6.159542555485604
-11.544460065881273
-10.020408281986574
-18.597413054528275
33.32502338166899
-22.158333628298085
-27.18525299414969
-4.7512344624701095
21.51703467378984
10.986931172558217
8.362477322823516
17.169610582363237
10.966868882475445
-12.28252513014037
27.47601975049998
-24.04085150588381
-39.20209928901516
-29.87504522051153
-46.045938834381005
-26.66210373865916
-50.0399791521711
34.88672627668617
32.937327372329484
22.445246611292802
21.41016727774774
18.769703095202285
27.547048881924102
40.038067325103874
38.481010946658245
39.39211723452844
41.41571872892024
57.862680356947074
24.319551328778918
31.2069326741223
-23.363549318216478
18.52496793726162
12.43694861684347
-17.946342193667142
19.77291705697152
19.01342206882472
-14.635538404464882
-14.03060418561427
-14.825726001624561
20.778775841475326
21.941699653449067
-10.908591801016323
-18.439631954588855
-26.814215698544004
-19.794083416178847
-38.00913968652818
-49.08085069328518
-33.108337689027756
-36.58692029274813
-33.82648667675323
-22.496705197246804
-28.73921127000257
-38.785926538092355
-22.1537665590858
-46.0852619697856
-35.931371264811645
34.40961485920703
-43.09620801556154
-42.070298422567554
-39.77165468231261
-32.16808121284463
-10.691460896870598
-18.56524300531374
-25.993068744199014
14.835292050522883
-23.98055509136079
-17.855526829136636
-14.288499968829763
-17.229080763917455
-20.905966823060417
-23.69820482197628
-17.115031569438514
-24.17543891093104
-12.316287400569779
-26.028036083563524
-25.903950471245484
-28.94516238035084
-15.901580791688415
12.062730872286929
5.479997803092974
28.026133765635002
17.264151053087776
-1.5336209673931316
24.73165129964562
23.658192479113136
-21.572293589217498
7.597221941600467
15.530014913507975
-7.325576413307943
21.369835043303794
-12.179522516435519
9.114994595177293
-4.3240582026758645
27.824014757643983
-19.18629904658765
28.24166022692163
23.0745993019133
46.288576356617824
12.064256312982126
-11.818748654863608
-24.266113121264077
21.687133385674308
-34.43517619396328
30.188923201721284
23.93358440848452
27.617191674584024
39.91364265126461
25.515946052176446
-31.358332916989454
-31.3198007754035
-18.58686306542534
-2.9326128977941424
-17.918244931057934
-29.122694522377145
-36.3608933776627
-45.152346517580135
-27.70812237250649
-27.09637972668348
-40.26583176189592
-44.37997610591774
-57.84760344669969
-59.84687627832278
-53.512225138378696
-48.417655882837984
24.751643084007274
39.108787891171396
-42.50649884432924
-37.58813006966303
-36.263763838853045
-25.677711463888937
20.273815311643904
35.73886461751671
-9.021096395952545
14.5294383670028
16.538438134298836
-43.932750612506275
-4.141772466720559
16.60591962389778
-11.917070865660559
-23.02456191957836
-12.579753586772526
-20.713074755569288
-21.84519620794542
27.016578649308965
-15.710341362164849
24.83087687518077
9.153888946412259
-7.228760211047639
15.158566125688305
-2.89971935820974
26.48144637435486
23.565784256150565
-17.373578344365587
36.539631538770465
52.4043907280214
-45.131946316385715
-47.04574361277707
-28.843734297358555
-31.208493295495547
-49.45359129518946
-60.66388178249192
-58.62037697073422
-66.18003592319957
-58.26209221820123
-32.110324638983556
-32.90655422797772
-30.299013317291287
-48.54136200384274
-45.62766141929348
-36.688338427203476
-7.768194694111005
-27.30553863524419
-16.34710570244295
19.66270259366339
-9.501024972037555
-16.893357595662952
6.292365510547261
-21.002918318982392
-31.31298585700309
-18.08248762609535
-12.186927108921239
-16.991094752100476
-24.208410512
-16.24836452074995
-11.46944484433807
7.598795834152702
7.520937601211768
17.093132747797334
-14.377578843647392
13.481140806392013
22.663445386835093
43.954809659152005
21.256988732373816
32.709448612947774
56.01969301878859
43.311578527565544
-38.921155384238574
30.399197213968662
37.71943899575886
-23.478677009594676
-37.94804472336753
32.43263134005749
-16.181886439832635
-15.11713971567546
16.29186115768825
12.096237313326935
-8.729188676921467
-28.43014262549137
-23.361818273736848
18.88799485514229
4.757330276166415
-2.3088315082465294
-0.5178914889568714
-20.511478243374707
-15.460483933280422
-14.546392307056669
19.15128641071495
-29.96178323105744
13.270821232546664
-34.839598461254376
-28.72319837724268
-24.430226577686923
-26.818555552260875
20.46451699537412
7.100834141586569
-12.662418001017954
-6.813024727064994
5.480760999858362
15.193957591795789
-30.443336846412024
-56.80760888135737
-43.48892146587211
-26.141991280966163
-11.233284060116302
-10.599088049136991
-28.691308914185026
-25.04284599179776
16.59858448598492
-20.073358420644794
-15.361481295965339
-36.48063263271374
-17.169965663358926
-23.718205440913945
-32.384725303909605
-49.52121887092668
-35.656215983629416
-29.7003184496105
-32.0183590457943
-31.502620386171383
-43.91569223516718
-47.07755244409154
-47.300709056764504
-37.353324583340175
-38.3083821763921
-21.43098821638955
-12.616335199018417
-17.046612834017353
35.751593233595045
-34.16957949152104
-31.03594939988005
-12.986165272529803
9.683617236530797
-21.26028701761312
-23.348182493104936
-32.823863630767
-25.79415719106011
15.56546100571521
-22.965608569973444
-28.774827639190537
-20.696288787552348
-17.933035611633354
-29.954316397901472
-27.004288176153928
-36.54077128823419
-29.80644142699587
-25.829983860062583
-22.983279811833956
-23.708431587129663
-19.525823402738478
-37.380426709733165
-24.876760329364092
-23.84280712323831
-14.18525378915745
-36.3787629375019
-29.51238341134102
-23.273281646862777
-36.40414925583489
-44.501053005095116
-44.039626053053844
-55.693620627690045
-28.106107305778597
-36.63667261550385
-22.29136336677546
-28.93967065484539
-27.679821622301457
-27.547543747575116
-25.571055749481673
-32.84284741953672
-31.775086890910888
-37.009400253660516
-34.71537316731481
-28.324891264542327
-36.63513779558182
-37.25908396087264
-36.38663026590011
-26.66324375719691
-23.295202350282782
-25.09436342741745
-19.781622283849778
-22.41289090487244
-42.271764024868205
-45.18536815661487
-40.86245861182967
-31.593199362908077
-51.46417351398569
-40.15613676769385
-23.901794525607045
-22.774892692318303
-24.681273403825433
-29.640558066035172
-41.426757149831026
-22.813592591075366
-33.43150409604744
-22.480265946911505
-18.419068310015902
-27.93864769324174
34.6335735553439
-49.41253025454924
-55.11340805194266
-50.613860298364635
-43.42623224861552
-26.491835503777864
29.483336085196143
-20.013838159921068
23.99481366082317
-28.41306341673029
-18.28904540278561
-26.528511999317224
-27.19715067117497
-23.282256820946095
-19.177137417772833
-31.53556277956128
19.628495083107794
16.737541207484295
-10.72985167649112
16.42120832456377
-23.321693848721917
-18.650283970085844
-19.773024787982475
-25.057957177062793
-48.62022646007033
-59.32973858529294
-51.168578742636285
-49.43945918875102
-51.57223819714245
48.33179039675552
-25.67267844084769
-36.00247884480305
-23.045426141001716
6.8390474653870825
-8.864467891660231
-6.011085606935793
17.97543616416229
34.79413198569061
-35.77730535323084
-21.826527398941785
19.543021455141908
10.99407997981387
-15.051875445759126
6.138978250176877
-13.801808110703647
-12.41501042212614
-8.6458654708767
-9.708818299092561
5.2859362522228945
29.295923016390635
-10.579631512086005
9.334364727701516
22.587560909100343
21.694695206951874
7.187935517700662
3.957129434332365
-11.90043879292727
-5.873123634433755
-12.315068651077418
-22.21490229618976
-22.048712894844062
-39.86065347669051
-16.197976973183447
-37.61537331689427
29.452554948683936
-11.664966964969784
-38.52270611852562
-33.61927458386751
-33.00973483026073
-30.626159656483683
-39.56657210939717
-30.842005139826032
-33.90891394370181
-44.38775904015039
-28.770017213613993
-30.016398359177
-28.74703845693097
-14.301505892468748
-6.147389957506849
4.021818290479074
-8.456166754242004
-21.182446954289176
13.379396254563368
19.45955279689321
-35.35020398948373
16.418080966519128
25.930225577227986
25.09951641119557
22.22780343638306
23.589367411534525
7.101515321139309
23.07063889221178
31.676879442585072
17.86025022728573
20.638276448064044
20.87964302930577
32.68675947610715
29.972777064679196
26.2981624591428
10.557210490216093
16.21105920561999
5.698420033696954
28.652526351820296
-26.478858429301784
-24.065257453660468
24.77887633681609
33.00585424498449
55.099841256946824
48.98450765210149
36.82990411269478
33.278831169601006
31.21330812535879
32.41699752933884
28.59748532596447
21.412385436816418
18.74538464075287
5.588462094534632
13.780394886048962
15.305846209304056
2.556578251891573
8.764505635205696
-7.078967229468241
20.86199482585543
-10.61891960545003
32.260344644809535
17.81350109998283
42.76910520465479
28.00028677259272
41.057984493509686
22.648076271889813
33.644466977506575
42.42393401572872
32.190979522193224
35.59982347483482
42.45217987033773
36.45914081378452
37.43886750732487
52.324806828309036
33.78757945244865
46.8091673212901
37.85510504464335
42.481884597616165
29.172858774194307
32.18684888679585
42.732553000982826
42.61034658681576
-50.90920429671511
-35.997382961606995
-34.57692381790416
15.478403028342646
39.953397102062105
