27.57730342310493
27.57732465768584
23.03100828265893
29.520096328257964
24.511897664755175
29.818836831627156
-28.109310412423316
-11.275849777303167
22.92505772681688
38.15948130085412
35.84004728204481
31.39688533741423
26.013568836222962
10.006102538655474
13.064857534745485
9.994262971730095
11.624975975933355
-25.379794007130528
-20.085192571981995
-31.70290392305685
-35.250785624319406
-34.21326159805326
-31.205131448018307
-29.10388289626407
-19.585819809522036
-20.815934482632212
-26.506098523319164
-11.553142253561756
-12.463957259245
-9.206845153673822
-16.92265049143019
-31.723232690660666
-24.73690995270867
-10.579207649604035
-24.03048916135271
4.419821869500077
19.959388620534185
24.764201403589183
18.543094312197795
16.766603971161764
26.090154904594694
27.65068831368707
24.305580099678078
41.869248866982254
19.823703237932655
26.00312349932027
-22.809689912929745
-5.351934751923436
-11.435795279679384
8.317979294981098
24.45106824019695
14.785015428932427
-15.765216126984367
-6.8111680067498135
11.231202717501263
25.234181527628
25.91395224001233
13.910156674485211
17.744852222029976
-6.040778977950253
-27.092027818328955
31.96027407057239
35.36251428837179
30.751162557094943
25.01095758879109
-29.598578635920227
-55.48116272471851
52.79290732922435
-36.64276088731899
-50.958316903230084
-13.784137259476346
24.026591905794806
-29.642099329542734
33.840201171125926
32.840921662916536
26.05769532460702
27.68954269011296
33.752652776193784
49.0822974741319
46.48557138692489
49.6436124209775
54.976219597310234
35.312568602377
38.89760667955744
29.39194838884814
39.45457234105922
33.40432105705398
39.20956929748288
34.106067179197105
26.11678877364701
30.54237913001011
16.804621378305065
32.96845881779545
-31.26552475635883
0.27091603255995084
-26.831400775606475
-23.561472657513576
-26.399548597768742
-16.69176136366236
-6.297076198927299
20.105037825700776
-13.800041856115136
-15.932282500743108
-23.359152179393067
-31.75732232377426
-11.753680171617972
-24.96743927851884
-23.46910805090353
-23.413696283790177
-11.383690062695761
-26.11519260355127
-20.348802609616417
-28.90941503161219
-38.689316501594476
-38.6507199334146
-10.214457687544526
-22.698532244522617
-47.03898041241379
-45.70684796196626
-27.50188830329441
-41.16382896628908
-39.84232107229234
-35.14105315363129
-29.48512711641657
-32.93473873399138
19.063757886401593
-35.47694012519207
-31.34967698074009
-49.0066223606502
-37.89469371303132
-41.15218252562433
-41.92494796479061
-43.798256556255474
-45.76302402770932
-42.89676522838297
-35.976882381327925
-35.75977205733258
-45.66462672664494
-52.60894798375296
-50.79410812215818
-54.87174106484853
-55.08697574792696
26.931000999349134
-15.543279754254588
-28.077561627961597
-26.30419325535632
-39.50961956640985
-48.845033943221836
45.46551395373145
64.40346729056161
30.133448317675114
29.037240255608634
4.884908964175132
11.629539033133213
23.566721950763533
9.33316558898543
13.615654075802182
21.878802506443133
12.172970252271229
26.030338641673115
21.058657120099305
19.050494784783538
5.706873368852744
9.608743665797553
4.797944120807133
8.479311019978315
-27.936042275180185
-15.38798944702319
-17.665659201871957
-33.70196233427167
-23.824754632277422
-15.723655521969114
-16.86769985441533
-18.40324902712179
-6.767778949675342
-17.9319140628572
-25.874120915835768
-33.789812447958504
30.42196296727913
-27.626220868782955
-36.07659353642235
-31.094323487884846
-24.91158797983516
21.005825717596036
-11.109312183694488
-21.86750308207427
14.111473048565514
-23.227563061402833
42.65177469025146
28.562815830428175
16.309725016407498
18.099173060669862
-22.861529834232208
21.494012136838517
38.2555911099327
47.68822925966294
52.72922190706807
47.74687114379223
48.75218390735096
31.531743222986258
34.23408411449121
16.814834204407205
11.351915700914072
20.77401507511452
9.255009090081161
22.92196140131996
20.639667710842552
27.865563177310086
28.88995231897355
-0.9981428191340962
17.65130526370413
19.51425596709196
-8.420064339101879
-33.4595572724425
-37.97340867330106
-48.9827273305412
-45.1501305088435
-41.02176019279791
-35.55763948838935
-64.8903764413415
-36.8786639713573
-28.254110884533738
-22.059190789345234
-4.500931068240917
-3.9419556381676015
-6.65727866230456
-5.9084461393309455
3.4679485859690242
-12.984313700169754
-25.750443547484632
-27.679423524043447
6.636440653391969
8.91500271259603
-10.46336091525368
29.44880596299284
20.555774638858754
47.676706860018115
34.604453077100345
33.16824363497541
21.09510441338654
22.83316085180805
-13.60740880867947
-17.68334893838355
-41.220588993997666
-39.5595185814173
-43.82585802176921
-47.91023798246051
-34.96675889650382
-33.431405101999246
-11.135331039399025
-29.9515763878013
-23.88198510779834
-22.990023611247025
-20.467534375400675
-18.494414171046525
-26.103170134711966
35.910820862194235
37.9269457111935
-25.847260013719303
13.259912044075424
17.637497625366816
-31.173507917965097
23.24674148251357
40.32977844847091
21.908648706586728
31.13941434735425
-44.330185766521694
-18.568020974988087
-3.040074732520877
-17.600138617198084
13.996955199936853
6.7852991410656145
15.522732779712047
10.62650988478686
-8.121598438123156
-11.129865973776981
11.543742325481924
10.291871017933422
25.100035061501867
21.053547199454606
-13.550134505514954
-26.374785047994745
36.406052480957825
-22.512101627141327
23.90994190176934
-23.109151603720516
-20.29986030864541
31.714137059028637
15.578588104892743
-10.39435679535896
8.215688501718617
-8.870082578197769
19.05405152283334
-17.132597760184712
-27.456197096228717
47.87196856801734
-33.328047550444616
-33.94051480811638
7.253805376301854
-16.242059001164723
-12.551641323884773
-23.680074569826132
10.785112685042991
31.041091994807616
22.095228054597694
17.352105367343622
-8.782366373961336
7.442836111773908
7.950798357738677
12.878986617797484
9.792160334923613
-25.374422575039947
-13.8831801652902
-29.207093557896346
19.94073331628445
26.291694357987897
33.771287042813846
32.90939981158898
47.99136833093077
26.940196764715253
41.585508324257574
46.668286224437615
44.30484909746712
33.95995846821756
27.378003561507274
19.688282865096898
24.349883227893695
21.982109683295402
31.250978994557503
32.49737830076199
33.837222071285616
27.469935489490297
26.93280629126293
-10.422814306064225
15.359118922776103
29.948161353764036
13.906476702531547
13.094764598980385
14.884193666169265
18.87741817440694
-13.499797727467758
-32.51511139078635
-31.64770729285824
-35.63551910445272
-40.8779568110432
-35.068140727287464
-36.48957965688424
-33.24473086574746
-27.62704509408954
-23.672446418287592
-6.136538069081907
9.11803421799523
-19.260938671478502
-10.694213682353206
2.7623891682215764
-7.663670696475938
-13.35024989675093
13.280225348408665
8.28903164854019
3.557440221611691
-25.130260692600636
-8.556217054300133
-22.759750298073698
-14.890548198413763
-11.388351650797045
15.214559054418118
26.14129073905122
33.48416191974006
36.863374032012345
9.875137957460437
14.492172465783762
-20.42411433834659
-22.510044318610927
-35.242536228859464
-11.399996175976261
11.799448050314425
-31.964097596118627
-22.03197182752351
-38.8328874362003
-39.820314863091
-37.24698739677854
-25.38700477621201
-29.90783184105848
-31.12358472707886
-22.20763642695041
-24.699664632200417
-14.03985682281049
-17.231864088066988
-15.743042930993846
-31.452109410758293
-34.63656391320549
-21.948141554902733
-22.028043809668414
-29.590765451477015
-30.38613690841113
-27.028423737459626
-5.248357554711771
-35.70884573762921
-42.436641941109706
-56.454399180889766
-59.618793073789696
-29.653928294380663
-42.401106011790866
-42.08302650605542
-29.05805379864632
-33.5284866729086
-40.73795930236947
-42.937675429447715
-30.81649722410591
-32.7553141588379
-40.76262643847554
-35.84723112595571
-32.22379031759371
-38.64760847553529
-32.22565343796483
-5.85427120547327
-25.79860640603095
-23.29379232747468
-19.03826263715563
-31.46678923342583
-28.47314384856535
-24.77399936335556
16.90713660291112
-31.541804707882083
-27.330883218040213
32.90757616388589
-19.019416493202733
-26.55040429278382
-40.34323844504842
-39.3637322667658
24.483834714466763
30.886896848324383
14.321033911983722
43.85305509704349
44.21334184085457
44.797053893109194
52.24126564524853
49.84252284319765
69.82241637542745
54.39929839463425
45.823432166316024
44.756985999520545
36.81631864885075
32.16409801698948
43.479919532371966
56.152538086755094
74.65221563091869
51.09521847955893
55.23006168539181
39.74578742211646
49.28803303501625
21.27051701070176
22.41594496121399
40.123544477835125
29.191139051364292
11.751161617324327
17.527974370837427
21.343184414837662
17.901262138936612
21.49310457033927
13.805582142603678
30.38674673181341
33.684212668853476
20.241825252847548
17.557775683868524
12.04345114267057
-19.806858287085063
-20.211631857039496
-26.53571876602044
-53.31122072967147
-36.67155709601525
-33.244602574262686
-20.774850865694557
-32.949851020088865
-37.64276836758302
-36.33707636488111
-18.420308468502647
-16.272548931712052
-29.142556181634735
-43.34311365517432
-41.117997276723514
-15.32093047177271
-17.104535602069078
-43.444037272745646
-5.784708429125556
13.903161504763604
-19.572168117925045
39.63065712084998
-34.01195984305154
20.203331325273847
-24.020534649151003
22.416326640645288
-31.73342054491214
-43.328381785400765
-48.85884994425668
-37.68714910706063
-65.1548621772994
-48.88512316228502
45.132241522761916
-58.9552609566621
59.82422320661005
-64.2683404190759
-74.64516624917269
63.62053844271899
66.23620952066811
44.89563332008869
-42.18000666369079
41.62399374646969
-12.226523308540527
-10.218279508923406
-22.39348098815278
-49.44925480564943
44.354583662323144
45.47617671762928
44.21150890344694
49.44205008257482
28.989736701410834
10.612021699027272
21.86586383073506
8.836468514769512
7.204570764881621
12.644690252435607
-13.78557663290095
-18.267357385246694
7.929685605129579
20.50493595375935
-3.4031896679550484
-16.96084716421673
-28.581151710518718
16.860306104940317
-14.80646611086374
-24.153502589876364
-16.118260867768893
9.275458397658355
7.092024757022505
14.973422623005458
-28.301411623710937
-25.866569153437958
-32.56385439465315
-25.82050744500097
-20.419810182667835
-22.247077361151764
-26.020165515503358
16.786773506465895
-8.485411157134497
-25.48940919528572
-19.417339278461064
-17.578931042529202
-25.202876290305763
-8.375964443320042
-23.265810613941444
-27.464887708106136
-16.61946312248692
-15.969367186259115
-39.957675115002516
-37.26120276161848
-25.892644953948377
-20.882338703421592
-33.48193256527885
-24.246522398733628
-20.605373936681342
-15.302396190019266
-20.004311088918143
-18.95632773649972
-26.28721584560644
-48.72286519402176
-46.50034706419133
-46.733248454725796
-14.032628997872358
-6.881865944758508
-13.196544476698072
-27.286063049578065
-23.49684645934859
-36.70383441678197
12.409177430049429
18.310165749069583
-6.4597268787588
27.577199594210963
15.672304961910573
-28.241438303109515
-24.102516802147857
-24.900990157059958
-32.62439667130134
-27.721681716787376
-29.159269226067813
-27.75527714891491
-10.265238982800346
-40.49805211912298
-30.10662995601736
-12.949189039086178
-15.671828225563367
-31.624613958238697
30.474185635827983
25.974085248984338
-29.540823868626674
-18.363256576851118
15.380602789348046
-18.682128098971692
-16.367686431173247
29.794659241340753
38.55934829562226
49.916779277031196
39.43681237888766
33.803753424584784
37.85983025040248
22.275491889381744
36.852576176212295
45.624621220066075
23.662355348745248
16.400104810063052
-21.822656853037486
25.802580404733188
-33.219763141107244
-30.253758028304333
-30.587165474064054
-30.971104966432453
-24.219258560104937
-22.007882158062245
-21.923921062931203
-19.298045950712513
-24.3347617787322
-25.401073052526804
-37.22424986056008
-21.25229757542542
-18.493317193077765
-15.454671184219496
-22.30367703103618
-21.843300677225493
-18.673580909177982
-19.412111851256576
-20.983840245142407
-26.097408672031925
-17.45175348830854
-21.359168139904305
-20.35866741918237
-18.599427528995765
-29.19148078941868
-34.16728526699957
-38.21567711094492
-31.592532727282773
-30.306392373474758
-24.856185277101694
-26.81735948213996
-34.55597510818369
-28.135590996583883
-29.96263464888786
-36.410271060038674
-35.02302089081997
-35.925312849905325
-44.13736236529926
-33.56688231838184
-37.65319690041803
-37.61317668393048
-37.97181506010797
-35.360021705217065
-33.84526398181308
-32.19878329237282
-23.66055633034854
-30.500259101703563
-32.62553140485504
-39.45929576023534
-33.945374691564844
-41.90721358704275
-32.02061271007141
-22.116942891826096
-31.510667448437534
-37.36653435169146
-35.64714126077827
-30.70636849825408
-25.7861438005811
-34.50050747229007
-42.65542855312934
-43.664175444199856
-44.3207819823475
-42.961265040815206
-38.50242648950521
-42.64939225561647
-44.050036040265645
-36.21126231231084
-44.37551218927258
-38.35202294176393
-51.688648966891876
-30.311431915708212
-42.77480555470885
-45.61252572845112
-37.7391527570391
-42.2436947145691
-37.996243090604054
-37.15179543574401
-45.99470012295482
-44.311439761427046
-40.66774634879836
-30.42062106887143
-35.488349187433876
-35.545193530796915
-35.38305130409677
-37.95534002671206
-37.51048837378697
-43.53105341246333
-41.40198121452576
-36.15335074341919
-38.75537788291142
-38.36371489940903
-46.0258223349873
-35.94722610910224
-28.98776273044744
-34.338854378887966
-39.91969996670376
-38.28358119375815
-34.81964881480186
-37.74122631891465
-32.71286941962196
-33.59815978510876
-39.420299071520546
-33.51298632783408
-42.616419921190115
-34.69241659700218
-35.51473005049954
-38.22793268068142
-36.70576645746072
-41.22243246129683
-39.35071631333975
-39.44756617946048
-29.812964044848545
-36.85856234193587
-37.80086784237853
-39.564528422266065
-28.62457408707289
-25.00428653162509
-36.598982847922606
-29.64593623414547
-30.458981874881047
-30.815689823626247
-29.180839647260147
-29.24202928082434
-30.032133041521885
-26.555987685894905
-34.37434756464864
-33.89972775643413
-32.52905744169246
-34.20800494699357
-33.08507828702951
-36.39625653490222
-27.417834915776478
-26.409244594696087
-36.14960274347322
-32.80914444742827
-42.42193309253187
-41.528260118055734
-42.48990266450641
-44.97135439385241
-41.51015189154689
-40.34991606851961
-38.30303336219355
-34.552181446385816
-47.418495617276704
-38.98207143146969
-41.93060416457065
-41.838923791041424
-40.110603667435086
-42.89423409080154
-45.57518478672908
-43.345440409650266
-32.44622703500525
-29.744167632954735
-30.07162056150326
-34.68689951050058
-31.05806449207616
-32.22888243843564
-29.00977621454932
-30.16202070642139
-26.786675243233486
-31.36281040180142
-28.711801290654943
-24.796882816037098
-29.99240267960735
-27.848988194369287
-35.518464136773744
-35.66049781040999
-32.27451778171161
-32.130250886129225
-34.63616453141239
-29.84857272487276
-30.572024423055932
-19.762108970066215
-29.66117207144449
-31.603906411105772
-32.512726673520774
-29.93022917133928
-32.14782858973731
-29.50841047403082
-32.46242750338776
-33.46732073328082
-37.020737384138094
-37.24695033648683
-37.1434421905245
-35.59122958857703
-36.760529419480335
-48.86993104560314
-40.22528212512984
-40.90063159360257
-37.0351541651622
-33.94784237471195
-41.072307882590415
-40.90630073892619
-34.10703623422695
-33.83705552037233
-38.09534143676732
-24.772496724079623
-36.966111723768385
-34.677888951909665
-28.215563306109186
-37.45190230852891
-30.860692294862712
-36.89146247730714
-33.3353550462722
-29.103514976260158
-27.725010051346377
-16.098433959788068
-13.751320095329657
-16.76145940096878
-20.088400468286334
-20.503929063256116
-21.12675002129825
-20.013852104032814
-12.321002729212355
-14.629986998069949
-18.318581807739136
-15.735258240871898
-17.881791365100412
-20.06347405040002
-19.47374696011045
-16.671488212407283
-15.335780119537182
-10.113507205722254
-12.962984814801061
-13.85927041055987
-18.179823431319374
-11.367509159010172
-15.472722939156249
-15.676373456056611
-20.260471393909107
-23.911141381397485
-22.940987417257507
-26.14741330992546
-21.916312884700794
-18.963553940069133
-18.943144669650238
-26.17713854083267
-20.487974825654693
-16.12640048666839
-23.32793034341017
-22.299715426041747
-20.111194361740058
-22.098386469469663
-22.82997185875422
-24.29785071226554
-20.284627996852752
-16.904199716842367
-21.385264794373015
-18.01412833592557
-19.699212995062616
-22.805156612992153
-17.232590586044697
-18.587114230622113
-18.177904675360896
-20.169415699291697
-23.063200180794503
-20.185364430553392
-20.84141554047033
-22.51710748206802
-25.76751542359066
-23.8294028227672
-25.690068977083804
-25.33236072123788
-16.275688465917177
-13.226257076082032
-19.30212134331177
-13.703691695064316
-15.92911925944242
-12.301643690552767
-11.546024101758205
-14.150009075815165
-8.849883996826067
-11.134892326693059
-8.420317090053423
-20.039255653453786
-19.250490789134766
-14.152331154435243
-19.235290682223138
-17.391870521222028
-22.249035278438782
-18.84769166168452
-19.862782944242486
-16.431989331637553
-14.111590061381875
-11.815824737571704
-10.296569238543839
-14.612981030088099
-14.369980376137416
-18.23398942090572
-12.770046832259863
-11.998344704937248
-12.118108770970606
-15.721040421948114
-15.017617869857125
-18.957402968256496
-17.170910997870116
-15.1155632835116
-19.436084618338814
-24.641104118115017
-23.907831211636086
-29.400881079989485
-22.899839968369655
-20.134414638696345
-28.334456525936154
-19.07478458065969
-21.254348379338186
-26.300675641630033
-29.17120377070277
-22.005336824293465
-23.517877408267864
-26.50300637825255
-29.51920154493798
-20.41221612225586
-25.38557957542891
-32.22380664663385
-37.274473218456606
-34.06591876807988
-34.785537984229705
-33.131226931629975
-40.648418452259044
-36.19085426216081
-38.18580688579575
-35.96567663232647
-32.49133043576589
-34.21041600623189
-32.043844847631355
-31.544476992548294
-38.47136889409645
-30.43458515891657
-28.77183777274705
-28.11372855991928
-34.053033344203016
-34.129914019127995
-37.83432908384068
-37.75828538955112
-43.46415992865444
-41.41853883637277
-39.17819915758653
-35.271874069363236
-39.573328008588234
-40.013849719245606
-37.53098509227298
-37.75833364749878
-39.98898333912111
-37.20319593607293
-35.150509820027395
-39.886328218537265
-35.791620896109876
-35.28434996386387
-32.07734984592226
-32.7457444813971
-38.63688167169719
-43.99700391576751
-41.04800887803532
-37.324464459418984
-41.15571855538087
-35.95450305361213
-38.68029260614332
-36.82482977855118
-40.2726709258409
-37.94854258459561
-34.422727835465146
-32.7702609499723
-37.61765796781601
-34.69054738775126
-36.0939304780763
-37.40853814966607
-36.15667881285639
-40.28170297468577
-39.8351938841522
-35.04189756058443
-37.91937627262893
-30.812896641630946
-32.26133544680758
-37.54042119800354
-37.23879233477975
-38.11614631517802
-40.758712270030586
-39.878812517674675
-39.00980186542096
-42.51925226711529
-39.746099326161136
-43.22185084436461
-42.03266429903443
-39.383069447736005
-44.94076741284561
-32.70807768210095
-29.47736360195342
-31.78791232196311
-29.734801605654347
