54.994087344834846
54.99379719877137
61.36852911012735
68.21479480682497
62.077750506660514
67.35406603960023
66.78322549441228
68.99352500626134
66.05545557978405
65.59066001568274
66.5660681665117
63.45820086798882
62.55047470423497
62.50185083140586
65.95420301697663
65.56570073293952
62.572151229697006
63.13653035671803
69.32342334209727
62.197825388865006
62.628150395592854
62.82121695360886
68.31268542455423
65.95353688306649
62.00253871050265
68.27451083113704
66.38144543181744
64.63521964989782
63.33830317673964
63.122639949478184
68.0215087409943
59.057345991597614
60.04096465826931
60.04422437728432
57.679125075231106
62.110118242969946
61.42076631236705
53.179766237009105
54.4906773423521
47.24396003826178
52.44300055696004
48.83638750792272
42.39506739638732
47.45009457172043
52.304304134237746
53.55750791474757
50.6103888180088
49.738787057309125
51.90875539116261
49.29086490572381
55.373187834228254
50.99462403784991
51.49896334870819
48.43389061800888
45.80558838629216
36.876415569242766
43.98031301438322
42.37379067388476
42.01819673614261
38.82641095333517
36.80391681787438
38.58106004214064
44.24359425812825
43.27313711147525
45.947768738959354
38.57311549308185
35.936626762427956
36.735957367813754
37.83100543744079
36.00400326291368
36.10388986546437
42.27698670757961
43.71414194060435
44.02084781685467
48.23538956676398
50.20004214520377
50.94653507903704
43.05688543729027
49.35656702937523
45.16409512588878
40.78168191844386
41.1307716991693
43.311141756553305
50.33987053305781
49.98962143309859
47.396287660609936
54.92322354974595
49.89167396639461
50.28790732090002
54.6953952090378
50.82336496842765
55.475802058593445
50.056985430774965
50.978987165916536
52.15235868847753
48.45382130816118
48.23100903165274
48.48208321810138
46.49337039816016
32.46036081395837
31.628702021635092
36.37496833655828
41.664563524611474
40.45465715297742
37.94354158445896
36.751670102409406
36.308073065877466
36.94395022868367
43.72495291520934
40.842475450601064
47.945626992337154
49.63745501252725
52.89219265090963
50.56373989738257
55.310485983833175
51.447144048754005
47.65902301111676
46.729757842953056
46.894269386059975
56.85758675171217
59.230722139505126
62.45269233493316
53.55256825149561
55.286219103553016
61.1943976215204
58.94688940474061
55.995316195989254
58.61730385922953
58.01655805706924
58.36372200931695
52.55254541883207
53.633336151358975
51.40570659115297
49.52573576453189
45.846968770162725
47.189266450031134
41.928387455876
39.47018091074331
45.239326035877525
45.54848183547656
45.363841552811074
47.913885263805064
45.758786694141854
44.86291773293702
43.29783100333026
39.61459138143385
40.86795979055308
38.28152281770321
43.02135615063354
45.1864743857842
45.527502816912396
46.000894571152095
49.19129518293386
46.45772909721635
51.63415674824615
50.94607881435138
44.921870023069424
40.65392962587442
47.524619074934336
48.248000997909216
49.963618952862944
54.13468444393901
54.524008113285554
51.942212628087006
53.20458091893696
47.44885968497851
49.056608813402306
49.350536766159685
50.96384637204734
47.52982859998462
47.39021683690226
53.92359495428157
60.3631826217236
57.9134052705618
57.1686045897227
61.56969702114878
56.476045692632304
60.39442250801051
59.495529380311815
56.52683641290509
55.45432712549368
63.124331476394325
61.79019275035798
61.799118430675264
53.86116224564564
61.76023233966352
56.219862533095444
55.75925493126828
50.622639496269706
55.05604444535683
57.986504383836284
51.425170718204456
52.478808321475896
57.039081747971295
61.472601519166204
52.99326103238327
58.685584902192744
56.526656233643784
55.75110229148457
56.11017937814411
60.31436448476951
59.22104302137965
51.27700818809965
55.656469810968005
53.3372776349256
56.145872738607956
53.61777571441046
46.003865776976575
47.731055628803254
47.4535170566246
50.91197808070746
53.15023579951895
53.081653618498684
54.05040188958618
51.8388805090458
52.90507887337182
51.4185728158542
60.09397668323304
58.53974791117056
51.02636865595707
52.508826725956396
54.421969739719046
49.6693246654788
55.27956420308246
52.82298400257919
48.91170266050061
50.92943064330932
46.012976035834924
42.7225322504838
44.59904010437378
42.338076440075554
47.17230910625134
40.15476307229142
44.41236984759578
44.50435542715798
49.567883856489836
42.48310373815787
48.534833974204275
62.26002226482845
60.73602067319386
64.71298185960406
53.93087219568675
51.621093926790344
67.59077343157522
47.03552089709577
54.70693594719979
68.80046515080154
64.10819262328889
66.60943837834789
56.67491845019453
56.73699094896409
59.76482475178505
54.27411487613612
53.94340685100477
55.20255122977915
43.35946233072527
43.97210124849279
44.458716128581216
46.5701687016578
47.308013310558565
46.163752096785345
50.89435433542722
59.80881847330274
58.56130561634133
56.94511279594613
67.68081446563308
68.73485931567022
60.17455128748615
66.64187322768831
70.49710141563504
72.59362553191609
58.74846388888025
55.67592241272257
70.0719138242849
70.8610193368404
73.4629619561026
72.11195415487036
69.05257189221811
70.83220049588128
77.9622915424646
76.44312531602873
69.48704031055003
64.9318520099247
56.018985382064734
53.185933609960614
57.538728504885405
57.906013820005256
72.76147893429852
61.59977553936091
53.52387768869506
51.41401405476328
52.03965743942002
51.26808032331578
47.619429931175574
49.53334793509231
44.57822771581994
50.499129832586014
54.3443814678752
47.81662871186381
47.14267362131219
53.05201211959302
53.54645233358589
56.51667606145447
50.06211005278916
52.60000065896935
56.36603958821199
56.94690851866083
61.93742748712164
69.8437243312898
64.70919475208669
64.7702376952326
64.25632853479026
67.94921827655257
59.515517925226355
62.252002553382724
53.50575206040513
55.11982123939602
45.91076655673679
42.13700958069993
38.26187841839474
38.69030060003927
36.24549271231275
35.86153969836985
37.74537842339347
38.62865131633449
40.0784383156695
38.07284989082878
37.378026918113534
41.7629785451045
44.333827515248096
49.09977133300573
50.3860682722227
52.13591098611971
52.65536953195952
55.47595344549871
57.84815220767645
62.76190421696106
60.146915608345786
57.98865018507797
57.94380651566203
63.770470431438575
57.69055150989213
59.04745036963298
55.25806666607494
57.2047169665932
58.76610876668046
59.70688328568043
51.58771950300884
60.91344375209428
56.15212479472555
56.315758441375415
57.51414688027103
53.2495281916636
57.09059797774043
54.674590035302835
54.09539309464274
50.820731817592986
55.30638603521869
56.231635571613296
59.74560978681198
61.61356955086596
59.6636049368506
64.05276170526378
56.71463456743848
55.31630334430984
57.239698898829175
65.12461175180698
53.87972725588988
59.7979075695832
61.40004998688747
62.60484556299906
59.98810638907491
61.18722404498779
65.00110503642834
66.03292037929755
63.20156571801601
62.91616540084206
57.27740939939967
58.5924777121171
58.01454933703635
51.31241765106441
53.406388812144634
55.751981264303815
62.25773423364195
54.547283464892864
61.70451034393835
57.698164861622246
51.520034803481636
52.28084027182003
60.044027482407955
57.214078174409856
55.70097255742438
55.55348748077251
63.48384168199188
57.43926498305563
58.73575429874957
61.75639110424083
62.55002878473246
62.26788422718729
64.93746607226596
65.74052034596727
60.766438297512956
63.13791558905682
66.65535853904431
60.6522739473792
54.43920812374521
55.34208174768608
51.15857942945778
50.94228794851377
49.29720356089452
48.326108311318556
48.86364339627746
52.86770345473406
57.97415409452296
59.81040387289853
55.03996411177721
54.46003556626443
49.70694229550853
52.51409902412047
55.23180888354909
54.69845035957945
55.040649839262514
45.53955142434331
54.137270633162686
52.74601278291651
52.858765259898746
47.77356351800612
50.1696247304747
43.370723773406795
42.668690862731864
39.901442239709276
43.79139295794159
50.143725744141946
50.20225263578102
46.52082267072184
47.9733609731874
44.80831193526047
40.04389373307558
43.01980484019968
37.8786270875805
40.90914410626699
36.66563255069368
35.39341882331532
37.29175651254835
37.23866024506997
34.475695048765
38.486529355848425
42.99296602566292
45.10480264519161
39.98261072018813
37.42283814196377
29.519911566391727
35.53455795740687
33.76100987132266
27.925130366920563
29.857779598011174
31.252365295794178
27.148833244848856
23.287750677198776
21.90443955295146
26.6964000022224
23.19170464784713
23.302878596086465
21.800491540536807
19.883134668676266
23.232286499009295
21.09397445490753
18.89092251389532
27.557497237812274
27.55067487950579
19.51285391331844
23.08715397470909
17.40997585980601
21.43393051546644
19.011560516293542
15.331352182231976
16.915348473407942
17.16734598271197
16.107597376381705
16.011513308785133
17.965811348062623
16.279507924717837
16.824127098298817
16.4745159952096
15.634544805377363
15.035817385012022
18.330120441774017
20.019692485990138
18.444626731178623
18.819157288582943
17.50253854076839
12.907348300513092
13.439945116365234
16.218343600520964
13.374262863817409
15.5018396594652
12.525043761588611
14.51931175542168
13.439286617110257
13.757150481081325
12.283627188298599
10.820561396647218
11.176581847405469
15.967967727346887
13.669951816188794
13.411182797109136
14.537332675920842
11.307641371922342
12.664115504056
16.06474293667594
14.810552573473732
14.43992249047594
13.194999812316462
10.594873900351407
14.386073969284036
11.03635198036382
10.6637386509008
10.12761513529826
7.240937366031569
8.472646082183296
8.847290944148092
8.963695891005552
9.146712235097766
6.716224340127823
6.251828578407591
6.888118884081953
7.09759368199646
6.660850333498088
6.547681186883487
7.182398849105799
6.6509499621226755
6.45974096730732
7.017820408064506
6.39920315779547
8.347877102683194
6.684911869943146
6.924816750381901
6.8506487157407365
6.494237228461332
6.561773181656677
6.407810689905669
6.711606942783035
6.1135841003671665
6.041719965928843
6.620586443097207
6.482599169727395
6.395471851172205
6.732183686347373
6.304408625351762
6.599755635594686
6.342589995687755
6.796899817087181
6.473005343387548
6.005790006070503
6.514261110027267
6.1205996504565965
6.118266995146417
6.5295525756342
6.332118960344866
6.263199434700556
6.994399226485596
6.992222744501834
6.44916013733157
6.052726686463555
5.975589104500006
6.532040515008011
6.497960705238156
6.760377174054912
6.67817345857824
6.715301447064367
6.5935169600934715
6.1501987281294115
6.3986412162549335
6.955684098654829
6.263297892712808
6.9001268046586155
6.781269632530421
7.067693383238444
6.67815182514777
6.602572435818624
6.648232611293709
6.8519870103810785
6.566511822230701
6.45487175249213
6.855864623923998
6.76153475910729
6.252203230277275
7.2988248954896005
6.149218355789825
6.181127007528789
6.682312173413421
6.447716585413614
9.05858474863152
6.551683964092253
6.765459555854047
6.911040451005237
6.46068773017187
6.591743311693096
6.218650722240524
6.235260444436647
6.46786220054662
6.371633865663047
6.940301663528534
6.840922702920768
6.415865418427827
6.658371195222064
6.046706737976202
6.618709199676187
6.7222415814124075
6.400991723769327
6.9517275254726885
5.99378454879067
7.284275388898862
6.438303478936048
6.468418381814503
6.877409985547414
7.113481007813911
6.473439101953488
6.896764236442713
6.789955291343332
6.665944874718905
6.473724327725745
6.157361846778559
5.5777694322793705
5.5897851411622215
5.583870004761057
6.445073733379824
6.4172685761738535
5.857695203980113
5.949256644052011
6.648838956993155
6.567030057234397
6.716694651850124
5.294909900578771
6.487763109505257
6.350789700873574
6.02253537526397
6.427183411628841
5.796653341509032
5.616400787938984
6.510646656216883
5.560837872922851
8.496563915063255
8.613875218484093
8.673638212161325
9.733585647638057
9.923782263732313
9.617336938421994
8.887272764720901
8.82130394127381
9.1167820629894
9.147976872659353
9.484062720208728
9.416213343345778
8.426429115769789
8.517108534886518
8.460137982101616
9.572677854187308
8.757793752731502
9.963837601338538
9.018335304625571
8.905796864091796
9.055552208905404
9.413500053690521
9.436867050526843
9.730872295248858
9.139632441883956
8.620299060585921
9.095946234011997
8.329245214127148
8.8843715264197
9.624418173930225
9.439268924713188
9.39527025091716
9.415798321895641
9.500260877217855
9.49685916233276
9.227661300438488
9.245770595385999
9.145815064366738
9.360413706669235
9.587065955554001
9.373746384478311
9.679752531034755
9.269223266454809
8.536330082805064
7.984474462566511
8.44750078703173
9.1632222151905
9.160466854377757
8.84409892655674
9.174063648245767
9.655018938407515
9.191417565172056
9.095001920055731
8.779071277488205
9.460397810053353
9.118068417994348
9.541860124483817
9.551106756312983
9.200588764502335
9.625427361843238
8.97179187265606
8.878770565427146
9.207870311318986
9.661913405728761
9.28136008640261
6.994460586537317
9.037056306138709
9.071628385827815
8.517684760361528
9.22654448667554
9.319895042956043
9.563822756147538
9.406317350416945
8.970538617693302
9.561077075115323
9.583345039542431
9.735032865848673
9.144732980972158
9.25067746978598
8.818957936275712
9.475484091326813
9.128008551356453
9.151994867777832
9.194462133709486
9.06567281658197
9.229112341127262
9.639954487859297
9.139089401569517
9.441491223709725
9.300140898593042
8.855137092784048
8.957164824811423
8.909936005556316
9.42343287566204
9.38271397822608
9.50571761836075
9.191702930628267
10.491022591418684
9.496058879702463
10.658437930115273
9.754313147502183
10.098866164666285
9.521506062877236
9.286985466604925
10.452600261007182
9.418070751197165
9.399961270758745
9.663528060184394
9.706431199427955
9.649610686714512
9.693434119063982
10.090481564123829
9.918568313393218
9.535667659619527
9.752262937505298
9.484941150311577
10.316978635903812
9.447633970535195
9.284573511544504
9.181358377774764
9.901494663932391
9.563115537681798
9.629295188852431
9.079999593051234
9.679592720776128
9.151692143434573
9.21387281807537
9.03627563527886
9.173171943525249
10.048087541095635
9.3085165623075
8.96691580852309
9.849032886947471
9.39704267938177
9.684234104065782
9.785273081474681
9.450982031562976
9.588330989430618
9.443248210845683
8.995452002161217
9.737330078900607
9.335385434293594
9.086061819656647
9.33535346452175
10.284340518287134
9.297335502903772
9.040303857858927
9.577379447110498
9.614967239171278
9.915715616540451
9.107278491178604
9.32858917520442
9.621840330982657
8.915981551311344
9.478312694196493
9.102711130337179
9.34210884190757
8.621066180539957
9.390840623941498
8.771146603736435
8.99962744805823
9.104343334687298
9.372865140720933
8.79517085961166
8.371366262134913
5.587182493458642
5.869052919488074
5.340027212153735
6.317034262566023
5.916876127385251
6.538282167890232
6.423930689589546
5.821802906903983
6.195721586658443
5.665673452481396
5.569007462635521
5.656175193232049
5.935325442783036
5.727132797402239
6.469662678999214
6.117758855042579
6.081390836817617
6.277423095840544
5.908034938719349
5.481684619644899
5.511706632977031
5.658095562100723
5.698096891876659
5.67847369391802
5.741694988341853
6.48943108684498
5.723192838337596
5.814028353115759
5.78304824972536
5.40540976173011
6.096786610724097
5.246984409381418
6.464915661809386
5.824932977320791
5.724143375174127
6.305675048772492
6.257954145527355
5.521692362525063
5.589651618188321
6.0351951168014475
6.281367060118299
6.097876190572164
5.590445812369368
6.87344976953078
5.709900673023835
6.415143559193732
5.868351514648275
5.814337752127874
5.8514433945151625
5.888803790394997
6.201322740792655
5.634700015911911
5.8724378072324726
5.958593446017671
6.198653200878787
6.003950425621695
5.628124074386755
5.730000979941361
5.8534725340940295
6.1525536912646155
5.957845073468735
6.438681756192562
5.412828624805108
5.613086579638126
5.76292980757414
5.651345307851178
5.479457568161002
5.577859122901133
6.0002712130071645
5.933410567823218
5.821634406430247
5.691775004091879
6.0628569467578695
5.8922581735829995
5.892559518690277
5.570586810659287
5.6858314050057
5.549549275490447
5.6441264610957145
5.919643741054279
5.862819937956716
6.272427077108879
6.252111415705097
5.798027459784679
6.170289273398413
6.174439482604826
9.210903850706497
8.456223147706751
7.353042981374489
9.237104651403445
6.133145006857953
7.9212315861585925
5.986009176007727
7.0403055543548785
5.783677919263098
5.830922554181057
5.905488439557774
5.608717106208185
6.462486576351061
5.917926842889369
5.499424302911477
5.907987311438535
5.598559377596296
5.771348684225311
5.66290337043049
5.548009921672098
5.561713929512767
5.533766383328286
5.991104730357517
5.798533659624527
5.740713552255599
5.993495889943266
6.086484775085643
6.048205242532904
6.993327664288838
5.686657266125115
6.0356767849146795
6.08713079558994
5.758416333926799
6.447312911580624
5.382235787394029
5.673617561727291
6.172506949902221
6.102688963384879
5.887815646230245
6.144467169270694
6.085650809334977
5.656628768487336
5.908359151354602
5.8230714768315845
5.548807852281958
5.208731311324343
6.133260144698575
6.425826896742727
8.023271760218906
5.8914446593020315
8.714618547141873
8.767985739136952
9.483830758681451
8.65403927916878
9.084538685850504
8.925111014347959
8.51034658717619
8.01352448064895
9.891132372523971
9.48292883368664
9.451586981420212
9.08270151963477
9.101995622614131
8.988127466507185
9.405388391574995
9.299223034891604
9.041735731489617
8.980991391322476
8.453643175656612
7.46513541461452
6.8704753537426875
8.139367880390134
6.63704798324465
6.690280728501274
8.87964856804729
9.066862521021207
9.561211887000798
9.635411240363156
9.56119695537777
9.315474882893447
9.069041467239671
9.655776181286285
8.9109338792305
9.44460766285932
9.760155446209648
9.250915754335878
6.423201459726664
6.810663459031407
6.579988343397421
6.7796084196421695
6.986159414421659
6.741729770591899
6.2814671399501485
8.179691546426579
6.934563790162569
6.327094224357109
6.655102797077817
6.803452661935472
6.865969129170464
8.477665912602617
6.417137689263899
7.374133860057778
6.855044209828053
6.442731683019361
6.575577119507042
7.038206368061726
6.362619347459823
5.771045130761764
6.083045570037819
